data/entities/Measures_ponds_retain_2030/CaseDifferenceDuration_fraction.asc
ncols         98 
nrows         130 
xllcorner     530385.4375 
yllcorner     504074.10385949 
cellsize      100 
NODATA_value -9999 
[rows 41 to 81 of 130, columns 0 to 91 of 98]
1 0.80952 1 0.97561 0.975 0.97727 1 0.97619 0.975 0.95349 0.94872 0.95238 0.92 0.52381 0.98851 0.98864 1 0.75676 1 0.98824 1 0.98824 0.97674 0.95652 0.95 1 1 0.9375 1 0.97619 0.94872 0.95238 0.6 1 0.625 0.91304 1 1 1 0.75676 1 0.625 1 1 1 0.9375 1 1 1 1 1 1 0.6 0.6 1 1 0.64706 0.75862 0.95455 1 0.97436 0.78378 1 0.95 1 1 1 1 1 1 1 1 0.88889 1 0.84211 0.84211 0.84211 0.5 1 1 1 0.8 0.71429 1 1 1 1 1 0.6 0.6 0.6 0.85714
1 0.98824 1 1 1 1 1 0.97619 0.97619 0.89286 0.84211 0.66667 0.53333 1 1 1 0.98864 0.98864 0.98864 0.98876 1 1 0.98876 0.98864 1 0.94872 0.89286 0.89286 0.97561 0.52381 1 1 1 1 1 1 1 0.95238 0.95349 1 1 1 1 0.6 0.6 0.625 0.625 0.91304 1 1 0.98507 0.94737 0.6 0.6 1 0.97561 0.64706 0.97561 0.94872 0.85714 0.78378 0.78378 0.78378 0.78378 0.95238 1 0 1 1 1 1 0.5 0.88 0.95 0.9375 0.625 0.75 1 1 1 0.6 1 1 1 0.6 0.53333 1 0.6 0.6 0.6 0.6 0.6
1 1 0.89286 0.97561 0.97674 0.97727 0.95349 0.975 0.94872 1 1 1 1 1 0.75676 1 0.98837 1 0.98876 1 0.9902 1 1 1 0.98837 1 0.97674 0.64706 0.80952 1 0.92 0.33333 1 1 1 1 1 1 1 0.53333 0.6 1 1 0.78947 0.9375 1 1 1 0.625 1 0.8 1 1 0.6 1 1 1 0.96552 0.90476 0.90476 0.95455 0.96552 0.78378 0.94872 0.95238 0.78378 1 1 0.6 0.6 1 1 1 0.72093 1 1 1 1 1 0 0.33333 1 0.6 1 0.90476 0.89286 0.88889 0.6 0.6 0.6 0.6 0.6
1 1 1 0.97727 0.97619 0.97436 0.96552 0.91304 0 1 0.5625 1 1 0.975 1 0.97674 1 1 0.98864 1 1 1 1 0.98837 0.98824 1 1 0.52381 0.97727 0.52381 0.97619 0.76316 0.64706 0.95238 1 1 1 1 0.33333 0.625 0.9375 0.92 1 0.92 0.97368 1 1 1 1 1 0 0.6 1 0.6 1 0.97561 1 0.95833 0.625 1 0.9375 0.89286 0.78378 0.78378 0.95238 0.97436 0.89286 1 1 0.84211 1 1 0 0 0.5 1 1 1 1 0.5 0.6 1 0.33333 1 0.8 1 0.90476 0.6 0.6 0.6 0.6 0.6
1 0.98837 1 1 1 1 0.97674 0.89286 1 0.95 0.97561 0.98851 1 0.98851 0.98864 0.98851 0.98864 0.98876 0.98837 1 0.80952 0.94872 0.92 0.75862 0.91304 0.84211 1 1 0.75676 0.97619 0.97727 0.97619 1 1 1 1 1 0 0.95238 0.95652 0.91304 0.95833 1 1 1 0.66667 0.5 1 1 1 1 1 1 0.6 1 0.97561 1 0.96552 1 0.625 0.88889 1 1 0.96552 0.78378 0.78378 0.78378 0.95833 0.95455 1 1 0.6 0.6 1 1 1 1 1 1 1 1 1 1 1 1 1 1 0.6 0.6 0.6 0.6 0.6
1 0.98864 0.98824 0.98837 0.98864 0.88119 1 0.98837 0.98864 1 0.97727 1 1 1 0.98864 1 0.98876 0.98876 1 0.92 1 1 1 1 1 1 1 1 0.89286 0.97727 0.95349 0.97561 0.96552 0.9375 1 1 1 1 0.92 0.95652 0.9375 1 0.5 0.95238 1 0.92 0.9375 1 1 1 1 1 1 0.6 1 1 1 1 0.83784 0.96 0.84211 0.6 0.6 0.90476 0.96552 0.78378 0.78378 0.96552 1 0.95833 0.95833 1 0.6 0.6 1 1 1 1 1 0.66667 1 1 1 1 1 0.6 0.6 0.6 0.6 0.6 0.6 0.6
1 0.98851 1 0.98864 1 0.88119 1 1 0.98876 1 1 1 0.89286 1 0.98851 1 0.98864 0.98851 0.80952 0.92 1 0 0.9375 0.64706 1 1 0.625 1 1 1 0.97619 0.97674 0.75862 1 1 1 1 0.9375 0.76316 0.92 0.6 1 1 0.33333 0.95833 0.53333 1 1 1 0.27273 1 1 1 1 1 0.95652 1 0.95455 1 0.94872 1 0.84211 0.625 0.95455 0.89286 0.78378 0.78378 0.78378 0.85714 1 0.95652 0.6 0.6 0.6 1 1 1 1 0.33333 0.95455 1 1 1 1 1 0.6 0.6 0.6 0.6 0.6 0.6 0.6
1 0.98824 1 0.98864 1 1 1 1 1 0.98837 1 0.97727 0.97674 1 1 0.98837 0.98824 1 1 1 1 1 0.98824 0.98824 1 0.76316 1 0.84211 0.92 0.975 0.97674 0.97727 0.52381 0.96552 0.84211 1 1 0.95238 0.95349 1 1 1 1 1 1 1 1 1 1 1 1 1 1 1 0.6 1 0.90476 0.53333 0.96 1 0.97436 1 1 0.89286 0.96552 0.93548 0.96552 1 1 1 0.6 0.6 0.6 0.6 1 1 1 0.95833 0.91304 0.91304 0.91304 1 1 1 1 0.6 0.6 0.6 0.6 0.6 0.6 0.6
1 1 1 1 1 0.98876 1 1 1 0.98876 0.98864 0.98851 1 0.975 0.95652 1 0.52381 1 1 0.98824 1 0.98851 0.98837 0.98851 1 0.74138 1 0.95455 0.92 0.97674 0.97727 0.97674 0.97561 0.96552 1 0.95 0.95238 1 0.625 1 1 1 1 1 1 1 1 1 1 1 1 1 1 1 1 0.6 1 0.6 1 1 1 1 0.94872 0.78378 0.78378 0.78378 0.78378 0.96552 1 0.6 0.6 0.6 0.6 1 1 1 0.91304 0.91304 0.91304 0.91304 0.91304 0.6 0.6 1 1 0.6 0.6 0.6 0.6 0.6 0.6 0.6
1 1 0.97727 0.975 1 0.96552 0.89286 0.97727 1 0.98851 0.98864 0.98864 1 0.96552 0.53333 1 0.97674 1 1 0.97674 0.975 0.97727 1 0.98837 1 1 0.89286 0 0.95455 0.97561 0.97727 1 0.97619 0.94872 0.89286 1 0.95238 0.625 0 1 1 1 1 1 1 1 1 1 1 1 1 1 1 1 1 1 1 0.6 1 0.95455 1 1 0.97561 0.975 0.94872 1 0.78378 0.96552 1 0.6 0.6 0.6 0.6 0.6 0.6 0.6 0.6 0.53333 0.91304 0.91304 0.91304 0.6 0.6 0.6 0.6 0.6 0.6 0.6 0.6 0.6 0.6 0.8
1 0.97727 0.98851 0.97727 1 1 0.625 0.76316 1 1 0.98824 0.98864 1 0.97727 0.97727 0.52381 1 0.98824 0.97727 1 0 1 0.97727 0.98864 0.98851 0.98824 1 0.975 0.97561 1 0.97674 0.89286 0.90476 1 1 1 0.6 1 1 1 1 1 1 1 1 1 1 1 0.6 0.91304 0.53333 1 1 0.6 1 1 1 1 0.625 1 1 1 0.97619 0.97561 0.975 0.94872 0.78378 0.95833 1 0.6 0.6 0.6 0.6 0.6 0.6 0.6 0.6 0.6 0.53333 0.91304 0.91304 0.6 0.6 0.6 0.6 0.6 0.6 0.6 0.6 0.6 0.6 0.95238
1 1 0.97561 1 0.95 0 1 0.95349 1 1 0.52381 1 1 0.97674 1 1 1 1 0.975 0.91304 0.625 0.92 0.80952 0.98837 0.98864 0.98864 0.98851 1 1 0.52381 0.975 0.92 0 1 0.53333 1 1 1 1 1 1 1 1 0.75 0.875 0.95 1 0.975 1 1 1 0.5 1 0.6 1 1 1 0.6 1 1 0.97561 0.97619 1 0.97619 0.97561 0.97436 0.96552 1 0.9375 0.6 0.6 0.6 0.6 0.6 0.6 0.6 0.6 0.6 0.8 0.91304 0.91304 0.6 0.6 0.6 0.6 0.6 0.6 0.6 0.6 0.6 0.6 0.95652
1 1 1 0.84211 0.95238 0.92 0.95122 1 1 1 1 1 0.97561 1 0.89286 0.90476 0.53333 1 0.66667 0.90476 0.74359 0.97727 1 0.98876 0.98876 0.98876 0.88119 1 0.98824 0.64706 0.97727 0.95349 1 1 0.84211 1 0.75 0.91304 0.97727 0.91304 0.96 0.97727 0.74359 0.92 1 0.92 0.975 1 1 1 1 0.91304 0 0.6 0.6 0.6 1 1 0.96 1 0.97619 0.97674 0.97674 0.97619 0.97561 0.97436 1 1 0.6 0.6 0.6 0.6 0.6 0.6 0.6 0.6 0.6 0.6 0.625 0.91304 0.91304 0.6 0.6 0.6 0.6 0.6 0.6 0.6 0.6 0.6 0.6 1
1 1 0.5625 1 0.95122 1 1 1 1 1 0.98824 0.98864 0.64706 1 1 1 1 1 1 0.89286 1 0.52381 1 1 0.98864 1 1 1 0.98837 1 1 1 0.52381 0.97727 0.94872 0.97561 0.975 1 0.98864 0.98851 1 1 1 1 1 1 0.94872 1 0.80952 1 0.64706 1 0.95238 0.75 0.53333 0.6 0.88889 1 1 1 0.97674 0.97674 0.97674 0.97619 0.97561 0.97436 0.89286 1 0.88889 0.6 0.6 0.6 0.6 0.6 0.6 0.6 0.6 0.6 0.90476 0.91304 1 0.6 0.6 0.6 0.6 0.6 0.6 0.6 0.6 0.6 0.6 1
1 1 0.94872 0.975 0.97674 0.97674 0.97619 0.97727 0.95455 0.97561 1 1 0.97727 0.95238 1 1 0.89286 0.98837 1 0.98824 1 0.64706 1 0.98824 0.98851 1 0.98876 1 1 1 1 1 0.98864 1 1 0.84211 1 1 0.98837 0.98864 0.98864 1 0.98837 1 1 1 1 1 1 0.98824 1 1 0.97561 0.75676 1 0.84211 0.95652 1 1 0.97674 0.97674 0.97674 0.97674 0.97619 0.97619 1 0.89286 1 0.625 0.6 0.6 0.6 0.6 0.6 0.6 0.6 0.6 0.625 0.91304 0.91304 0.90476 0.6 0.6 0.6 0.6 0.6 0.6 0.6 0.6 0.6 0.6 1
1 1 0.97727 1 1 1 1 0.98824 0.98876 1 1 0.98837 0.98824 1 1 1 0.98851 0.88119 1 1 1 0.98837 1 1 1 1 1 1 1 0.875 1 1 0.98864 0.97674 0.71429 1 1 0.90476 1 1 1 0.98876 1 0.80952 1 0.975 1 0.98864 0.98851 1 1 1 1 0.96 0.53333 0 0.95833 0.96552 1 0.97674 1 1 1 0.97619 0.97619 0.97561 0.85714 0.90476 1 0.6 0.6 0.6 0.6 0.6 0.6 0.6 0.6 0.84211 0.91304 0.91304 0.90476 0.6 0.6 0.6 0.6 0.6 0.6 0.6 0.6 0.6 0.8 1
1 0.88119 1 0.88119 1 1 1 1 0.98864 0.98851 0.98837 0.98864 0.98851 0.98851 0.98876 0.98876 0.98876 1 1 0.88119 0.89109 1 0.95122 0.89286 1 1 0.88119 1 0.98824 1 0.52381 0.80952 0.98837 0.97619 0.9375 1 1 1 1 0.98851 0.98851 1 0.98824 0.80952 0.52381 0.97727 0.98824 0.98851 1 0.97727 1 1 1 1 1 0.875 0.96552 0.96552 1 0.97619 0.97619 0.97619 0.97619 0.97619 0.97619 0.975 1 1 0.8 0.6 0.6 0.6 0.6 0.6 0.6 0.6 0.6 1 0.91304 0.91304 0.9375 0.6 0.6 0.6 0.6 0.6 0.6 0.6 0.6 0.6 0.75 1
1 1 0.88119 1 1 1 0.88119 0.98851 1 1 1 0.52381 1 1 1 1 0.98851 1 0.98864 1 0.98876 1 0.975 0.90476 0.98837 1 1 0.98864 0.98864 1 1 1 1 0.95 0.95 0 1 1 1 0.98837 1 0.98837 1 1 0.89286 0.75676 0.64706 1 0.52381 0.97561 0.95 1 1 1 1 0.95652 1 0.96552 1 1 0.97619 0.97619 0.97619 0.97619 0.97619 0.975 0.95833 1 0.625 0.6 0.6 0.6 0.6 0.6 0.6 0.6 0.6 0.6 0.57143 1 0.6 0.6 0.6 0.6 0.6 0.6 0.6 0.6 0.6 0.6 0.57143 1
1 0.98876 0.98864 1 1 1 0.98851 1 0.52381 0.97561 0.75676 1 0.89286 1 0.69048 0.52381 0.95349 0.96552 0.97619 1 0.98851 0.98837 1 0.98837 0.98837 0.98837 1 1 0.98837 0.98864 1 1 0.95 0.95 0.91304 0.75676 0.84211 0.89286 1 0.80952 0.97561 0.97727 0.92 1 0.5 0.95 0.89286 0.97619 1 1 0.52381 0.6 1 1 1 1 1 0.95455 0.97561 1 0.97619 0.97619 0.97619 0.97619 0.97619 1 1 1 0.625 0.6 0.6 0.6 0.6 0.6 0.6 0.6 0.6 0.6 0.6 0.6 0.6 0.6 0.6 0.6 0.6 0.6 0.6 0.6 0.6 0.6 0.6 1
1 0.98864 1 1 0.95349 1 0.89286 0.975 0.95349 0.97561 0.97436 1 1 1 0.52381 0.74138 0.97561 0.92 0.95833 1 0.89286 1 1 1 1 1 1 0.64706 0.97561 1 0.89286 0.95652 0.975 1 0.92 0.975 0.975 0.92 0.92 1 1 1 1 0.6 0.9375 0.89286 0.95349 1 1 0.98837 1 0.95 1 1 1 1 1 0.84211 0.97561 1 0.97619 0.97619 0.97619 0.97619 0.97619 0.97561 0.96 0.90476 1 0.6 0.6 0.6 0.6 0.6 0.6 0.6 0.6 0.6 0.6 0.6 0.6 0.6 0.6 0.6 0.6 0.6 0.6 0.6 0.6 0.6 0.6 0.6
1 0.98837 0.98824 1 0.94872 0.5 0.96 1 0.97674 0.97727 0.97727 1 1 1 1 0.98824 1 1 0.975 0.84211 1 1 0.90476 0.95349 0.80952 1 0.69048 0.5625 1 1 1 1 1 1 1 1 0.6 1 1 1 1 1 0.33333 0.90476 0.97619 0.97727 1 0.98824 1 1 0.95349 0.53333 1 1 1 1 0 1 0.96552 1 1 0.97619 0.97619 0.97619 0.97619 0.97561 0.96 0.90476 0.53333 0.6 0.6 0.6 0.6 0.6 0.6 0.6 0.6 0.6 0.6 0.6 0.6 0.6 0.6 0.6 0.6 0.6 0.6 0.6 0.6 0.6 0.6 0.6
1 0.98824 1 0.52381 0.97619 0.95349 0.97674 0.97727 0.52381 1 1 1 1 1 0.98864 0.98837 1 0.97727 0.78378 0.89286 0.95349 0.95652 0.92 0.97674 0.94872 0.95652 1 1 1 1 1 1 0.95833 0.95652 0.9375 0.53333 0.5 0.9375 0.84211 1 1 1 0.875 1 0.94872 0.95455 0.89286 0.97727 1 0.97674 1 1 1 1 1 0 1 0.95833 0.74359 0.74359 1 0.97619 0.97619 0.97619 0.97619 0.97561 0.96 1 1 0.6 0.6 0.6 0.6 0.6 0.6 0.6 0.6 0.6 0.6 0.6 0.6 0.6 0.6 0.6 0.6 0.6 0.6 0.6 0.6 0.6 0.6 0.57143
1 0.98824 0.97727 0.97561 0.95349 0.97727 0.52381 1 1 1 1 1 1 0.98851 0.98876 0.98837 0.52381 0.94872 0.89286 0.97619 0.98837 0.97727 0.89286 0.9375 0.95833 0.96 1 1 1 0.88889 0.84211 1 0.96 0.95652 0.96 0.96552 0.76316 0.97561 0.95122 1 1 1 0 0.66667 1 1 0.53333 0.92 0.94872 0.975 0.95652 1 1 1 1 0.95833 1 1 1 0.97727 1 0.97619 0.97619 0.97619 0.97619 0.97561 0.96 1 1 0.625 0.6 0.6 0.6 0.6 0.6 0.6 0.6 0.6 0.6 0.6 0.6 0.6 0.6 0.6 0.6 0.6 0.6 0.6 0.6 0.6 0.6 0.85714
1 0.98837 1 1 0.97727 0.69048 1 1 1 1 1 0.98824 1 1 1 1 0.78378 0.95 1 0.76316 1 0.97674 0.96 0.53333 1 0.97674 1 0.52381 0.78378 0.95652 0.95833 0.95652 1 1 0.95455 0.95833 1 0.96552 0.96552 1 0.6 1 0.90476 1 1 1 0.53333 0.95833 1 1 0.90476 0.33333 1 1 1 0.78378 1 1 1 1 1 1 0.97619 0.97619 0.97619 0.97561 0.95833 1 1 0.8 0.6 0.6 0.6 0.6 0.6 0.6 0.6 0.6 0.6 0.6 0.6 0.6 0.6 0.6 0.6 0.6 0.6 0.6 0.6 0.6 0.6 0.85714
1 0.98837 1 1 1 1 1 0.98824 0.98824 1 1 0.96 0.96 0.96 0.92593 1 0.5 1 1 1 1 1 0.52381 1 1 1 0.98851 1 0.975 0.90476 0.95455 0.78378 1 1 1 0.66667 1 0.95833 1 0.96429 1 0.9375 0.5 1 1 0.8 0.95833 0.95349 0.85714 0.84211 0.95238 1 0.95238 0.6 0.90476 0.95349 1 1 0.98837 1 1 1 0.97619 0.97619 0.97619 0.975 1 1 0.8 0.6 0.6 0.6 0.6 0.6 0.6 0.6 0.6 0.6 0.6 0.6 0.6 0.6 0.6 0.6 0.6 0.6 0.6 0.6 0.6 0.6 0.6 0.85714
1 1 1 1 0.98824 1 1 1 1 1 1 0.78378 0.95652 1 1 0 0.9375 0.95652 0.94872 0.95349 1 1 1 1 0.98824 0.98837 0.98851 1 1 0.97727 1 0.97674 1 0.52381 0.78378 1 0.90476 1 1 0.975 1 1 1 0.6 1 1 1 1 0.78378 0.84211 1 1 1 0.6 1 0.95455 1 1 0.98837 1 1 1 0.97561 0.97619 0.97619 0.975 1 0.6 0.6 0.6 0.6 0.6 0.6 0.6 0.6 0.6 0.6 0.6 0.6 0.6 0.6 0.6 0.6 0.6 0.6 0.6 0.6 0.6 0.6 0.6 0.6 0.8
1 1 1 1 0.98824 0.98824 0.98824 1 1 0.98864 1 1 0.80952 0.94872 0.88235 0.5 0.96 1 1 1 1 1 0.52381 1 1 1 0.98864 0.98837 0.98837 0.98851 0.98837 1 1 1 0.95349 0.95349 0.95652 0.95652 1 1 1 0.975 1 0.71429 0.71429 1 0.52381 1 1 1 0.94872 0.6 1 1 1 0.6 0.90476 0.95122 0.98837 0.98837 1 1 0.975 0.97561 0.97619 0.94872 0.9375 0.6 0.6 0.6 0.6 0.6 0.6 0.6 0.6 0.6 0.6 0.6 0.6 0.6 0.6 0.6 0.6 0.6 0.6 0.6 0.6 0.6 0.6 0.6 0.33333 0.96154
1 1 1 0.98824 0.98824 1 1 1 0.98851 1 0.98837 1 0.98837 1 1 0.64706 1 1 0.98824 1 1 1 1 1 0.64706 1 1 1 1 0.98824 0.98824 1 0.98824 1 1 0.95455 1 0.95833 1 1 0.89286 0.625 0.95455 0.95833 0.96552 1 0.98824 0.98876 0.98864 0.98837 0.97727 0.625 1 1 1 0.53333 0.78378 0.97727 0.98837 0.98851 1 1 1 0.97561 1 0.97368 1 0.6 0.6 0.6 0.6 0.6 0.6 0.6 0.6 0.6 0.6 0.6 0.6 0.6 0.6 0.6 0.6 0.6 1 0.6 0.6 0.6 1 0 1 1
1 1 0.98837 1 1 0.98824 1 0.98837 0.98837 1 1 0.98837 0.98851 1 1 0.98876 1 1 1 1 0.98876 0.98851 0.98824 1 1 1 1 0.85714 1 0.97727 1 1 1 0.52381 1 1 1 1 0.52381 0.98824 0.98824 0.98851 0.98824 1 1 0.95122 1 1 0.98864 1 0.98824 1 1 1 1 1 1 0.80952 0.98837 0.98851 1 1 1 0.975 1 0.78378 1 0.6 0.6 0.6 0.6 0.6 0.6 0.6 0.6 0.6 0.6 0.6 0.6 0.6 0.8 0.6 0.6 0.6 1 1 0.6 1 1 1 1 1
1 1 1 1 1 1 0.98824 0.98851 0.98851 1 1 1 1 0.98864 0.88119 1 1 1 0.98876 0.98876 1 0.98837 1 1 0.97674 0.96552 1 0.53333 1 0.5 0.88889 1 1 0.52381 1 0.98851 0.98851 0.98851 0.98851 1 1 0.89216 0.98876 0.98824 0.91667 0.8 0.78378 0.98824 1 1 1 0.95122 1 1 0.95833 0.95122 1 1 0.98824 0.98851 1 1 1 0.975 0.97561 1 1 0.6 0.6 0.6 0.6 0.6 0.6 0.6 0.6 0.6 0.6 0.6 0.6 0.6 0.6 0.6 0.6 0.6 1 1 1 1 1 1 1 1
1 1 1 1 1 1 1 0.98837 1 1 0.94872 1 1 1 1 1 1 0.98837 0.98864 0.98864 0.98837 0.98851 1 0.98824 0.975 1 0.75 0.6 0 1 1 0.53333 0.94872 1 0.74359 1 0.98824 0.98851 0.98864 1 1 1 0.98864 1 1 1 0.975 0.98824 1 0.98851 0.98864 1 0.98824 1 1 1 0.98837 1 1 0.98824 0.64706 1 1 0.975 1 1 0.88889 0.6 0.6 0.6 0.6 0.6 0.6 0.6 0.6 0.6 0.6 0.6 0.6 0.6 0.6 0.6 0.6 0.6 1 1 1 1 1 1 1 1
1 1 1 1 1 1 1 1 0.98864 1 0.76316 0.89286 0.94872 1 0.98876 1 1 1 1 0.98851 1 1 0.98851 0.98837 0.78378 0.89286 0.89286 0.85714 0.95833 1 0.97561 1 0.98824 1 1 1 0.98824 1 1 0.98837 1 0.98876 0.98837 1 1 1 1 0.97727 1 0.98837 1 0.98851 0.98864 0.98837 1 0.97727 0.98837 1 1 0.98824 0.52381 1 1 0.975 0.97561 0.95833 0.9375 0.6 0.6 0.6 0.6 0.6 0.6 0.6 0.6 0.6 0.6 0.6 0.8 0.8 0.6 0.6 0.6 1 1 1 1 1 1 1 1 1
1 1 1 1 1 0.75862 0.52381 1 0.98864 0.98824 1 1 0.78378 1 1 0.98851 1 0.78378 0.52381 0.98837 1 0.98876 0.98837 1 0.97561 1 1 1 0.98837 1 0.98864 0.98851 1 1 1 0.98876 0.98864 0.98837 1 0.98851 1 0.98876 0.98837 1 1 0.95349 0.97561 0.95349 1 0.98851 0.98864 1 1 1 0.98864 1 0.98864 0.98837 0.98837 1 0.52381 1 1 0.975 0.97561 0.85714 1 0.6 0.6 0.6 0.6 0.6 0.6 0.6 0.6 0.6 0.6 0.8 0.8 0.8 0.8 0.8 0.6 1 1 1 1 1 1 1 1 1
1 1 1 1 1 0.95349 1 0.97727 1 1 1 0.95122 0.95122 1 0.98837 0.98851 0.98824 0.97727 1 0.98824 1 0.98837 1 0.98824 1 0.98824 1 1 0.98851 1 1 0.98876 0.9902 0.98889 1 1 0.98876 0.98876 0.98876 1 1 0.98876 1 1 1 1 0.97727 0.52381 1 1 1 0.98876 1 1 0.98851 0.98824 1 1 0.98824 0.98824 0.74138 0.97727 1 0.975 1 0.78378 1 0.6 0.6 0.6 0.6 0.6 0.6 0.6 0.6 0.6 0.6 0.8 0.8 0.8 0.8 0.8 0.6 1 1 1 1 1 1 1 1 1
1 1 1 1 1 0.95349 0.97561 0.97561 1 1 1 1 1 1 1 0.98876 0.98851 0.98837 1 0.95349 0.97561 1 1 0.98824 0.98837 1 0.98851 0.98864 0.98864 0.98864 0.98876 1 1 1 1 1 1 1 1 1 1 1 1 0.98876 0.98864 0.98864 0.98864 0.98864 1 1 1 0.98824 0.98864 1 1 1 1 0.97727 0.97727 1 1 0.97561 1 0.94872 0.975 0.975 0.95455 0.6 0.6 0.6 0.625 0.88889 0.6 0.6 0.6 0.6 0.6 0.8 0.8 0.8 0.625 0.8 0.6 1 1 1 1 1 1 1 1 1
1 1 1 1 1 0.97727 1 0.76316 1 0.97727 1 0.98864 0.98876 1 0.89109 1 1 0.98837 0.75862 1 1 0.96552 1 0.98876 0.98876 1 1 0.98876 0.98864 0.98864 1 1 0.98901 0.98901 0.90099 1 1 1 1 1 1 0.90099 1 0.98889 1 1 1 1 1 0.96552 1 1 0.98824 0.98851 1 1 0.52381 1 0.78378 1 1 0.85714 1 0.96552 0.97436 0.975 1 0.6 0.6 0.6 0.84211 0.84211 0.88889 0.6 0.6 0.6 0.6 0.6 0.8 0.55556 0.33333 0.8 1 1 1 1 1 1 1 1 1 1
1 1 1 1 1 1 0.78378 1 1 1 1 1 0.98876 1 1 1 0.98864 1 1 1 1 0.97727 0.98837 0.98889 1 1 1 0.98851 1 0.98864 1 1 0.98889 0.98901 0.89109 0.90099 0.9902 1 1 1 1 1 0.90099 1 0.98889 1 1 0.98851 1 0.98824 1 1 1 0.98851 0.98824 1 1 0.89286 1 1 0.84211 1 1 1 0.78378 1 1 0.6 0.6 0.6 0.84211 0.84211 0.625 0.6 0.6 0.6 0.6 0.6 0.6 0.55556 0.625 0.6 1 1 1 1 1 1 1 1 1 1
1 1 1 1 1 0.98824 0.78378 0.85714 1 0.53333 0.975 1 0.98876 1 1 1 1 1 0.98824 0.98824 0.98837 0.98851 1 1 0.98876 0.98864 1 0.71429 0.76316 0.98876 1 1 0.98889 1 1 0.9902 1 1 0.89216 0.98901 0.9902 1 0.98901 0.98889 1 1 1 0.98837 0.98864 1 1 1 0.98876 0.98837 0.64706 0.94872 0.97436 1 0.6 0.6 0.6 0.6 1 1 1 1 1 0.6 0.6 0.6 0.84211 0.84211 0.6 0.6 0.6 0.6 0.6 0.6 0.6 0.625 0.5 0.6 1 0.8 1 1 1 1 1 1 1 1
1 1 1 1 1 1 1 1 1 0.95 0.78378 0.98876 0.98851 0.98864 1 0.98851 0.98837 1 0.98837 0.98851 1 1 1 1 0.98824 0.98837 1 1 0.52381 1 0.98851 0.98851 1 1 1 1 0.74138 1 1 0.98864 1 1 1 1 1 0.98864 0.98837 0.98824 1 1 1 1 1 1 0.85714 0.71429 1 1 0.6 0.6 0.6 0.6 1 1 0.96 1 1 0.6 0.6 0.6 0.84211 0.84211 0.6 0.6 0.6 0.6 0.6 0.6 0.6 0.8 0.6 0.6 1 1 1 1 1 1 1 1 1 1
1 1 1 1 1 1 0.97674 0.95833 1 1 0.95833 1 0.97727 1 0.98837 1 0.98837 0.98837 0.98851 0.98864 0.98876 0.98824 0.97727 0.89286 0.95349 1 0.98864 1 0.95349 0.85714 0.95455 1 0.66667 1 0.85714 0.53333 1 0.97727 0.98824 0.98864 0.98876 1 0.98876 1 0.98864 1 1 0.98824 0.97727 0.85714 1 0.74359 1 1 1 1 1 1 0.6 0.6 0.6 0.6 0.53333 1 1 1 1 0.6 0.6 0.6 0.84211 0.84211 0.8 0.6 0.6 0.6 0.6 0.6 0.6 0.6 0.6 1 1 1 1 1 1 1 1 1 1 1
1 1 1 1 1 1 1 0.95833 0.78378 0.80556 0.97436 0.92857 0.95349 1 0.98864 0.98864 0.98851 1 0.98837 0.98851 0.98837 0.98824 0.64706 1 0.95349 1 1 0.97727 0.95349 0.975 0.96552 0.6 1 1 1 0.52381 1 0.98864 1 0.90099 0.98889 1 0.98876 1 0.98864 0.98851 1 0.98824 1 0.52381 1 0.95349 1 0.97561 0.96552 0.94872 1 1 0.6 0.6 0.6 0.6 0.625 0.78947 1 0.975 1 0.6 0.6 0.6 0.84211 0.84211 0.625 0.6 0.6 0.6 0.6 0.6 0.6 0.6 0.6 1 1 1 1 1 1 1 1 1 1 1
