data/entities/Measures_ponds_retain_2030/CaseDifferenceDepth_m.asc
ncols         98 
nrows         130 
xllcorner     530385.4375 
yllcorner     504074.10385949 
cellsize      100 
NODATA_value -9999 
[rows 0 to 32 of 130, columns 0 to 75 of 98]
-9999 -9999 -9999 -9999 -9999 -9999 -9999 -9999 -9999 -9999 -9999 -9999 -9999 -9999 -9999 -9999 -9999 -9999 -9999 -9999 -9999 -9999 -9999 -9999 -9999 -9999 -9999 -9999 -9999 -9999 -9999 -9999 -9999 -9999 -9999 -9999 -9999 -9999 -9999 -9999 -9999 -9999 -9999 -9999 -9999 -9999 -9999 -9999 -9999 -9999 -9999 -9999 -9999 -9999 -9999 -9999 -9999 -9999 -9999 -9999 -9999 -9999 -9999 -9999 -9999 -9999 -9999 -9999 -9999 -9999 -9999 -9999 -9999 -9999 -9999 -9999
-9999 -9999 -9999 -9999 -9999 -9999 -9999 -9999 -9999 -9999 -9999 -9999 -9999 -9999 -9999 -9999 -9999 -9999 -9999 -9999 -9999 -9999 -9999 -9999 -0.0202 -0.0201 -0.0202 -0.0202 -0.0202 -0.0202 -0.0202 -0.0202 -0.0202 -0.0202 -0.0202 -0.0201 -0.0201 -0.0201 -0.0201 -9999 -9999 -9999 -9999 -9999 -9999 -9999 -9999 -9999 -9999 -9999 -9999 -9999 -9999 -9999 -9999 -9999 -9999 -9999 -9999 -9999 -9999 -9999 -9999 -9999 -9999 -9999 -9999 -9999 -9999 -9999 -9999 -9999 -9999 -9999 -9999 -9999
-9999 -9999 -9999 -9999 -9999 -9999 -9999 -9999 -9999 -9999 -9999 -9999 -9999 -9999 -9999 -9999 -9999 -9999 -9999 -9999 -9999 -9999 -0.0202 -0.0202 -0.0202 -0.0202 -0.0202 -0.0202 -0.0202 -0.0202 -0.0201 -0.0201 -0.0202 -0.0201 -0.0201 -0.0201 -0.0201 -0.0201 -0.0201 -0.0217 -0.0264 -0.0269 -0.0274 -0.0272 -0.0271 -0.0269 -0.0268 -9999 -9999 -9999 -9999 -9999 -9999 -9999 -9999 -9999 -9999 -9999 -9999 -9999 -9999 -9999 -9999 -9999 -9999 -9999 -9999 -9999 -9999 -9999 -9999 -9999 -9999 -9999 -9999 -9999
-9999 -9999 -9999 -9999 -9999 -9999 -9999 -9999 -9999 -9999 -9999 -9999 -9999 -9999 -9999 -9999 -9999 -9999 -9999 -9999 -0.02 -0.02 -0.02 -0.0202 -0.0202 -0.0202 -0.0202 -0.0202 -0.0201 -0.0201 -0.0201 -0.0201 -0.0202 -0.0202 -0.0202 -0.0201 -0.0201 -0.0201 -0.02 -0.02 -0.0263 -0.0268 -0.028 -0.0277 -0.027 -0.0267 -0.0264 -0.0259 -0.0256 -0.0255 -0.0253 -0.0252 -0.0251 -0.0251 -9999 -9999 -9999 -9999 -9999 -9999 -9999 -9999 -9999 -9999 -9999 -9999 -9999 -9999 -9999 -9999 -9999 -9999 -9999 -9999 -9999 -9999
-9999 -9999 -9999 -9999 -9999 -9999 -9999 -9999 -9999 -9999 -9999 -9999 -9999 -9999 -9999 -9999 -9999 -9999 -9999 -0.02 -0.02 -0.02 -0.02 -0.0202 -0.0202 -0.0202 -0.0201 -0.0202 -0.0202 -0.0202 -0.0202 -0.0201 -0.0202 -0.0201 -0.0201 -0.0201 -0.0201 -0.02 -0.0201 -0.0199 -0.0198 -0.0266 -0.0269 -0.0275 -0.0266 -0.026 -0.0256 -0.0263 -0.0263 -0.0266 -0.0271 -0.0262 -0.0253 -0.0244 -0.0198 -0.02 -0.02 -0.0198 -0.0198 -0.0198 -0.0197 -0.0198 -9999 -9999 -9999 -9999 -9999 -9999 -9999 -9999 -9999 -9999 -9999 -9999 -9999 -9999
-9999 -9999 -9999 -9999 -9999 -9999 -9999 -9999 -9999 -9999 -9999 -9999 -9999 -9999 -9999 -9999 -9999 -0.02 -0.02 -0.02 -0.02 -0.02 -0.02 -0.02 -0.0202 -0.0202 -0.0202 -0.0202 -0.0201 -0.0201 -0.0201 -0.0202 -0.0202 -0.0202 -0.0201 -0.0201 -0.0201 -0.0201 -0.02 -0.02 -0.02 -0.0199 -0.0273 -0.0273 -0.0269 -0.0266 -0.0263 -0.0264 -0.026 -0.0195 -0.0194 -0.0194 -0.0193 -0.0194 -0.0197 -0.0198 -0.0198 -0.0197 -0.0197 -0.0198 -0.0197 -0.0198 -0.0197 -0.0196 -9999 -9999 -9999 -9999 -9999 -9999 -9999 -9999 -9999 -9999 -9999 -9999
-9999 -9999 -9999 -9999 -9999 -9999 -9999 -9999 -9999 -9999 -9999 -9999 -9999 -9999 -9999 -0.02 -0.02 -0.02 -0.02 -0.02 -0.02 -0.02 -0.02 -0.02 -0.0202 -0.0202 -0.0201 -0.0202 -0.0201 -0.0202 -0.0202 -0.0202 -0.0202 -0.0201 -0.0201 -0.0201 -0.0201 -0.0201 -0.0201 -0.02 -0.0199 -0.0199 -0.0198 -0.0198 -0.0198 -0.0198 -0.0198 -0.0198 -0.0198 -0.0198 -0.0198 -0.0198 -0.0198 -0.0198 -0.0198 -0.0198 -0.0198 -0.0197 -0.0198 -0.0198 -0.0197 -0.0198 -0.0198 -0.0198 -0.02 -0.02 -0.02 -9999 -9999 -9999 -9999 -9999 -9999 -9999 -9999 -9999
-9999 -9999 -9999 -9999 -9999 -9999 -9999 -9999 -9999 -9999 -9999 -9999 -9999 -9999 -0.02 -0.02 -0.02 -0.02 -0.02 -0.02 -0.02 -0.02 -0.02 -0.02 -0.02 -0.0202 -0.0202 -0.0202 -0.0202 -0.0202 -0.0202 -0.0201 -0.0201 -0.0202 -0.0202 -0.0201 -0.0201 -0.0201 -0.0201 -0.0199 -0.0199 -0.0199 -0.0199 -0.0199 -0.0199 -0.0199 -0.0198 -0.0198 -0.0198 -0.0198 -0.0198 -0.0198 -0.0198 -0.0198 -0.0198 -0.0197 -0.0198 -0.0198 -0.0198 -0.0198 -0.0197 -0.0197 -0.0197 -0.0198 -0.0198 -0.0198 -0.02 -0.02 -0.02 -9999 -9999 -9999 -9999 -9999 -9999 -9999
-9999 -9999 -9999 -9999 -9999 -9999 -9999 -9999 -9999 -9999 -9999 -9999 -0.02 -0.02 -0.02 -0.02 -0.02 -0.02 -0.02 -0.02 -0.02 -0.02 -0.02 -0.02 -0.02 -0.0202 -0.0202 -0.0202 -0.0202 -0.0202 -0.0201 -0.0202 -0.0202 -0.0202 -0.0202 -0.0202 -0.0202 -0.02 -0.0199 -0.02 -0.0199 -0.0199 -0.0199 -0.0198 -0.0199 -0.0198 -0.0198 -0.0198 -0.0198 -0.0198 -0.0198 -0.0198 -0.0198 -0.0198 -0.0198 -0.0198 -0.0198 -0.0198 -0.0198 -0.0198 -0.0198 -0.0198 -0.0198 -0.0198 -0.0197 -0.0197 -0.0197 -0.02 -0.02 -0.02 -9999 -9999 -9999 -9999 -9999 -9999
-9999 -9999 -9999 -9999 -9999 -9999 -9999 -9999 -9999 -9999 -0.0201 -0.02 -0.0201 -0.0201 -0.02 -0.02 -0.02 -0.02 -0.02 -0.02 -0.02 -0.02 -0.02 -0.02 -0.02 -0.02 -0.0202 -0.0201 -0.0202 -0.0202 -0.0202 -0.0202 -0.0201 -0.0202 -0.0202 -0.0202 -0.0202 -0.0202 -0.02 -0.02 -0.0199 -0.0199 -0.0199 -0.0199 -0.0198 -0.0199 -0.0198 -0.0199 -0.0198 -0.0198 -0.0198 -0.0198 -0.0198 -0.0198 -0.0198 -0.0198 -0.0198 -0.0198 -0.0198 -0.0197 -0.0198 -0.0198 -0.0198 -0.0198 -0.0198 -0.0198 -0.0197 -0.0197 -0.0197 -0.0197 -0.02 -0.02 -9999 -9999 -9999 -9999
-9999 -9999 -9999 -9999 -9999 -9999 -9999 -9999 -9999 -9999 -0.0201 -0.02 -0.02 -0.02 -0.02 -0.0201 -0.02 -0.02 -0.02 -0.02 -0.02 -0.02 -0.02 -0.02 -0.02 -0.02 -0.0202 -0.0202 -0.0202 -0.0202 -0.0202 -0.0202 -0.0202 -0.0202 -0.0202 -0.0202 -0.0202 -0.0202 -0.02 -0.02 -0.0199 -0.0199 -0.0198 -0.0198 -0.0199 -0.0198 -0.0198 -0.0198 -0.0198 -0.0198 -0.0198 -0.0198 -0.0198 -0.0198 -0.0198 -0.0198 -0.0198 -0.0198 -0.02 -0.0198 -0.0197 -0.0197 -0.0197 -0.0198 -0.0198 -0.0198 -0.0198 -0.0198 -0.0198 -0.0197 -0.0197 -0.02 -0.02 -0.02 -9999 -9999
-9999 -9999 -9999 -9999 -9999 -9999 -9999 -9999 -9999 -9999 -0.02 -0.0201 -0.02 -0.02 -0.0201 -0.02 -0.0201 -0.02 -0.02 -0.02 -0.02 -0.02 -0.02 -0.02 -0.02 -0.02 -0.02 -0.0202 -0.0202 -0.0202 -0.0202 -0.0202 -0.0202 -0.0202 -0.0202 -0.0202 -0.0202 -0.0202 -0.0202 -0.02 -0.02 -0.0199 -0.0199 -0.0199 -0.0199 -0.0199 -0.0199 -0.0199 -0.0199 -0.0198 -0.0198 -0.0198 -0.0198 -0.0198 -0.0198 -0.0198 -0.0198 -0.02 -0.02 -0.0198 -0.0198 -0.0198 -0.0197 -0.0198 -0.0198 -0.0198 -0.0198 -0.0198 -0.0198 -0.0198 -0.0198 -0.0197 -0.0199 -0.02 -0.02 -9999
-9999 -9999 -9999 -9999 -9999 -9999 -9999 -9999 -9999 -0.02 -0.0201 -0.02 -0.0201 -0.02 -0.02 -0.0201 -0.02 -0.02 -0.02 -0.02 -0.0201 -0.02 -0.0201 -0.02 -0.02 -0.02 -0.02 -0.0202 -0.0202 -0.0202 -0.0202 -0.0202 -0.0202 -0.0202 -0.0201 -0.0202 -0.0202 -0.0202 -0.0202 -0.0202 -0.0202 -0.0202 -0.0201 -0.02 -0.02 -0.0199 -0.0199 -0.0199 -0.0198 -0.0198 -0.0198 -0.0198 -0.0198 -0.0198 -0.0198 -0.0198 -0.0198 -0.0199 -0.02 -0.0197 -0.0197 -0.0198 -0.0198 -0.0197 -0.0197 -0.0198 -0.0197 -0.0198 -0.0198 -0.0198 -0.0198 -0.0197 -0.0197 -0.0197 -0.02 -9999
-9999 -9999 -9999 -9999 -9999 -9999 -9999 -9999 -9999 -0.02 -0.02 -0.0201 -0.02 -0.02 -0.0201 -0.02 -0.0201 -0.02 -0.02 -0.02 -0.02 -0.0201 -0.02 -0.02 -0.02 -0.02 -0.02 -0.02 -0.0202 -0.0202 -0.0202 -0.0202 -0.0201 -0.0202 -0.0202 -0.0202 -0.0201 -0.0202 -0.0202 -0.0202 -0.0202 -0.0202 -0.0202 -0.0201 -0.0201 -0.02 -0.02 -0.02 -0.02 -0.0198 -0.0198 -0.0198 -0.0198 -0.0198 -0.0198 -0.0198 -0.0198 -0.0198 -0.0198 -0.0197 -0.0197 -0.02 -0.0198 -0.0198 -0.0197 -0.0198 -0.0197 -0.0197 -0.0198 -0.0198 -0.0198 -0.0198 -0.0197 -0.0198 -0.02 -9999
-9999 -9999 -9999 -9999 -9999 -9999 -9999 -9999 -9999 -0.02 -0.0201 -0.0201 -0.02 -0.02 -0.02 -0.02 -0.02 -0.0201 -0.02 -0.02 -0.02 -0.02 -0.0201 -0.02 -0.02 -0.0201 -0.02 -0.02 -0.0201 -0.0202 -0.0202 -0.0202 -0.0202 -0.0201 -0.0202 -0.0202 -0.0202 -0.0202 -0.0202 -0.0202 -0.0202 -0.0202 -0.0201 -0.0202 -0.0201 -0.0202 -0.0202 -0.0201 -0.02 -0.0199 -0.0198 -0.0198 -0.0198 -0.0198 -0.0198 -0.0199 -0.0198 -0.0198 -0.0198 -0.02 -0.02 -0.02 -0.02 -0.02 -0.02 -0.0198 -0.0198 -0.0198 -0.0198 -0.0197 -0.0197 -0.0197 -0.02 -0.02 -0.02 -9999
-9999 -9999 -9999 -9999 -9999 -9999 -9999 -9999 -0.02 -0.02 -0.02 -0.02 -0.02 -0.02 -0.02 -0.0201 -0.02 -0.02 -0.02 -0.02 -0.02 -0.02 -0.02 -0.02 -0.02 -0.0201 -0.02 -0.02 -0.02 -0.0202 -0.0202 -0.0202 -0.0202 -0.0202 -0.0202 -0.0202 -0.0202 -0.0202 -0.0202 -0.0202 -0.0201 -0.0202 -0.0202 -0.0201 -0.0201 -0.0202 -0.0205 -0.0204 -0.0201 -0.02 -0.0199 -0.0199 -0.0199 -0.02 -0.02 -0.0199 -0.0198 -0.02 -0.02 -0.02 -0.02 -0.02 -0.02 -0.02 -0.02 -0.02 -0.0198 -0.0198 -0.0197 -0.0198 -0.0198 -0.0198 -0.02 -0.02 -0.02 -9999
-9999 -9999 -9999 -9999 -9999 -9999 -9999 -9999 -0.0201 -0.02 -0.0201 -0.02 -0.02 -0.02 -0.02 -0.02 -0.02 -0.0201 -0.02 -0.02 -0.02 -0.02 -0.02 -0.02 -0.02 -0.0201 -0.02 -0.02 -0.02 -0.0202 -0.0202 -0.0202 -0.0202 -0.0202 -0.0202 -0.0202 -0.0202 -0.0202 -0.0202 -0.0202 -0.0202 -0.0202 -0.0202 -0.02 -0.02 -0.0203 -0.0205 -0.0204 -0.02 -0.02 -0.02 -0.02 -0.0202 -0.0205 -0.0205 -0.0204 -0.0201 -0.02 -0.02 -0.02 -0.02 -0.02 -0.02 -0.02 -0.02 -0.02 -0.02 -0.0198 -0.0198 -0.0198 -0.0197 -0.0198 -0.02 -0.02 -0.02 -0.02
-9999 -9999 -9999 -9999 -9999 -9999 -9999 -9999 -0.02 -0.02 -0.02 -0.02 -0.02 -0.02 -0.0201 -0.02 -0.02 -0.0201 -0.02 -0.02 -0.02 -0.0201 -0.02 -0.02 -0.02 -0.02 -0.02 -0.0201 -0.02 -0.02 -0.0202 -0.0202 -0.0202 -0.0202 -0.0202 -0.0202 -0.0202 -0.0202 -0.0202 -0.0202 -0.0202 -0.0202 -0.0203 -0.02 -0.02 -0.0204 -0.0205 -0.0204 -0.0205 -0.02 -0.02 -0.02 -0.0205 -0.0205 -0.0205 -0.0205 -0.0205 -0.0205 -0.02 -0.02 -0.02 -0.02 -0.02 -0.02 -0.02 -0.02 -0.02 -0.02 -0.02 -0.02 -0.0197 -0.0197 -0.0199 -0.0199 -0.02 -0.02
-9999 -9999 -9999 -9999 -9999 -9999 -9999 -0.02 -0.0201 -0.02 -0.0201 -0.0201 -0.0201 -0.0201 -0.0201 -0.02 -0.02 -0.0201 -0.0201 -0.0201 -0.02 -0.02 -0.0201 -0.0201 -0.02 -0.02 -0.02 -0.02 -0.0201 -0.02 -0.0202 -0.0202 -0.0202 -0.0202 -0.0202 -0.0202 -0.0202 -0.0202 -0.0202 -0.0202 -0.0202 -0.0204 -0.0205 -0.0205 -0.0204 -0.0205 -0.0204 -0.0205 -0.0205 -0.0205 -0.02 -0.0205 -0.0205 -0.0205 -0.0205 -0.0206 -0.0205 -0.0206 -0.0206 -0.0206 -0.0206 -0.0206 -0.02 -0.02 -0.02 -0.02 -0.02 -0.02 -0.02 -0.02 -0.02 -0.02 -0.02 -0.02 -0.02 -0.02
-9999 -9999 -9999 -9999 -9999 -9999 -9999 -0.02 -0.0201 -0.0201 -0.02 -0.02 -0.02 -0.02 -0.0201 -0.0201 -0.02 -0.02 -0.0201 -0.0201 -0.02 -0.0201 -0.02 -0.02 -0.02 -0.0201 -0.02 -0.0201 -0.0201 -0.02 -0.0202 -0.0202 -0.0202 -0.0202 -0.0202 -0.0202 -0.0202 -0.0202 -0.0203 -0.0204 -0.02 -0.0205 -0.0204 -0.0205 -0.02 -0.0204 -0.0204 -0.0205 -0.0205 -0.0205 -0.0204 -0.0205 -0.0205 -0.0205 -0.0205 -0.0206 -0.0206 -0.0206 -0.0206 -0.0207 -0.0206 -0.0206 -0.0205 -0.02 -0.02 -0.02 -0.02 -0.02 -0.02 -0.02 -0.02 -0.02 -0.02 -0.02 -0.02 -0.02
-9999 -9999 -9999 -9999 -9999 -9999 -9999 -0.0201 -0.0201 -0.0201 -0.02 -0.02 -0.02 -0.02 -0.02 -0.02 -0.02 -0.02 -0.02 -0.02 -0.02 -0.02 -0.02 -0.0201 -0.02 -0.02 -0.02 -0.02 -0.02 -0.02 -0.0202 -0.0202 -0.0202 -0.0202 -0.0202 -0.0202 -0.0202 -0.0202 -0.02 -0.02 -0.0204 -0.0205 -0.0205 -0.0205 -0.0205 -0.0205 -0.0205 -0.0205 -0.0205 -0.0205 -0.0205 -0.0205 -0.0205 -0.0205 -0.0205 -0.0206 -0.0206 -0.0206 -0.0206 -0.0206 -0.0207 -0.0206 -0.0207 -0.0206 -0.0206 -0.02 -0.02 -0.02 -0.02 -0.02 -0.02 -0.02 -0.02 -0.02 -0.02 -0.02
-9999 -9999 -9999 -9999 -9999 -9999 -0.02 -0.02 -0.0201 -0.0201 -0.0201 -0.02 -0.0201 -0.02 -0.0201 -0.02 -0.0201 -0.02 -0.0201 -0.02 -0.02 -0.0201 -0.02 -0.02 -0.0201 -0.0201 -0.02 -0.0201 -0.02 -0.02 -0.02 -0.0202 -0.0202 -0.0202 -0.0203 -0.0202 -0.0203 -0.0204 -0.0204 -0.0204 -0.0205 -0.0204 -0.0205 -0.0205 -0.0205 -0.0205 -0.0205 -0.0205 -0.0205 -0.0205 -0.0205 -0.0205 -0.0205 -0.0205 -0.0205 -0.0206 -0.0206 -0.0206 -0.0206 -0.0206 -0.0206 -0.0206 -0.0206 -0.0206 -0.0206 -0.0207 -0.0202 -0.02 -0.02 -0.02 -0.02 -0.02 -0.02 -0.02 -0.02 -0.02
-9999 -9999 -9999 -9999 -9999 -9999 -0.0201 -0.0201 -0.0201 -0.0201 -0.0201 -0.02 -0.02 -0.02 -0.02 -0.02 -0.02 -0.0201 -0.02 -0.02 -0.02 -0.02 -0.02 -0.02 -0.0201 -0.02 -0.02 -0.0201 -0.0201 -0.0201 -0.02 -0.0202 -0.0202 -0.0202 -0.0202 -0.0203 -0.0205 -0.0205 -0.0205 -0.0205 -0.0205 -0.0205 -0.0204 -0.0205 -0.0205 -0.0205 -0.0205 -0.0205 -0.0205 -0.0205 -0.0205 -0.0205 -0.0205 -0.0205 -0.0205 -0.0206 -0.0206 -0.0206 -0.0207 -0.0206 -0.0207 -0.0206 -0.0207 -0.0206 -0.0207 -0.0207 -0.0206 -0.0207 -0.0206 -0.0207 -0.0207 -0.0207 -0.0207 -0.0207 -0.02 -0.02
-9999 -9999 -9999 -9999 -9999 -9999 -0.02 -0.0201 -0.02 -0.02 -0.02 -0.02 -0.0201 -0.02 -0.02 -0.02 -0.02 -0.02 -0.02 -0.0201 -0.0201 -0.02 -0.02 -0.02 -0.02 -0.02 -0.02 -0.02 -0.02 -0.02 -0.02 -0.02 -0.0202 -0.0202 -0.0202 -0.0203 -0.0204 -0.0205 -0.0205 -0.0205 -0.0205 -0.0205 -0.0205 -0.0205 -0.0205 -0.0205 -0.0205 -0.0205 -0.0205 -0.0205 -0.0205 -0.0205 -0.0205 -0.0205 -0.0205 -0.0206 -0.0206 -0.0207 -0.0206 -0.0206 -0.0207 -0.0206 -0.0206 -0.0207 -0.0206 -0.0207 -0.0207 -0.0207 -0.0207 -0.0207 -0.0207 -0.0207 -0.0207 -0.0207 -0.0202 -0.02
-9999 -9999 -9999 -9999 -9999 -0.0201 -0.02 -0.02 -0.02 -0.02 -0.0201 -0.0201 -0.0201 -0.0201 -0.02 -0.02 -0.02 -0.02 -0.0201 -0.02 -0.02 -0.02 -0.02 -0.02 -0.02 -0.02 -0.02 -0.0201 -0.02 -0.02 -0.02 -0.02 -0.0202 -0.0202 -0.0203 -0.0204 -0.0205 -0.0205 -0.0204 -0.0205 -0.0205 -0.0205 -0.0205 -0.0205 -0.0205 -0.0205 -0.0205 -0.0205 -0.0205 -0.0205 -0.0205 -0.0205 -0.0205 -0.02 -0.0205 -0.0206 -0.0206 -0.0206 -0.0206 -0.0206 -0.0207 -0.0207 -0.0207 -0.0207 -0.0207 -0.0207 -0.0207 -0.0207 -0.0206 -0.0206 -0.0206 -0.0207 -0.0207 -0.0207 -0.0206 -0.02
-9999 -9999 -9999 -9999 -9999 -0.02 -0.02 -0.02 -0.0201 -0.0201 -0.02 -0.02 -0.0201 -0.02 -0.02 -0.0201 -0.02 -0.02 -0.02 -0.02 -0.0201 -0.0201 -0.02 -0.02 -0.02 -0.02 -0.02 -0.02 -0.02 -0.02 -0.02 -0.0201 -0.02 -0.02 -0.0203 -0.0205 -0.0205 -0.0205 -0.0205 -0.0205 -0.0205 -0.0205 -0.0205 -0.0205 -0.0205 -0.0205 -0.0205 -0.0205 -0.0205 -0.0205 -0.0205 -0.0205 -0.0205 -0.0205 -0.0205 -0.0206 -0.0206 -0.0206 -0.0207 -0.0207 -0.0206 -0.0206 -0.0206 -0.0206 -0.0207 -0.0206 -0.0207 -0.0206 -0.0207 -0.0207 -0.0206 -0.02 -0.0206 -0.0207 -0.0207 -0.02
-9999 -9999 -9999 -9999 -9999 -0.0201 -0.02 -0.02 -0.0201 -0.02 -0.02 -0.02 -0.02 -0.0201 -0.02 -0.02 -0.02 -0.02 -0.0201 -0.02 -0.02 -0.02 -0.0201 -0.02 -0.0201 -0.0201 -0.02 -0.02 -0.0201 -0.02 -0.02 -0.02 -0.02 -0.02 -0.0204 -0.0205 -0.0204 -0.0205 -0.0205 -0.0205 -0.0205 -0.0204 -0.0205 -0.0205 -0.0205 -0.0205 -0.0205 -0.0205 -0.0205 -0.0205 -0.0205 -0.0205 -0.0205 -0.0205 -0.0206 -0.0206 -0.0206 -0.0206 -0.0207 -0.0206 -0.0207 -0.0207 -0.0207 -0.0207 -0.0206 -0.0206 -0.0207 -0.0207 -0.0207 -0.0207 -0.0207 -0.02 -0.0207 -0.0207 -0.0207 -0.0203
-9999 -9999 -9999 -9999 -0.0201 -0.0201 -0.02 -0.02 -0.0201 -0.0201 -0.02 -0.02 -0.02 -0.02 -0.02 -0.0201 -0.0201 -0.0201 -0.0201 -0.0201 -0.02 -0.02 -0.02 -0.0201 -0.0201 -0.02 -0.02 -0.0201 -0.0201 -0.02 -0.02 -0.02 -0.02 -0.02 -0.0205 -0.0204 -0.0205 -0.0205 -0.0205 -0.0205 -0.0205 -0.0205 -0.0205 -0.0205 -0.0205 -0.0205 -0.0205 -0.02 -0.0205 -0.0205 -0.0205 -0.0205 -0.0205 -0.0206 -0.0207 -0.0207 -0.0206 -0.0206 -0.0207 -0.0207 -0.0207 -0.0207 -0.0207 -0.0206 -0.0206 -0.0207 -0.0207 -0.0207 -0.0207 -0.0206 -0.0207 -0.0207 -0.0207 -0.0207 -0.0207 -0.0207
-9999 -9999 -9999 -9999 -0.0201 -0.0201 -0.0201 -0.02 -0.02 -0.0201 -0.02 -0.02 -0.0201 -0.0201 -0.02 -0.02 -0.0201 -0.02 -0.02 -0.02 -0.0201 -0.02 -0.0201 -0.0201 -0.0201 -0.02 -0.02 -0.02 -0.0201 -0.0201 -0.0201 -0.02 -0.0201 -0.02 -0.02 -0.0204 -0.0204 -0.0205 -0.0204 -0.0205 -0.0206 -0.0205 -0.0206 -0.0205 -0.0206 -0.0206 -0.0207 -0.02 -0.0208 -0.0205 -0.0205 -0.0201 -0.02 -0.0206 -0.0206 -0.0207 -0.0207 -0.0207 -0.0206 -0.0207 -0.0206 -0.0206 -0.0207 -0.0207 -0.0207 -0.0207 -0.0206 -0.0207 -0.0207 -0.0207 -0.0207 -0.0207 -0.0207 -0.0207 -0.0207 -0.0207
-9999 -9999 -9999 -9999 -0.02 -0.02 -0.02 -0.02 -0.02 -0.0201 -0.0201 -0.02 -0.02 -0.02 -0.02 -0.02 -0.0201 -0.02 -0.02 -0.02 -0.0201 -0.02 -0.02 -0.02 -0.02 -0.02 -0.0201 -0.0201 -0.0201 -0.02 -0.0201 -0.0201 -0.02 -0.02 -0.02 -0.02 -0.02 -0.0205 -0.0205 -0.0205 -0.0205 -0.0206 -0.0206 -0.0205 -0.0206 -0.0206 -0.0205 -0.02 -0.0206 -0.02 -0.02 -0.02 -0.0207 -0.0207 -0.0207 -0.0207 -0.0206 -0.0207 -0.0207 -0.0207 -0.0207 -0.0207 -0.0207 -0.0207 -0.0207 -0.0207 -0.0207 -0.0207 -0.0207 -0.0207 -0.0207 -0.0207 -0.0207 -0.0207 -0.0207 -0.0207
-9999 -9999 -9999 -0.02 -0.02 -0.0201 -0.02 -0.0201 -0.02 -0.02 -0.0201 -0.0201 -0.0201 -0.02 -0.02 -0.02 -0.02 -0.02 -0.02 -0.02 -0.0201 -0.02 -0.02 -0.0201 -0.0201 -0.02 -0.0201 -0.02 -0.02 -0.0201 -0.02 -0.02 -0.02 -0.0201 -0.02 -0.02 -0.02 -0.02 -0.0205 -0.0205 -0.0205 -0.0206 -0.0205 -0.0205 -0.0206 -0.0206 -0.0205 -0.0205 -0.02 -0.02 -0.02 -0.02 -0.0206 -0.0207 -0.0207 -0.0206 -0.0207 -0.0206 -0.0207 -0.0207 -0.0207 -0.0207 -0.0207 -0.0207 -0.0207 -0.0207 -0.0206 -0.0207 -0.0207 -0.0207 -0.0207 -0.0207 -0.0207 -0.0207 -0.0207 -0.0207
-9999 -9999 -9999 -0.02 -0.02 -0.0201 -0.0201 -0.0201 -0.0201 -0.02 -0.02 -0.0201 -0.0201 -0.02 -0.02 -0.02 -0.02 -0.0201 -0.0201 -0.02 -0.0201 -0.0201 -0.02 -0.0201 -0.02 -0.02 -0.0201 -0.02 -0.02 -0.02 -0.02 -0.02 -0.02 -0.02 -0.02 -0.02 -0.0204 -0.02 -0.02 -0.0206 -0.0205 -0.0205 -0.0206 -0.0206 -0.0206 -0.0206 -0.0201 -0.02 -0.02 -0.02 -0.02 -0.0207 -0.0207 -0.0207 -0.0207 -0.0207 -0.0206 -0.0207 -0.0206 -0.0207 -0.0207 -0.0207 -0.0207 -0.0207 -0.0207 -0.0207 -0.0206 -0.0207 -0.0207 -0.0207 -0.0207 -0.0207 -0.0207 -0.0207 -0.0207 -0.0207
-9999 -9999 -9999 -0.02 -0.02 -0.0201 -0.02 -0.0201 -0.02 -0.02 -0.0201 -0.02 -0.02 -0.0201 -0.0201 -0.02 -0.02 -0.0201 -0.02 -0.02 -0.0201 -0.02 -0.02 -0.02 -0.0201 -0.0201 -0.02 -0.0201 -0.0201 -0.0201 -0.02 -0.02 -0.02 -0.02 -0.02 -0.02 -0.0202 -0.0203 -0.02 -0.0206 -0.0205 -0.0206 -0.0206 -0.0205 -0.0205 -0.0206 -0.0206 -0.02 -0.02 -0.02 -0.0206 -0.0207 -0.0206 -0.0207 -0.0207 -0.0207 -0.0207 -0.0207 -0.0207 -0.0207 -0.0207 -0.0207 -0.0207 -0.0207 -0.0207 -0.0206 -0.0207 -0.0207 -0.0207 -0.0207 -0.0207 -0.0207 -0.0208 -0.0207 -0.0207 -0.0203
