data/entities/Measures_ponds_retain_2050/CaseDifferenceDepth_m.asc
ncols         98 
nrows         130 
xllcorner     530385.4375 
yllcorner     504074.10385949 
cellsize      100 
NODATA_value -9999 
[rows 0 to 32 of 130, columns 0 to 75 of 98]
-9999 -9999 -9999 -9999 -9999 -9999 -9999 -9999 -9999 -9999 -9999 -9999 -9999 -9999 -9999 -9999 -9999 -9999 -9999 -9999 -9999 -9999 -9999 -9999 -9999 -9999 -9999 -9999 -9999 -9999 -9999 -9999 -9999 -9999 -9999 -9999 -9999 -9999 -9999 -9999 -9999 -9999 -9999 -9999 -9999 -9999 -9999 -9999 -9999 -9999 -9999 -9999 -9999 -9999 -9999 -9999 -9999 -9999 -9999 -9999 -9999 -9999 -9999 -9999 -9999 -9999 -9999 -9999 -9999 -9999 -9999 -9999 -9999 -9999 -9999 -9999
-9999 -9999 -9999 -9999 -9999 -9999 -9999 -9999 -9999 -9999 -9999 -9999 -9999 -9999 -9999 -9999 -9999 -9999 -9999 -9999 -9999 -9999 -9999 -9999 -0.0502 -0.0501 -0.0502 -0.0502 -0.0502 -0.0502 -0.0502 -0.0502 -0.0502 -0.0502 -0.0502 -0.0501 -0.0501 -0.0501 -0.0501 -9999 -9999 -9999 -9999 -9999 -9999 -9999 -9999 -9999 -9999 -9999 -9999 -9999 -9999 -9999 -9999 -9999 -9999 -9999 -9999 -9999 -9999 -9999 -9999 -9999 -9999 -9999 -9999 -9999 -9999 -9999 -9999 -9999 -9999 -9999 -9999 -9999
-9999 -9999 -9999 -9999 -9999 -9999 -9999 -9999 -9999 -9999 -9999 -9999 -9999 -9999 -9999 -9999 -9999 -9999 -9999 -9999 -9999 -9999 -0.0502 -0.0502 -0.0502 -0.0502 -0.0502 -0.0502 -0.0502 -0.0502 -0.0501 -0.0501 -0.0502 -0.0501 -0.0501 -0.0501 -0.0501 -0.0501 -0.0501 -0.0517 -0.0564 -0.0569 -0.0574 -0.0572 -0.0571 -0.0569 -0.0568 -9999 -9999 -9999 -9999 -9999 -9999 -9999 -9999 -9999 -9999 -9999 -9999 -9999 -9999 -9999 -9999 -9999 -9999 -9999 -9999 -9999 -9999 -9999 -9999 -9999 -9999 -9999 -9999 -9999
-9999 -9999 -9999 -9999 -9999 -9999 -9999 -9999 -9999 -9999 -9999 -9999 -9999 -9999 -9999 -9999 -9999 -9999 -9999 -9999 -0.05 -0.05 -0.05 -0.0502 -0.0502 -0.0502 -0.0502 -0.0502 -0.0501 -0.0501 -0.0501 -0.0501 -0.0502 -0.0502 -0.0502 -0.0501 -0.0501 -0.0501 -0.05 -0.05 -0.0563 -0.0568 -0.058 -0.0577 -0.057 -0.0567 -0.0564 -0.0559 -0.0556 -0.0555 -0.0553 -0.0552 -0.0551 -0.0551 -9999 -9999 -9999 -9999 -9999 -9999 -9999 -9999 -9999 -9999 -9999 -9999 -9999 -9999 -9999 -9999 -9999 -9999 -9999 -9999 -9999 -9999
-9999 -9999 -9999 -9999 -9999 -9999 -9999 -9999 -9999 -9999 -9999 -9999 -9999 -9999 -9999 -9999 -9999 -9999 -9999 -0.05 -0.05 -0.05 -0.05 -0.0502 -0.0502 -0.0502 -0.0501 -0.0502 -0.0502 -0.0502 -0.0502 -0.0501 -0.0502 -0.0501 -0.0501 -0.0501 -0.0501 -0.05 -0.0501 -0.0499 -0.0498 -0.0566 -0.0569 -0.0575 -0.0566 -0.056 -0.0556 -0.0563 -0.0563 -0.0566 -0.0571 -0.0562 -0.0553 -0.0544 -0.0498 -0.05 -0.05 -0.0498 -0.0498 -0.0498 -0.0497 -0.0498 -9999 -9999 -9999 -9999 -9999 -9999 -9999 -9999 -9999 -9999 -9999 -9999 -9999 -9999
-9999 -9999 -9999 -9999 -9999 -9999 -9999 -9999 -9999 -9999 -9999 -9999 -9999 -9999 -9999 -9999 -9999 -0.05 -0.05 -0.05 -0.05 -0.05 -0.05 -0.05 -0.0502 -0.0502 -0.0502 -0.0502 -0.0501 -0.0501 -0.0501 -0.0502 -0.0502 -0.0502 -0.0501 -0.0501 -0.0501 -0.0501 -0.05 -0.05 -0.05 -0.0499 -0.0573 -0.0573 -0.0569 -0.0566 -0.0563 -0.0564 -0.056 -0.0495 -0.0494 -0.0494 -0.0493 -0.0494 -0.0497 -0.0498 -0.0498 -0.0497 -0.0497 -0.0498 -0.0497 -0.0498 -0.0497 -0.0496 -9999 -9999 -9999 -9999 -9999 -9999 -9999 -9999 -9999 -9999 -9999 -9999
-9999 -9999 -9999 -9999 -9999 -9999 -9999 -9999 -9999 -9999 -9999 -9999 -9999 -9999 -9999 -0.05 -0.05 -0.05 -0.05 -0.05 -0.05 -0.05 -0.05 -0.05 -0.0502 -0.0502 -0.0501 -0.0502 -0.0501 -0.0502 -0.0502 -0.0502 -0.0502 -0.0501 -0.0501 -0.0501 -0.0501 -0.0501 -0.0501 -0.05 -0.0499 -0.0499 -0.0498 -0.0498 -0.0498 -0.0498 -0.0498 -0.0498 -0.0498 -0.0498 -0.0498 -0.0498 -0.0498 -0.0498 -0.0498 -0.0498 -0.0498 -0.0497 -0.0498 -0.0498 -0.0497 -0.0498 -0.0498 -0.0498 -0.05 -0.05 -0.05 -9999 -9999 -9999 -9999 -9999 -9999 -9999 -9999 -9999
-9999 -9999 -9999 -9999 -9999 -9999 -9999 -9999 -9999 -9999 -9999 -9999 -9999 -9999 -0.05 -0.05 -0.05 -0.05 -0.05 -0.05 -0.05 -0.05 -0.05 -0.05 -0.05 -0.0502 -0.0502 -0.0502 -0.0502 -0.0502 -0.0502 -0.0501 -0.0501 -0.0502 -0.0502 -0.0501 -0.0501 -0.0501 -0.0501 -0.0499 -0.0499 -0.0499 -0.0499 -0.0499 -0.0499 -0.0499 -0.0498 -0.0498 -0.0498 -0.0498 -0.0498 -0.0498 -0.0498 -0.0498 -0.0498 -0.0497 -0.0498 -0.0498 -0.0498 -0.0498 -0.0497 -0.0497 -0.0497 -0.0498 -0.0498 -0.0498 -0.05 -0.05 -0.05 -9999 -9999 -9999 -9999 -9999 -9999 -9999
-9999 -9999 -9999 -9999 -9999 -9999 -9999 -9999 -9999 -9999 -9999 -9999 -0.05 -0.05 -0.05 -0.05 -0.05 -0.05 -0.05 -0.05 -0.05 -0.05 -0.05 -0.05 -0.05 -0.0502 -0.0502 -0.0502 -0.0502 -0.0502 -0.0501 -0.0502 -0.0502 -0.0502 -0.0502 -0.0502 -0.0502 -0.05 -0.0499 -0.05 -0.0499 -0.0499 -0.0499 -0.0498 -0.0499 -0.0498 -0.0498 -0.0498 -0.0498 -0.0498 -0.0498 -0.0498 -0.0498 -0.0498 -0.0498 -0.0498 -0.0498 -0.0498 -0.0498 -0.0498 -0.0498 -0.0498 -0.0498 -0.0498 -0.0497 -0.0497 -0.0497 -0.05 -0.05 -0.05 -9999 -9999 -9999 -9999 -9999 -9999
-9999 -9999 -9999 -9999 -9999 -9999 -9999 -9999 -9999 -9999 -0.0501 -0.05 -0.0501 -0.0501 -0.05 -0.05 -0.05 -0.05 -0.05 -0.05 -0.05 -0.05 -0.05 -0.05 -0.05 -0.05 -0.0502 -0.0501 -0.0502 -0.0502 -0.0502 -0.0502 -0.0501 -0.0502 -0.0502 -0.0502 -0.0502 -0.0502 -0.05 -0.05 -0.0499 -0.0499 -0.0499 -0.0499 -0.0498 -0.0499 -0.0498 -0.0499 -0.0498 -0.0498 -0.0498 -0.0498 -0.0498 -0.0498 -0.0498 -0.0498 -0.0498 -0.0498 -0.0498 -0.0497 -0.0498 -0.0498 -0.0498 -0.0498 -0.0498 -0.0498 -0.0497 -0.0497 -0.0497 -0.0497 -0.05 -0.05 -9999 -9999 -9999 -9999
-9999 -9999 -9999 -9999 -9999 -9999 -9999 -9999 -9999 -9999 -0.0501 -0.05 -0.05 -0.05 -0.05 -0.0501 -0.05 -0.05 -0.05 -0.05 -0.05 -0.05 -0.05 -0.05 -0.05 -0.05 -0.0502 -0.0502 -0.0502 -0.0502 -0.0502 -0.0502 -0.0502 -0.0502 -0.0502 -0.0502 -0.0502 -0.0502 -0.05 -0.05 -0.0499 -0.0499 -0.0498 -0.0498 -0.0499 -0.0498 -0.0498 -0.0498 -0.0498 -0.0498 -0.0498 -0.0498 -0.0498 -0.0498 -0.0498 -0.0498 -0.0498 -0.0498 -0.05 -0.0498 -0.0497 -0.0497 -0.0497 -0.0498 -0.0498 -0.0498 -0.0498 -0.0498 -0.0498 -0.0497 -0.0497 -0.05 -0.05 -0.05 -9999 -9999
-9999 -9999 -9999 -9999 -9999 -9999 -9999 -9999 -9999 -9999 -0.05 -0.0501 -0.05 -0.05 -0.0501 -0.05 -0.0501 -0.05 -0.05 -0.05 -0.05 -0.05 -0.05 -0.05 -0.05 -0.05 -0.05 -0.0502 -0.0502 -0.0502 -0.0502 -0.0502 -0.0502 -0.0502 -0.0502 -0.0502 -0.0502 -0.0502 -0.0502 -0.05 -0.05 -0.0499 -0.0499 -0.0499 -0.0499 -0.0499 -0.0499 -0.0499 -0.0499 -0.0498 -0.0498 -0.0498 -0.0498 -0.0498 -0.0498 -0.0498 -0.0498 -0.05 -0.05 -0.0498 -0.0498 -0.0498 -0.0497 -0.0498 -0.0498 -0.0498 -0.0498 -0.0498 -0.0498 -0.0498 -0.0498 -0.0497 -0.0499 -0.05 -0.05 -9999
-9999 -9999 -9999 -9999 -9999 -9999 -9999 -9999 -9999 -0.05 -0.0501 -0.05 -0.0501 -0.05 -0.05 -0.0501 -0.05 -0.05 -0.05 -0.05 -0.0501 -0.05 -0.0501 -0.05 -0.05 -0.05 -0.05 -0.0502 -0.0502 -0.0502 -0.0502 -0.0502 -0.0502 -0.0502 -0.0501 -0.0502 -0.0502 -0.0502 -0.0502 -0.0502 -0.0502 -0.0502 -0.0501 -0.05 -0.05 -0.0499 -0.0499 -0.0499 -0.0498 -0.0498 -0.0498 -0.0498 -0.0498 -0.0498 -0.0498 -0.0498 -0.0498 -0.0499 -0.05 -0.0497 -0.0497 -0.0498 -0.0498 -0.0497 -0.0497 -0.0498 -0.0497 -0.0498 -0.0498 -0.0498 -0.0498 -0.0497 -0.0497 -0.0497 -0.05 -9999
-9999 -9999 -9999 -9999 -9999 -9999 -9999 -9999 -9999 -0.05 -0.05 -0.0501 -0.05 -0.05 -0.0501 -0.05 -0.0501 -0.05 -0.05 -0.05 -0.05 -0.0501 -0.05 -0.05 -0.05 -0.05 -0.05 -0.05 -0.0502 -0.0502 -0.0502 -0.0502 -0.0501 -0.0502 -0.0502 -0.0502 -0.0501 -0.0502 -0.0502 -0.0502 -0.0502 -0.0502 -0.0502 -0.0501 -0.0501 -0.05 -0.05 -0.05 -0.05 -0.0498 -0.0498 -0.0498 -0.0498 -0.0498 -0.0498 -0.0498 -0.0498 -0.0498 -0.0498 -0.0497 -0.0497 -0.05 -0.0498 -0.0498 -0.0497 -0.0498 -0.0497 -0.0497 -0.0498 -0.0498 -0.0498 -0.0498 -0.0497 -0.0498 -0.05 -9999
-9999 -9999 -9999 -9999 -9999 -9999 -9999 -9999 -9999 -0.05 -0.0501 -0.0501 -0.05 -0.05 -0.05 -0.05 -0.05 -0.0501 -0.05 -0.05 -0.05 -0.05 -0.0501 -0.05 -0.05 -0.0501 -0.05 -0.05 -0.0501 -0.0502 -0.0502 -0.0502 -0.0502 -0.0501 -0.0502 -0.0502 -0.0502 -0.0502 -0.0502 -0.0502 -0.0502 -0.0502 -0.0501 -0.0502 -0.0501 -0.0502 -0.0502 -0.0501 -0.05 -0.0499 -0.0498 -0.0498 -0.0498 -0.0498 -0.0498 -0.0499 -0.0498 -0.0498 -0.0498 -0.05 -0.05 -0.05 -0.05 -0.05 -0.05 -0.0498 -0.0498 -0.0498 -0.0498 -0.0497 -0.0497 -0.0497 -0.05 -0.05 -0.05 -9999
-9999 -9999 -9999 -9999 -9999 -9999 -9999 -9999 -0.05 -0.05 -0.05 -0.05 -0.05 -0.05 -0.05 -0.0501 -0.05 -0.05 -0.05 -0.05 -0.05 -0.05 -0.05 -0.05 -0.05 -0.0501 -0.05 -0.05 -0.05 -0.0502 -0.0502 -0.0502 -0.0502 -0.0502 -0.0502 -0.0502 -0.0502 -0.0502 -0.0502 -0.0502 -0.0501 -0.0502 -0.0502 -0.0501 -0.0501 -0.0502 -0.0505 -0.0504 -0.0501 -0.05 -0.0499 -0.0499 -0.0499 -0.05 -0.05 -0.0499 -0.0498 -0.05 -0.05 -0.05 -0.05 -0.05 -0.05 -0.05 -0.05 -0.05 -0.0498 -0.0498 -0.0497 -0.0498 -0.0498 -0.0498 -0.05 -0.05 -0.05 -9999
-9999 -9999 -9999 -9999 -9999 -9999 -9999 -9999 -0.0501 -0.05 -0.0501 -0.05 -0.05 -0.05 -0.05 -0.05 -0.05 -0.0501 -0.05 -0.05 -0.05 -0.05 -0.05 -0.05 -0.05 -0.0501 -0.05 -0.05 -0.05 -0.0502 -0.0502 -0.0502 -0.0502 -0.0502 -0.0502 -0.0502 -0.0502 -0.0502 -0.0502 -0.0502 -0.0502 -0.0502 -0.0502 -0.05 -0.05 -0.0503 -0.0505 -0.0504 -0.05 -0.05 -0.05 -0.05 -0.0502 -0.0505 -0.0505 -0.0504 -0.0501 -0.05 -0.05 -0.05 -0.05 -0.05 -0.05 -0.05 -0.05 -0.05 -0.05 -0.0498 -0.0498 -0.0498 -0.0497 -0.0498 -0.05 -0.05 -0.05 -0.05
-9999 -9999 -9999 -9999 -9999 -9999 -9999 -9999 -0.05 -0.05 -0.05 -0.05 -0.05 -0.05 -0.0501 -0.05 -0.05 -0.0501 -0.05 -0.05 -0.05 -0.0501 -0.05 -0.05 -0.05 -0.05 -0.05 -0.0501 -0.05 -0.05 -0.0502 -0.0502 -0.0502 -0.0502 -0.0502 -0.0502 -0.0502 -0.0502 -0.0502 -0.0502 -0.0502 -0.0502 -0.0503 -0.05 -0.05 -0.0504 -0.0505 -0.0504 -0.0505 -0.05 -0.05 -0.05 -0.0505 -0.0505 -0.0505 -0.0505 -0.0505 -0.0505 -0.05 -0.05 -0.05 -0.05 -0.05 -0.05 -0.05 -0.05 -0.05 -0.05 -0.05 -0.05 -0.0497 -0.0497 -0.0499 -0.0499 -0.05 -0.05
-9999 -9999 -9999 -9999 -9999 -9999 -9999 -0.05 -0.0501 -0.05 -0.0501 -0.0501 -0.0501 -0.0501 -0.0501 -0.05 -0.05 -0.0501 -0.0501 -0.0501 -0.05 -0.05 -0.0501 -0.0501 -0.05 -0.05 -0.05 -0.05 -0.0501 -0.05 -0.0502 -0.0502 -0.0502 -0.0502 -0.0502 -0.0502 -0.0502 -0.0502 -0.0502 -0.0502 -0.0502 -0.0504 -0.0505 -0.0505 -0.0504 -0.0505 -0.0504 -0.0505 -0.0505 -0.0505 -0.05 -0.0505 -0.0505 -0.0505 -0.0505 -0.0506 -0.0505 -0.0506 -0.0506 -0.0506 -0.0506 -0.0506 -0.05 -0.05 -0.05 -0.05 -0.05 -0.05 -0.05 -0.05 -0.05 -0.05 -0.05 -0.05 -0.05 -0.05
-9999 -9999 -9999 -9999 -9999 -9999 -9999 -0.05 -0.0501 -0.0501 -0.05 -0.05 -0.05 -0.05 -0.0501 -0.0501 -0.05 -0.05 -0.0501 -0.0501 -0.05 -0.0501 -0.05 -0.05 -0.05 -0.0501 -0.05 -0.0501 -0.0501 -0.05 -0.0502 -0.0502 -0.0502 -0.0502 -0.0502 -0.0502 -0.0502 -0.0502 -0.0503 -0.0504 -0.05 -0.0505 -0.0504 -0.0505 -0.05 -0.0504 -0.0504 -0.0505 -0.0505 -0.0505 -0.0504 -0.0505 -0.0505 -0.0505 -0.0505 -0.0506 -0.0506 -0.0506 -0.0506 -0.0507 -0.0506 -0.0506 -0.0505 -0.05 -0.05 -0.05 -0.05 -0.05 -0.05 -0.05 -0.05 -0.05 -0.05 -0.05 -0.05 -0.05
-9999 -9999 -9999 -9999 -9999 -9999 -9999 -0.0501 -0.0501 -0.0501 -0.05 -0.05 -0.05 -0.05 -0.05 -0.05 -0.05 -0.05 -0.05 -0.05 -0.05 -0.05 -0.05 -0.0501 -0.05 -0.05 -0.05 -0.05 -0.05 -0.05 -0.0502 -0.0502 -0.0502 -0.0502 -0.0502 -0.0502 -0.0502 -0.0502 -0.05 -0.05 -0.0504 -0.0505 -0.0505 -0.0505 -0.0505 -0.0505 -0.0505 -0.0505 -0.0505 -0.0505 -0.0505 -0.0505 -0.0505 -0.0505 -0.0505 -0.0506 -0.0506 -0.0506 -0.0506 -0.0506 -0.0507 -0.0506 -0.0507 -0.0506 -0.0506 -0.05 -0.05 -0.05 -0.05 -0.05 -0.05 -0.05 -0.05 -0.05 -0.05 -0.05
-9999 -9999 -9999 -9999 -9999 -9999 -0.05 -0.05 -0.0501 -0.0501 -0.0501 -0.05 -0.0501 -0.05 -0.0501 -0.05 -0.0501 -0.05 -0.0501 -0.05 -0.05 -0.0501 -0.05 -0.05 -0.0501 -0.0501 -0.05 -0.0501 -0.05 -0.05 -0.05 -0.0502 -0.0502 -0.0502 -0.0503 -0.0502 -0.0503 -0.0504 -0.0504 -0.0504 -0.0505 -0.0504 -0.0505 -0.0505 -0.0505 -0.0505 -0.0505 -0.0505 -0.0505 -0.0505 -0.0505 -0.0505 -0.0505 -0.0505 -0.0505 -0.0506 -0.0506 -0.0506 -0.0506 -0.0506 -0.0506 -0.0506 -0.0506 -0.0506 -0.0506 -0.0507 -0.0502 -0.05 -0.05 -0.05 -0.05 -0.05 -0.05 -0.05 -0.05 -0.05
-9999 -9999 -9999 -9999 -9999 -9999 -0.0501 -0.0501 -0.0501 -0.0501 -0.0501 -0.05 -0.05 -0.05 -0.05 -0.05 -0.05 -0.0501 -0.05 -0.05 -0.05 -0.05 -0.05 -0.05 -0.0501 -0.05 -0.05 -0.0501 -0.0501 -0.0501 -0.05 -0.0502 -0.0502 -0.0502 -0.0502 -0.0503 -0.0505 -0.0505 -0.0505 -0.0505 -0.0505 -0.0505 -0.0504 -0.0505 -0.0505 -0.0505 -0.0505 -0.0505 -0.0505 -0.0505 -0.0505 -0.0505 -0.0505 -0.0505 -0.0505 -0.0506 -0.0506 -0.0506 -0.0507 -0.0506 -0.0507 -0.0506 -0.0507 -0.0506 -0.0507 -0.0507 -0.0506 -0.0507 -0.0506 -0.0507 -0.0507 -0.0507 -0.0507 -0.0507 -0.05 -0.05
-9999 -9999 -9999 -9999 -9999 -9999 -0.05 -0.0501 -0.05 -0.05 -0.05 -0.05 -0.0501 -0.05 -0.05 -0.05 -0.05 -0.05 -0.05 -0.0501 -0.0501 -0.05 -0.05 -0.05 -0.05 -0.05 -0.05 -0.05 -0.05 -0.05 -0.05 -0.05 -0.0502 -0.0502 -0.0502 -0.0503 -0.0504 -0.0505 -0.0505 -0.0505 -0.0505 -0.0505 -0.0505 -0.0505 -0.0505 -0.0505 -0.0505 -0.0505 -0.0505 -0.0505 -0.0505 -0.0505 -0.0505 -0.0505 -0.0505 -0.0506 -0.0506 -0.0507 -0.0506 -0.0506 -0.0507 -0.0506 -0.0506 -0.0507 -0.0506 -0.0507 -0.0507 -0.0507 -0.0507 -0.0507 -0.0507 -0.0507 -0.0507 -0.0507 -0.0502 -0.05
-9999 -9999 -9999 -9999 -9999 -0.0501 -0.05 -0.05 -0.05 -0.05 -0.0501 -0.0501 -0.0501 -0.0501 -0.05 -0.05 -0.05 -0.05 -0.0501 -0.05 -0.05 -0.05 -0.05 -0.05 -0.05 -0.05 -0.05 -0.0501 -0.05 -0.05 -0.05 -0.05 -0.0502 -0.0502 -0.0503 -0.0504 -0.0505 -0.0505 -0.0504 -0.0505 -0.0505 -0.0505 -0.0505 -0.0505 -0.0505 -0.0505 -0.0505 -0.0505 -0.0505 -0.0505 -0.0505 -0.0505 -0.0505 -0.05 -0.0505 -0.0506 -0.0506 -0.0506 -0.0506 -0.0506 -0.0507 -0.0507 -0.0507 -0.0507 -0.0507 -0.0507 -0.0507 -0.0507 -0.0506 -0.0506 -0.0506 -0.0507 -0.0507 -0.0507 -0.0506 -0.05
-9999 -9999 -9999 -9999 -9999 -0.05 -0.05 -0.05 -0.0501 -0.0501 -0.05 -0.05 -0.0501 -0.05 -0.05 -0.0501 -0.05 -0.05 -0.05 -0.05 -0.0501 -0.0501 -0.05 -0.05 -0.05 -0.05 -0.05 -0.05 -0.05 -0.05 -0.05 -0.0501 -0.05 -0.05 -0.0503 -0.0505 -0.0505 -0.0505 -0.0505 -0.0505 -0.0505 -0.0505 -0.0505 -0.0505 -0.0505 -0.0505 -0.0505 -0.0505 -0.0505 -0.0505 -0.0505 -0.0505 -0.0505 -0.0505 -0.0505 -0.0506 -0.0506 -0.0506 -0.0507 -0.0507 -0.0506 -0.0506 -0.0506 -0.0506 -0.0507 -0.0506 -0.0507 -0.0506 -0.0507 -0.0507 -0.0506 -0.05 -0.0506 -0.0507 -0.0507 -0.05
-9999 -9999 -9999 -9999 -9999 -0.0501 -0.05 -0.05 -0.0501 -0.05 -0.05 -0.05 -0.05 -0.0501 -0.05 -0.05 -0.05 -0.05 -0.0501 -0.05 -0.05 -0.05 -0.0501 -0.05 -0.0501 -0.0501 -0.05 -0.05 -0.0501 -0.05 -0.05 -0.05 -0.05 -0.05 -0.0504 -0.0505 -0.0504 -0.0505 -0.0505 -0.0505 -0.0505 -0.0504 -0.0505 -0.0505 -0.0505 -0.0505 -0.0505 -0.0505 -0.0505 -0.0505 -0.0505 -0.0505 -0.0505 -0.0505 -0.0506 -0.0506 -0.0506 -0.0506 -0.0507 -0.0506 -0.0507 -0.0507 -0.0507 -0.0507 -0.0506 -0.0506 -0.0507 -0.0507 -0.0507 -0.0507 -0.0507 -0.05 -0.0507 -0.0507 -0.0507 -0.0503
-9999 -9999 -9999 -9999 -0.0501 -0.0501 -0.05 -0.05 -0.0501 -0.0501 -0.05 -0.05 -0.05 -0.05 -0.05 -0.0501 -0.0501 -0.0501 -0.0501 -0.0501 -0.05 -0.05 -0.05 -0.0501 -0.0501 -0.05 -0.05 -0.0501 -0.0501 -0.05 -0.05 -0.05 -0.05 -0.05 -0.0505 -0.0504 -0.0505 -0.0505 -0.0505 -0.0505 -0.0505 -0.0505 -0.0505 -0.0505 -0.0505 -0.0505 -0.0505 -0.05 -0.0505 -0.0505 -0.0505 -0.0505 -0.0505 -0.0506 -0.0507 -0.0507 -0.0506 -0.0506 -0.0507 -0.0507 -0.0507 -0.0507 -0.0507 -0.0506 -0.0506 -0.0507 -0.0507 -0.0507 -0.0507 -0.0506 -0.0507 -0.0507 -0.0507 -0.0507 -0.0507 -0.0507
-9999 -9999 -9999 -9999 -0.0501 -0.0501 -0.0501 -0.05 -0.05 -0.0501 -0.05 -0.05 -0.0501 -0.0501 -0.05 -0.05 -0.0501 -0.05 -0.05 -0.05 -0.0501 -0.05 -0.0501 -0.0501 -0.0501 -0.05 -0.05 -0.05 -0.0501 -0.0501 -0.0501 -0.05 -0.0501 -0.05 -0.05 -0.0504 -0.0504 -0.0505 -0.0504 -0.0505 -0.0506 -0.0505 -0.0506 -0.0505 -0.0506 -0.0506 -0.0507 -0.05 -0.0508 -0.0505 -0.0505 -0.0501 -0.05 -0.0506 -0.0506 -0.0507 -0.0507 -0.0507 -0.0506 -0.0507 -0.0506 -0.0506 -0.0507 -0.0507 -0.0507 -0.0507 -0.0506 -0.0507 -0.0507 -0.0507 -0.0507 -0.0507 -0.0507 -0.0507 -0.0507 -0.0507
-9999 -9999 -9999 -9999 -0.05 -0.05 -0.05 -0.05 -0.05 -0.0501 -0.0501 -0.05 -0.05 -0.05 -0.05 -0.05 -0.0501 -0.05 -0.05 -0.05 -0.0501 -0.05 -0.05 -0.05 -0.05 -0.05 -0.0501 -0.0501 -0.0501 -0.05 -0.0501 -0.0501 -0.05 -0.05 -0.05 -0.05 -0.05 -0.0505 -0.0505 -0.0505 -0.0505 -0.0506 -0.0506 -0.0505 -0.0506 -0.0506 -0.0505 -0.05 -0.0506 -0.05 -0.05 -0.05 -0.0507 -0.0507 -0.0507 -0.0507 -0.0506 -0.0507 -0.0507 -0.0507 -0.0507 -0.0507 -0.0507 -0.0507 -0.0507 -0.0507 -0.0507 -0.0507 -0.0507 -0.0507 -0.0507 -0.0507 -0.0507 -0.0507 -0.0507 -0.0507
-9999 -9999 -9999 -0.05 -0.05 -0.0501 -0.05 -0.0501 -0.05 -0.05 -0.0501 -0.0501 -0.0501 -0.05 -0.05 -0.05 -0.05 -0.05 -0.05 -0.05 -0.0501 -0.05 -0.05 -0.0501 -0.0501 -0.05 -0.0501 -0.05 -0.05 -0.0501 -0.05 -0.05 -0.05 -0.0501 -0.05 -0.05 -0.05 -0.05 -0.0505 -0.0505 -0.0505 -0.0506 -0.0505 -0.0505 -0.0506 -0.0506 -0.0505 -0.0505 -0.05 -0.05 -0.05 -0.05 -0.0506 -0.0507 -0.0507 -0.0506 -0.0507 -0.0506 -0.0507 -0.0507 -0.0507 -0.0507 -0.0507 -0.0507 -0.0507 -0.0507 -0.0506 -0.0507 -0.0507 -0.0507 -0.0507 -0.0507 -0.0507 -0.0507 -0.0507 -0.0507
-9999 -9999 -9999 -0.05 -0.05 -0.0501 -0.0501 -0.0501 -0.0501 -0.05 -0.05 -0.0501 -0.0501 -0.05 -0.05 -0.05 -0.05 -0.0501 -0.0501 -0.05 -0.0501 -0.0501 -0.05 -0.0501 -0.05 -0.05 -0.0501 -0.05 -0.05 -0.05 -0.05 -0.05 -0.05 -0.05 -0.05 -0.05 -0.0504 -0.05 -0.05 -0.0506 -0.0505 -0.0505 -0.0506 -0.0506 -0.0506 -0.0506 -0.0501 -0.05 -0.05 -0.05 -0.05 -0.0507 -0.0507 -0.0507 -0.0507 -0.0507 -0.0506 -0.0507 -0.0506 -0.0507 -0.0507 -0.0507 -0.0507 -0.0507 -0.0507 -0.0507 -0.0506 -0.0507 -0.0507 -0.0507 -0.0507 -0.0507 -0.0507 -0.0507 -0.0507 -0.0507
-9999 -9999 -9999 -0.05 -0.05 -0.0501 -0.05 -0.0501 -0.05 -0.05 -0.0501 -0.05 -0.05 -0.0501 -0.0501 -0.05 -0.05 -0.0501 -0.05 -0.05 -0.0501 -0.05 -0.05 -0.05 -0.0501 -0.0501 -0.05 -0.0501 -0.0501 -0.0501 -0.05 -0.05 -0.05 -0.05 -0.05 -0.05 -0.0502 -0.0503 -0.05 -0.0506 -0.0505 -0.0506 -0.0506 -0.0505 -0.0505 -0.0506 -0.0506 -0.05 -0.05 -0.05 -0.0506 -0.0507 -0.0506 -0.0507 -0.0507 -0.0507 -0.0507 -0.0507 -0.0507 -0.0507 -0.0507 -0.0507 -0.0507 -0.0507 -0.0507 -0.0506 -0.0507 -0.0507 -0.0507 -0.0507 -0.0507 -0.0507 -0.0508 -0.0507 -0.0507 -0.0503
