data/entities/Measures_khals_widened_4m/CaseDifferenceDuration_fraction.asc
ncols         98 
nrows         130 
xllcorner     530385.4375 
yllcorner     504074.10385949 
cellsize      100 
NODATA_value -9999 
[rows 70 to 104 of 130, columns 0 to 78 of 98]
1 1 1 1 1 1 0.98824 0.97701 0.97701 1 0.5119 0.69048 0.98824 0.97727 0.87129 0.98876 0.98876 0.98876 0.98876 0.98876 0.98876 0.97674 1 0.5119 0.90698 0.82759 0.90476 0.33333 0.375 0.375 0.81481 0.90698 0.98824 0.4881 0.5119 0.97701 0.97701 0.97701 0.97701 0.97727 0.98876 0.87255 0.97753 0.98824 0.875 0.6 0.75676 0.98824 0.98837 0.97701 0.98824 0.70732 0.80952 0.4375 0.91667 0.70732 0.5119 1 0.98824 0.97701 0.80952 1 1 0.725 0.92683 0.91667 0.375 0.4 0.4 0.4 0.4 0.4 0.4 0.4 0.4 0.4 0.4 0.4 0.4
1 1 1 1 0.5119 0.52381 1 0.97674 0.98864 0.5119 0.71795 0.42105 0.93023 0.98824 0.98876 0.98864 0.98837 0.98837 0.96591 0.97727 0.97674 0.97701 0.98824 0.98824 0.725 0.95455 0.5 0.4 0 1 0.375 0.33333 0.71795 0.90244 0.71795 0.82759 0.98824 0.97701 0.97727 0.97727 0.98876 0.98876 0.96591 0.52381 0.78571 0.86364 0.725 0.98824 0.98824 0.97701 0.97727 0.98824 0.98824 0.98824 0.5119 0.52381 0.98837 0.98824 0.98824 0.98824 0.60294 1 1 0.725 0.925 0.91304 0.55556 0.4 0.4 0.4 0.4 0.4 0.4 0.4 0.4 0.4 0.4 0.4 0.4
1 1 1 0.98824 0.5119 0.5119 0.52381 1 0.96591 0.5119 0.73684 0.78571 0.71795 0.69048 0.98876 0.97727 0.98824 0.69048 1 0.97701 0.98876 0.98864 0.97701 0.98837 0.7027 0.78571 0.78571 0.78571 0.91667 0.85714 0.70732 0.98824 0.98824 1 0.52381 0.98837 0.98824 0.80952 0.5119 0.98837 0.97727 0.97753 0.97674 0.5119 0.71795 0.71795 0.90244 0.88636 1 0.97674 0.98824 0.97701 0.96591 0.97674 1 0.93182 0.98837 0.98837 0.98824 0.98824 0.4881 1 1 0.725 0.90244 0.91667 0.4375 0.4 0.4 0.4 0.4 0.4 0.4 0.4 0.4 0.4 0.4 0.4 0.6
1 1 1 1 0.5119 0.7069 0.4881 0.52381 0.97727 0.98824 0.5119 0.80952 0.75676 0.5119 0.97727 0.97701 0.98824 0.75676 0.4881 0.97674 0.98876 0.97753 0.98837 0.74359 0.70732 0.5119 0.98876 0.98824 0.97674 0.97727 0.96591 0.97701 0.98876 0.98876 0.98876 0.97753 0.96591 0.97674 0.98824 0.97701 0.98864 0.97753 0.97674 0.69048 0.90698 0.90698 0.70732 0.90698 0.52381 0.97701 0.97727 0.98864 0.98876 1 0.97727 0.98837 0.96591 0.98837 0.97674 0.98824 0.4881 1 1 0.725 0.92683 0.82143 0.78947 0.4 0.4 0.4 0.4 0.4 0.4 0.4 0.4 0.4 0.4 0.4 0.6
1 1 1 1 1 0.90698 0.90698 0.93182 0.5119 0.52381 0.52381 0.70732 0.70732 0.52381 0.97674 0.97701 0.98824 0.88636 0.5119 0.98824 0.97727 0.98837 0.98824 0.98824 0.80952 0.98824 1 0.98824 0.97701 0.97727 0.98864 0.98876 0.87255 0.98889 0.98876 0.98876 0.98876 0.97753 0.98876 0.98876 0.98876 0.98876 0.97727 0.98837 0.98824 0.5119 0.88636 0.4881 0.98824 0.97727 0.98864 0.98876 0.98876 0.98876 0.97701 0.98824 0.5119 1 0.98824 0.98824 0.7069 0.93182 1 0.725 0.95122 0.75676 0.90476 0.6 0.4 0.4 0.4 0.4 0.4 0.4 0.4 0.4 0.4 0.4 0.6
1 1 1 1 0.98824 0.90698 0.90244 0.90244 0.90244 0.90698 0.5119 0.52381 1 0.98837 0.98876 0.97753 0.97701 0.98837 0.5119 0.90698 0.90244 0.90698 0.52381 0.98824 0.97674 0.98837 0.97701 0.96591 0.96591 0.97727 0.97753 0.98876 1 0.98889 0.98889 1 0.98889 0.98889 0.98889 0.98889 0.98889 0.98889 0.98876 0.98876 0.96591 0.96591 0.96591 0.96591 0.98824 0.52381 0.52381 0.98824 0.97727 0.97727 0.98824 0.5119 0.90698 0.90909 0.93182 0.52381 0.93023 0.90244 1 0.74359 0.925 0.925 0.90909 0.6 0.4 0.4 0.5 0.44444 0.4 0.4 0.4 0.4 0.4 0.4 0.6
1 1 1 1 1 0.93182 0.74359 0.73684 0.85714 0.93182 1 0.96591 0.97753 0.98876 0.88119 0.98876 0.97727 0.98837 0.7069 0.85714 1 0.82759 0.5119 0.97753 0.98876 0.98876 0.98876 0.98876 0.97727 0.96591 0.98864 0.98876 0.97802 0.97802 0.88119 0.88235 0.88235 0.88235 0.8835 0.88235 0.87255 0.88119 0.98889 0.98889 0.98876 0.98876 1 0.98864 0.52381 0.82759 0.7619 0.90698 0.98824 0.97701 0.98824 1 0.4881 0.89655 0.75676 0.85714 0.85714 0.82143 1 0.82759 0.74359 0.925 0.90476 0.4 0.4 0.4 0.42105 0.42105 0.44444 0.4 0.4 0.4 0.4 0.4 0.6
1 1 1 1 1 0.5119 0.75676 0.85714 0.78947 0.91667 0.90698 0.98824 0.98876 0.98876 0.88119 0.98876 0.96591 0.98824 0.5119 0.90244 0.74359 0.93182 0.97674 0.98889 0.98876 0.98876 0.98876 0.97701 0.98824 0.97727 0.98876 1 0.98889 0.97802 0.88119 0.88119 0.87255 0.88235 0.88235 0.88235 0.88235 0.88235 0.88119 0.98889 0.98889 0.98876 0.98864 0.97701 0.98824 0.98824 0.98824 0.98824 0.98864 0.97701 0.98824 0.5119 0.74359 0.85714 0.84211 0.5 0.42105 0.78947 1 1 0.75676 0.74359 0.84211 0.4 0.4 0.4 0.42105 0.42105 0.375 0.4 0.4 0.4 0.4 0.4 0.4
1 1 1 1 1 0.98824 0.75676 0.78571 1 0.33333 0.725 0.98824 0.98876 0.98876 0.98876 0.98864 0.98837 1 0.98824 0.98824 0.97674 0.97701 0.97727 0.98876 0.97753 0.97727 0.98824 0.42857 0.73684 0.98876 0.98876 0.98876 0.98889 0.98876 0.98876 0.87255 0.98889 0.98889 0.87255 0.97802 0.87255 0.87255 0.97802 0.98889 0.98876 0.98864 0.98837 0.97674 0.97727 0.98876 1 0.98876 0.98876 0.98837 0.60294 0.71795 0.74359 0.90476 0.6 0.4 0.4 0.6 0.6 1 0.85714 0.74359 0.47368 0.4 0.4 0.4 0.42105 0.42105 0.4 0.4 0.4 0.4 0.4 0.4 0.4
1 1 1 1 1 1 0.74359 0.91667 1 0.75 0.75676 0.97753 0.97701 0.96591 0.97727 0.97701 0.98837 0.98824 0.98837 0.97701 0.97727 0.98837 0.98824 1 0.98824 0.97674 0.98824 0.90244 0.4881 0.98824 0.97701 0.97701 0.5119 0.5 0.5119 0.90698 0.7069 0.52381 1 0.97727 1 0.98889 1 0.98876 0.98864 0.96591 0.97674 0.98824 0.80952 0.52381 0.52381 0.52381 0.98824 0.5119 0.78571 0.42857 0.90476 0.78947 0.4 0.4 0.4 0.4 0.375 1 0.88 0.74359 0.84211 0.4 0.4 0.4 0.42105 0.42105 0.4 0.4 0.4 0.4 0.4 0.4 0.4
1 1 1 1 1 1 0.93023 0.91667 0.91304 0.91667 0.875 0.42105 0.93182 1 0.98837 0.98837 0.98837 0.98837 0.97701 0.96591 0.97753 0.98824 0.93182 0.78571 0.90698 1 0.97727 0.5119 0.90698 0.78571 0.86364 1 0 0.42105 0.78571 0.33333 0.82143 0.88636 0.98824 0.97727 0.98876 0.98876 0.98876 0.98864 0.96591 0.98837 0.98837 0.98824 0.88636 0.78571 0.84211 0.71795 0.90244 0.74359 0.90909 0.90909 0.91667 0.78947 0.4 0.4 0.4 0.4 0.26667 1 1 0.74359 0.84211 0.4 0.4 0.4 0.42105 0.42105 0.6 0.4 0.4 0.4 0.4 0.4 0.4
1 1 1 1 1 1 0.64286 0.875 0.75676 0.75 0.74359 0.82143 0.90698 1 0.97727 0.97727 0.97701 0.98837 0.98837 0.97701 0.97674 0.98824 0.60294 0.74359 0.90698 0.5119 0.52381 0.88636 0.90698 0.725 0.82759 0.4 1 1 0.98824 0.4881 0.5119 0.96591 0.88235 0.88119 0.98889 0.98876 0.97753 0.97727 0.97727 0.97701 0.98824 0.98824 0.5119 0.4881 0.5 0.90698 0.90698 0.70732 0.82759 0.74359 0.89655 0.84211 0.4 0.4 0.4 0.4 0.375 0.42105 1 0.725 0.84211 0.4 0.4 0.4 0.42105 0.42105 0.375 0.4 0.4 0.4 0.4 0.4 0.4
1 1 1 1 1 1 1 0.85714 0.85185 0.89655 0.75 0.90698 0.5119 0.98824 0.97727 0.96591 0.98837 0.80952 0.98824 0.98837 0.97753 0.98824 0.52381 0.5 0.5119 0.52381 0.98824 0.98837 0.98824 0.5119 0.75676 0.36842 1 0.6 0.90698 0.98824 0.97674 0.97727 0.98876 0.98876 0.98876 0.98876 0.98876 0.97727 0.96591 0.97701 0.97674 0.98824 0.98824 0.98824 0.98824 1 0.98824 0.52381 0.90698 0.95122 0.85714 0.90476 0.6 0.4 0.4 0.4 0.6 0.42105 1 0.725 0.84211 0.4 0.4 0.4 0.42105 0.42105 0.42105 0.4 0.4 0.4 0.4 0.4 0.4
1 1 1 1 1 1 1 0.94872 0.875 0.85185 0.93103 0.93182 0.98824 1 0.98824 0.97701 0.97701 0.96591 0.98837 0.98837 0.97701 1 0.60294 0.74359 0.4881 1 0.97701 0.96591 0.96591 0.96591 0.5119 0.71795 0.82759 0.70732 0.5119 0.98824 0.98837 0.97701 0.52381 0.42105 0.70732 0.98889 0.97701 0.97701 0.97701 0.96591 0.98864 0.97701 0.88636 0.78571 0.82759 0.70732 0.5119 0.52381 0.90909 0.74359 0.91667 0.90909 0.90476 0.4 0.6 0.6 0.6 0.42105 1 0.74359 0.8 0.4 0.4 0.4 0.42105 0.42105 0.42105 1 0.4 0.4 0.4 0.4 0.4
1 1 1 1 1 1 1 0.64706 0.91304 0.85185 0.74359 0.5 0.98824 0.98837 0.98876 0.97727 0.97701 0.97701 0.98837 0.98824 0.64286 0.4881 0.90698 0.90698 0.5119 1 0.98824 0.98824 0.98824 0.96591 1 0.5119 0.52381 0.98824 0.98824 0.98837 0.97701 0.97727 0.52381 0.7619 0.88 0.71795 1 0.98824 0.98824 0.98837 0.96591 0.98824 0.82759 0 0 0.90909 0.75676 0.71795 0.75676 0.86364 0.46667 0.90476 0.85714 0.82759 0.85 0.4375 0.44444 0.33333 1 1 0.95 0.4 0.4 0.4 0.42105 0.42105 0.42105 0.42105 0.5 0.4 0.4 0.4 0.4
1 1 1 1 1 1 1 1 0.8 0.72973 0.90698 0.5119 1 0.98851 1 0.97727 1 0.52381 0.52381 0.52381 0.90698 0.92683 0.93182 0.98824 0.4881 0.88636 0.88636 0.60294 0.88636 0.70732 0.4881 0.5119 0.98824 0.98824 0.97701 0.98876 0.98876 0.98876 0.98876 0.98824 0.98824 0.97674 1 0.52381 0.52381 1 0.98824 1 0.725 0.91304 0.86364 0.82143 0.725 0.74359 0.89655 0.90909 0.90476 0.84211 0.91667 0.82759 0.91667 0.84211 0.26667 0.33333 1 1 0.75 0.4 0.4 0.4 0.5 0.42105 0.42105 0.42105 0.57143 0.4 0.4 0.4 0.4
1 1 1 1 1 1 1 1 0.9 0.90909 0.5119 0.78824 0.98824 1 0.98851 0.98837 0.64286 0.92683 0.60294 0.93182 0.87805 0.71795 0.75676 0.91667 0.80952 0.78571 0.90698 0.4881 0.7069 0.90244 0.5 0.5119 0.52381 0.98824 0.97727 0.98889 0.98889 0.98876 0.97727 0.98876 0.98876 0.98876 0.97674 0.5119 0.70732 0.90698 0.5 0.5119 0.5119 0.5 0.90698 0.82759 0.875 0.90909 0.90909 0.5 0.6 0.90909 0.82759 0.82759 0.90909 0.5 0.6 0.4375 1 1 0.57143 0.4 0.4 0.4 0.6 0.42105 0.42105 0.625 0.4 0.4 0.4 0.4 1
1 1 1 1 1 1 1 1 1 0.93182 0.90244 0.74359 0.73684 0.90698 1 0.98837 0.98824 0.5119 0.4881 0.90698 0.71795 0.78571 0.81481 0.86364 0.875 0.70732 0.98824 0.98837 0.97701 0.97701 0.98824 0.98824 0.5119 0.5 0.97701 0.88119 0.98876 0.98876 0.98876 0.98876 0.98889 0.88119 0.98824 0.4881 0.71795 0.4881 0.52381 0.98824 1 0.69048 0.4881 0.82759 0.7619 1 0.375 0.42857 0.90909 0.82759 0.82759 0.91304 0.84211 0.625 0.4 0.75 1 0.96429 0.875 0.4 0.4 0.4 0.6 0.42105 0.42105 0.4 0.4 0.4 0.6 0.75 1
1 1 1 1 1 1 1 1 1 1 0.8 1 1 0.90476 0.75926 0.98837 0.98824 0.64286 0.4881 0.74359 0.91667 0.91304 0.78571 0.70732 0.4881 0.98824 0.97701 0.97727 0.97727 0.97727 0.96591 0.98837 0.98824 0.88636 1 0.97727 0.97727 0.97727 0.97753 0.98876 0.97674 0.74359 0.90698 0.52381 0.98824 0.98824 0.96591 0.97753 1 0.725 0.91667 0.75676 0.70732 0.5119 0.90244 0.93182 0.52381 0.71795 0.375 1 1 0.6 1 1 0.95652 0.80556 0.42857 0.4 0.4 0.4 0.4 0.42105 0.375 0.4 0.4 0.57143 0.5 0 1
1 1 1 1 1 1 1 1 1 1 1 0.88462 1 0 0.95238 0.5119 0.93182 0.5119 0.5119 0.71795 0.90476 0.75 0.91667 0.71795 0.60294 0.98824 0.97727 0.97701 0.98837 0.98837 0.98824 0.52381 0.90698 0.90698 0.4881 0.52381 1 1 1 0.4881 0.70732 0.42105 0.82759 0.90244 0.70732 0.5119 0.97701 0.98876 0.98824 0.90698 0.72973 0.90698 0.5119 0.98824 0.52381 0.52381 0.98824 0.42105 1 1 0.4 1 1 0.5 0.95652 0.93103 0.6 0.4 0.4 0.4 0.4 0.6 0.6 0.4 0.57143 1 0.95238 1 1
1 1 1 1 1 1 1 1 1 1 1 1 1 0.95652 0.95238 1 0.41176 0.74359 0.5119 0.91667 1 0 0.86364 0.89655 0.4881 0.98824 0.97701 0.98837 0.98824 0.52381 0.5119 0.93182 0.74359 0.88372 0.4881 0.5 0.69048 0.5119 0.90698 0.5119 0.88636 0.71795 0.71795 0.90244 0.88636 0.52381 0.97727 0.98876 0.96591 0.97674 0.4881 1 0.98824 0.98824 0.90698 0.82759 0.7619 1 1 1 1 0.4 0.4 0.4375 0.95652 0.96429 0.6 0.4 0.4 0.4 0.4 0.6 0.625 0.57143 0.47059 0.77778 1 1 1
1 1 1 1 1 1 1 1 1 1 1 1 1 1 1 0.8 0.66667 0.41176 0.91667 0.36842 0 0.41176 0.84615 0.70732 0.98824 0.98824 0.98824 0.98824 0.98824 1 0.98824 0.5119 0.88636 0.4881 0.69048 0.96591 0.97701 0.97701 0.97753 0.97674 0.98824 0.98837 0.98837 0.98837 0.96591 0.97701 0.98837 0.98824 0.97674 0.97701 0.96591 0.98824 1 0.93182 0.86364 0 0.4 0.4 1 1 0.4 0.4 0.4 0.875 0.91304 0.92857 0.6 0.4 0.4 0.4 0.4 0.4375 0.8 0.8 0.8 0.6 1 1 1
1 1 1 1 1 1 1 1 1 1 1 1 1 1 1 0.23894 0.5 1 1 1 0.8 0.92857 0.93103 0.70732 0.4881 0.5119 0.52381 0.69048 1 0.98824 0.98824 0.98824 0.52381 0.52381 0.98824 0.97674 0.97701 0.96591 0.97701 0.97701 0.98837 0.98824 0.98837 0.96591 0.97727 0.98824 0.52381 0.52381 0.97674 0.96591 0.97701 0.52381 0.70732 0.875 0.375 0.625 1 1 0.5 0.5 0.8 0.95455 0.8 0.95238 0.88 0.93103 0.9 0.4 0.4 0.4 0.57143 0.90909 0.90909 0.90909 0.8 1 1 1 1
1 1 1 1 1 1 1 1 1 1 1 1 1 1 1 1 1 1 1 1 1 0.85185 0.875 0.82759 0.725 0.90698 0.93182 0.4881 0.4881 0.87805 0.5 0.98824 0.98824 0.4881 0.90698 0.98824 0.98824 0.97701 0.97727 0.98837 0.98824 0.5119 0.97674 0.96591 0.97701 0.97701 0.96591 0.97727 0.98837 0.98824 1 0.4881 0.90698 0.81481 0.90476 1 1 0.4375 0.7619 0.91304 0.84615 0.96296 0.96154 0.88462 0.96296 0.96429 1 0.95652 0.4 0.4 0.95455 0.90909 0.90909 0.90909 1 1 1 1 1
1 1 1 1 1 1 1 1 1 1 1 1 1 1 1 1 1 1 1 0.7619 0 1 1 0.5 0.89655 0.73684 0.70732 0.90698 0.74359 0.91304 0.71795 0.5 0.4881 0.73684 0.86364 1 0.725 0.98824 0.98837 0.97701 0.96591 0.97701 0.96591 0.97753 0.98889 0.98876 0.97727 0.97674 0.5119 0.71795 0.78571 0.70732 0.75676 1 1 1 0.42105 0.36842 0.5 0.84211 0.95455 0.96296 0.96296 0.96296 0.96296 0.92857 0.96552 0.96429 0.95455 0.95455 1 0.4 0.57143 1 1 1 1 1 1
1 1 1 1 1 1 1 1 1 1 1 1 1 1 1 1 1 1 1 1 1 0.4375 1 1 1 0.42857 0.91304 0.90244 0.93023 0.86364 0.78571 0.90698 0.90698 0.85714 0.80952 0 0.91667 0.69048 0.97701 0.98837 0.98837 0.98837 0.97701 0.97727 0.98864 0.97701 0.98824 0.5119 0.71795 0.875 0.74359 0.5 1 1 1 1 0.26667 0.26667 0.5 0.6 0.8 0.92 0.96296 0.96296 0.96296 0.92857 0.96429 0.93103 0.93103 0.92857 0.95652 0.4 0.4 1 1 1 1 1 1
1 1 1 1 1 1 1 1 1 1 1 1 1 1 1 1 1 1 1 1 1 1 0.047619 1 1 1 1 0.875 0.74359 0.89655 0.89655 0.74359 0.70732 0.72973 0.89655 0.74359 0.90698 0.52381 0.97701 0.97701 0.98837 0.98824 0.97701 0.98837 0.97674 0.5119 0.71795 0.7619 0.80952 0.4 1 1 1 1 1 1 0.6 0.6 0.375 0.44444 0.5 0.4375 0.96296 1 0.92593 0.96296 0.96429 0.93333 0.96552 0.92857 0.88462 0.4 1 1 1 1 1 1 1
1 1 1 1 1 1 1 1 1 1 1 1 1 1 1 1 1 1 1 1 1 1 1 1 1 1 1 1 0.375 0.74359 0.75 0.89655 0.78571 0.89655 0.93103 0.85714 0.5 0.97727 0.97727 0.96591 0.98876 0.98876 0.97701 0.97674 0.98824 0.5119 0.90698 0.90698 0.86364 1 1 1 1 1 1 1 0.4 0.4 0.57143 0.375 0.6 0.4 0.5 0.95238 0.91304 0.96154 0.96429 0.77778 0.96552 0.96154 0.9 1 1 1 1 1 1 1 1
1 1 1 1 1 1 1 1 1 1 1 1 1 1 1 1 1 1 1 1 1 1 1 1 1 1 0.47059 0 0.66667 0.74359 0.75 0.89655 0.82143 0.91667 0.875 0.875 0.60294 0.97701 0.90698 0.5119 0.98824 0.97753 0.97701 1 0.4881 0.4881 0.88636 0.90698 1 1 0.875 0.85714 0.5 1 1 1 0.57143 0.5 0.8 0.8 0.8 0.875 0.75 0.85714 0.91304 0.88462 0.96296 0.96429 0.92857 0.91304 1 1 1 1 1 1 1 1 1
1 1 1 1 1 1 1 1 1 1 1 1 1 1 1 1 1 1 1 1 1 1 1 1 1 1 1 1 0.8 0.89655 0.91304 0.84615 0.93103 0.90698 0.60294 0.94382 0.89655 1 0.5 0.89655 0.5119 0.97701 0.97674 0.52381 0.88636 0.74359 0.78571 1 1 0.66667 0.66667 0.89474 1 0.96429 0.92308 1 0.84615 0.84615 0.88462 0.92857 0.96296 0.92593 0.88462 0.91304 0.91304 0.91304 0.92 0.92308 0.92 1 1 1 1 1 1 1 1 1 1
1 1 1 1 1 1 1 1 1 1 1 1 1 1 1 1 1 1 1 1 1 1 1 1 1 1 1 1 0.4375 1 1 0.41176 0.87097 0.7069 0.94382 0.99 0.85714 0.5 0.80952 0.71795 1 0.97727 0.97701 0.98824 0.52381 0.90909 1 1 0.91667 1 0.6 0.89474 1 0.42353 1 1 0.84615 0.91304 0.88462 0.96296 0.96296 0.96296 0.96154 0.88462 0.92 0.95652 0.95652 0.91304 0.4 1 1 1 1 1 1 1 1 1 1
1 1 1 1 1 1 1 1 1 1 1 1 1 1 1 1 1 1 1 1 1 1 1 1 1 1 1 1 1 1 1 1 0.91667 0.60294 0.94382 1 0.5119 0.74359 0.71795 0.5119 0.97674 1 0.97727 0.98837 0.98824 1 1 0.97802 0.96429 0.875 0.6 0.86364 1 0.75 0.91667 1 1 0.75 0.90909 0.96296 1 0.85185 0.88462 0.85185 0.85185 0.88462 0.95652 0.6 1 1 1 1 1 1 1 1 1 1 1
1 1 1 1 1 1 1 1 1 1 1 1 1 1 1 1 1 1 1 1 1 1 1 1 1 1 1 1 1 1 1 1 0.80952 0.74359 0.92683 0.99 0.87805 0.91304 0.33333 0.42105 0.75676 0.98824 0.98824 0.98824 1 1 0.62921 0.80531 0.47059 0.81818 0.92593 0.92593 0.75 0.69231 0.91667 1 1 0.57143 0.90909 0.71429 0.85185 0.8 0.90909 0.91304 0.92 0.92 1 1 0.66667 1 1 1 1 1 1 1 1 1 1
1 1 1 1 1 1 1 1 1 1 1 1 1 1 1 1 1 1 1 1 1 1 1 1 1 1 1 1 1 1 1 1 1 1 1 1 1 1 1 1 1 1 1 1 1 0.70732 0.70732 0.9 0.75 0.92593 0.89474 1 0.87097 0.71053 0.92593 1 0.375 0.375 0.67568 0.67568 0.875 0.57143 0.6 0.85 0.91304 0.41176 1 1 1 1 1 1 1 1 1 1 1 1 1
1 1 1 1 1 1 1 1 1 1 1 1 1 1 1 1 1 1 1 1 1 1 1 1 1 1 1 1 1 1 1 0 0.5 0.93333 0.88462 0.92308 0.91304 0.88 0.77778 0.96429 0.92308 1 0.75676 0.76923 0.73684 0.71795 0.85714 0.7381 0.93103 0.96296 0.64286 0.75 0.64286 0.68182 1 1 1 0.51765 0.50588 0.93182 0.72727 0.5 0.33333 0.75 0.375 1 1 1 1 1 1 1 1 1 1 1 1 1 1
