data/entities/Measures_khals_widened_4m/CaseDifferenceDepth_m.asc
ncols         98 
nrows         130 
xllcorner     530385.4375 
yllcorner     504074.10385949 
cellsize      100 
NODATA_value -9999 
[rows 31 to 61 of 130, columns 0 to 68 of 98]
-9999 -9999 -9999 -0.0698 -0.0698 -0.0698 -0.0697 -0.0697 -0.0665 -0.0693 -0.0694 -0.0697 -0.0697 -0.0696 -0.0696 -0.0697 -0.0697 -0.0692 -0.0696 -0.0696 -0.0677 -0.0675 -0.0674 -0.0673 -0.0672 -0.0672 -0.0671 -0.067 -0.0669 -0.0669 -0.0669 -0.0669 -0.05 -0.05 -0.05 -0.05 -0.0669 -0.05 -0.05 -0.0945 -0.0941 -0.094 -0.0939 -0.0938 -0.0936 -0.0934 -0.0503 -0.05 -0.05 -0.05 -0.05 -0.0874 -0.0875 -0.0874 -0.0875 -0.0874 -0.0872 -0.0872 -0.0871 -0.0872 -0.0871 -0.0872 -0.0866 -0.0867 -0.0867 -0.0869 -0.0867 -0.0866 -0.0863
-9999 -9999 -9999 -0.07 -0.07 -0.07 -0.0699 -0.0699 -0.0502 -0.0699 -0.0702 -0.0701 -0.07 -0.07 -0.07 -0.07 -0.07 -0.07 -0.0699 -0.0699 -0.0678 -0.0682 -0.0677 -0.0674 -0.0674 -0.0673 -0.0504 -0.067 -0.067 -0.067 -0.0669 -0.067 -0.05 -0.05 -0.05 -0.05 -0.0804 -0.081 -0.05 -0.0967 -0.0946 -0.0943 -0.0942 -0.094 -0.094 -0.0941 -0.0583 -0.05 -0.05 -0.05 -0.0648 -0.0889 -0.0876 -0.0879 -0.0744 -0.0873 -0.0873 -0.0872 -0.0872 -0.0872 -0.0873 -0.087 -0.0869 -0.087 -0.087 -0.087 -0.0872 -0.087 -0.0868
-9999 -9999 -0.0701 -0.0702 -0.0701 -0.0701 -0.0701 -0.0702 -0.0698 -0.0698 -0.0699 -0.0699 -0.0701 -0.0703 -0.0702 -0.0701 -0.0701 -0.0701 -0.07 -0.07 -0.0698 -0.0692 -0.0684 -0.0676 -0.0674 -0.0667 -0.0668 -0.0668 -0.0669 -0.0669 -0.0671 -0.0671 -0.0672 -0.0713 -0.0584 -0.0595 -0.0759 -0.0761 -0.05 -0.05 -0.0943 -0.0943 -0.0942 -0.0942 -0.0943 -0.0943 -0.0944 -0.0908 -0.0755 -0.0501 -0.05 -0.05 -0.0875 -0.0877 -0.0501 -0.05 -0.0501 -0.0838 -0.0872 -0.0876 -0.0877 -0.0877 -0.0875 -0.0875 -0.0873 -0.0872 -0.0878 -0.0887 -0.0906
-9999 -9999 -0.0699 -0.07 -0.0701 -0.0701 -0.0701 -0.0699 -0.0696 -0.0697 -0.0697 -0.0697 -0.0698 -0.0699 -0.0701 -0.0702 -0.0702 -0.0701 -0.0701 -0.0702 -0.0701 -0.0698 -0.0692 -0.0649 -0.0504 -0.0561 -0.05 -0.0638 -0.0666 -0.0669 -0.0671 -0.0672 -0.0672 -0.0703 -0.0528 -0.05 -0.05 -0.0501 -0.05 -0.05 -0.05 -0.0943 -0.0943 -0.0943 -0.0944 -0.0943 -0.0944 -0.0945 -0.0944 -0.0938 -0.05 -0.05 -0.0851 -0.0876 -0.05 -0.05 -0.0501 -0.0501 -0.0837 -0.0885 -0.0882 -0.088 -0.0879 -0.0879 -0.0879 -0.088 -0.0881 -0.0882 -0.0889
-9999 -9999 -0.0697 -0.0697 -0.0697 -0.0698 -0.0697 -0.0695 -0.0696 -0.0695 -0.0696 -0.0696 -0.0696 -0.0697 -0.0698 -0.0698 -0.0698 -0.0698 -0.0699 -0.07 -0.0702 -0.0701 -0.07 -0.0667 -0.0667 -0.0665 -0.05 -0.05 -0.05 -0.05 -0.0501 -0.0513 -0.05 -0.05 -0.0569 -0.05 -0.0556 -0.0668 -0.0683 -0.0683 -0.05 -0.0943 -0.0943 -0.0943 -0.0944 -0.0945 -0.0945 -0.0945 -0.0945 -0.0945 -0.0945 -0.081 -0.0559 -0.0796 -0.05 -0.05 -0.0501 -0.0501 -0.0701 -0.0905 -0.0898 -0.0887 -0.088 -0.088 -0.0879 -0.088 -0.088 -0.088 -0.0883
-9999 -0.0692 -0.0693 -0.0694 -0.0694 -0.0695 -0.0694 -0.0693 -0.0693 -0.0694 -0.0693 -0.0694 -0.0694 -0.0694 -0.0694 -0.0694 -0.0694 -0.0693 -0.0694 -0.0695 -0.0699 -0.0695 -0.0692 -0.069 -0.069 -0.0689 -0.0689 -0.0688 -0.0684 -0.05 -0.05 -0.05 -0.05 -0.0542 -0.0688 -0.0689 -0.0686 -0.0683 -0.0684 -0.0683 -0.0684 -0.05 -0.0943 -0.0945 -0.0944 -0.0946 -0.0945 -0.0945 -0.0945 -0.0945 -0.0945 -0.0944 -0.0881 -0.05 -0.05 -0.05 -0.05 -0.0501 -0.0927 -0.0947 -0.0936 -0.0917 -0.0896 -0.0884 -0.088 -0.0879 -0.0879 -0.0879 -0.0876
-9999 -0.0692 -0.0691 -0.0692 -0.0693 -0.0692 -0.0691 -0.0692 -0.0691 -0.0691 -0.0692 -0.0692 -0.0692 -0.0692 -0.0691 -0.0691 -0.0689 -0.0689 -0.069 -0.069 -0.069 -0.0691 -0.069 -0.0689 -0.0689 -0.0689 -0.0689 -0.0688 -0.0687 -0.0687 -0.069 -0.0691 -0.0695 -0.0696 -0.0693 -0.0689 -0.0686 -0.0684 -0.0683 -0.0683 -0.0683 -0.05 -0.05 -0.0945 -0.0945 -0.0946 -0.0946 -0.0945 -0.0945 -0.0945 -0.0945 -0.0944 -0.0933 -0.05 -0.05 -0.05 -0.05 -0.05 -0.0982 -0.0975 -0.0975 -0.0976 -0.0969 -0.0925 -0.0567 -0.0865 -0.0865 -0.0861 -0.058
-9999 -0.0689 -0.0689 -0.0691 -0.069 -0.069 -0.069 -0.069 -0.069 -0.0691 -0.069 -0.069 -0.069 -0.0689 -0.0688 -0.0687 -0.0686 -0.0686 -0.0686 -0.0687 -0.0687 -0.0689 -0.069 -0.0689 -0.0689 -0.0688 -0.0687 -0.0687 -0.0687 -0.0687 -0.0687 -0.069 -0.0692 -0.0697 -0.0693 -0.0691 -0.0688 -0.0685 -0.0684 -0.0683 -0.0682 -0.0682 -0.05 -0.05 -0.05 -0.0967 -0.0946 -0.0946 -0.0945 -0.0945 -0.0945 -0.0945 -0.0914 -0.05 -0.05 -0.05 -0.05 -0.0997 -0.0997 -0.0994 -0.0994 -0.0993 -0.0992 -0.0986 -0.0973 -0.0874 -0.0857 -0.0858 -0.0894
-9999 -0.0686 -0.0689 -0.0689 -0.0689 -0.0688 -0.0689 -0.0689 -0.0689 -0.0689 -0.0689 -0.0689 -0.0688 -0.0687 -0.0685 -0.0684 -0.0683 -0.0682 -0.0681 -0.0679 -0.0678 -0.0682 -0.0684 -0.0687 -0.0687 -0.0686 -0.0685 -0.0686 -0.0685 -0.0685 -0.0686 -0.0688 -0.0691 -0.0697 -0.0694 -0.0693 -0.069 -0.0685 -0.0684 -0.0683 -0.0681 -0.0672 -0.0653 -0.0621 -0.05 -0.05 -0.05 -0.0945 -0.0945 -0.0945 -0.0944 -0.0944 -0.0847 -0.0784 -0.0634 -0.0989 -0.068 -0.0625 -0.0625 -0.0624 -0.0624 -0.0997 -0.0995 -0.0993 -0.0942 -0.08 -0.0621 -0.0501 -0.05
-9999 -0.0673 -0.0688 -0.068 -0.068 -0.068 -0.0682 -0.0685 -0.0686 -0.0687 -0.0688 -0.0688 -0.0687 -0.0684 -0.0681 -0.0679 -0.0679 -0.0678 -0.0676 -0.0673 -0.0672 -0.0669 -0.0671 -0.0686 -0.068 -0.068 -0.0682 -0.0681 -0.068 -0.0682 -0.0683 -0.0687 -0.0691 -0.0697 -0.0694 -0.069 -0.0688 -0.0686 -0.0684 -0.0684 -0.0681 -0.0657 -0.0657 -0.0655 -0.0668 -0.0669 -0.05 -0.05 -0.0945 -0.0941 -0.094 -0.0933 -0.05 -0.05 -0.0982 -0.0626 -0.0626 -0.0626 -0.0625 -0.0625 -0.0625 -0.0625 -0.1004 -0.1005 -0.095 -0.0501 -0.05 -0.05 -0.05
-9999 -0.066 -0.0657 -0.0659 -0.0663 -0.0666 -0.0671 -0.0677 -0.068 -0.0684 -0.0685 -0.0685 -0.0683 -0.0678 -0.0676 -0.0675 -0.0673 -0.0672 -0.0669 -0.0666 -0.0665 -0.0664 -0.0663 -0.0662 -0.0663 -0.0665 -0.0675 -0.0671 -0.0672 -0.0674 -0.0677 -0.0684 -0.0691 -0.0697 -0.0692 -0.0688 -0.0687 -0.0687 -0.0685 -0.0685 -0.0684 -0.0682 -0.0677 -0.0672 -0.0669 -0.0669 -0.0669 -0.05 -0.05 -0.0938 -0.0938 -0.0938 -0.0847 -0.0891 -0.08568 -0.0627 -0.0627 -0.0626 -0.0626 -0.0626 -0.0627 -0.063 -0.1025 -0.1032 -0.1036 -0.1038 -0.0957 -0.05 -0.05
-9999 -0.0653 -0.0654 -0.0655 -0.0656 -0.0659 -0.0663 -0.0668 -0.0672 -0.0679 -0.068 -0.0678 -0.0673 -0.0671 -0.0671 -0.0668 -0.0666 -0.0663 -0.0663 -0.0663 -0.0663 -0.0662 -0.0662 -0.0662 -0.0662 -0.0662 -0.0662 -0.0662 -0.0662 -0.0663 -0.0665 -0.0672 -0.05 -0.05 -0.0643 -0.0685 -0.0688 -0.0688 -0.0686 -0.0685 -0.0684 -0.0683 -0.068 -0.0677 -0.0675 -0.067 -0.0669 -0.0669 -0.05 -0.05 -0.0938 -0.0938 -0.0923 -0.0895 -0.063471 -0.0627 -0.0627 -0.0627 -0.0627 -0.0627 -0.0629 -0.0632 -0.0634 -0.1037 -0.104 -0.1041 -0.1041 -0.05 -0.05
-9999 -0.0646 -0.0647 -0.0647 -0.0649 -0.0652 -0.0655 -0.066 -0.0666 -0.0674 -0.0668 -0.0663 -0.0655 -0.0658 -0.0662 -0.066 -0.066 -0.066 -0.0659 -0.0661 -0.0662 -0.0662 -0.0662 -0.0662 -0.0661 -0.0661 -0.066 -0.0658 -0.0656 -0.0655 -0.0653 -0.0651 -0.05 -0.0505 -0.0504 -0.05 -0.05 -0.0686 -0.0686 -0.0686 -0.0685 -0.066 -0.068 -0.068 -0.0679 -0.0532 -0.0501 -0.0667 -0.0666 -0.05 -0.0938 -0.0936 -0.05 -0.0916 -0.068371 -0.0627 -0.0628 -0.0627 -0.0685 -0.0687 -0.063 -0.0633 -0.0635 -0.1039 -0.1041 -0.1042 -0.1045 -0.1043 -0.0951
-9999 -0.0636 -0.0636 -0.0638 -0.064 -0.0641 -0.0641 -0.0641 -0.0639 -0.0673 -0.0635 -0.0633 -0.0635 -0.0639 -0.0647 -0.0649 -0.0651 -0.0653 -0.0655 -0.0658 -0.066 -0.0661 -0.0662 -0.0661 -0.0661 -0.066 -0.0659 -0.0655 -0.0651 -0.0646 -0.0639 -0.0631 -0.0629 -0.0628 -0.063 -0.0532 -0.05 -0.0684 -0.0689 -0.0689 -0.0686 -0.0684 -0.0682 -0.0681 -0.0681 -0.0651 -0.0655 -0.0667 -0.0666 -0.05 -0.0937 -0.0897 -0.05 -0.0933 -0.063271 -0.0629 -0.0628 -0.0628 -0.1005 -0.05 -0.1028 -0.0635 -0.0635 -0.0636 -0.1044 -0.1046 -0.0639 -0.0698 -0.1059
-9999 -0.0632 -0.0632 -0.0631 -0.063 -0.0631 -0.063 -0.0628 -0.0626 -0.0628 -0.0629 -0.0631 -0.0632 -0.0634 -0.0634 -0.0638 -0.0642 -0.0645 -0.0648 -0.0653 -0.0657 -0.066 -0.0661 -0.0661 -0.0659 -0.0658 -0.0659 -0.0642 -0.0638 -0.0635 -0.0631 -0.0628 -0.0627 -0.0627 -0.0629 -0.0602 -0.0699 -0.07 -0.0698 -0.0695 -0.069 -0.0685 -0.0682 -0.0681 -0.068 -0.0681 -0.068 -0.0669 -0.0654 -0.05 -0.05 -0.05 -0.05 -0.0935 -0.068371 -0.0629 -0.0629 -0.063 -0.07238 -0.1019 -0.1035 -0.1039 -0.0637 -0.0638 -0.0638 -0.0639 -0.064 -0.064 -0.064
-9999 -0.0628 -0.0627 -0.0627 -0.0625 -0.0624 -0.0622 -0.0621 -0.0619 -0.062 -0.0624 -0.063 -0.0631 -0.0631 -0.0632 -0.0633 -0.0635 -0.0636 -0.0638 -0.064 -0.0644 -0.0659 -0.0641 -0.05 -0.0647 -0.0637 -0.063 -0.0632 -0.0628 -0.0627 -0.0624 -0.0623 -0.0623 -0.0622 -0.0628 -0.0501 -0.0702 -0.0702 -0.0702 -0.0701 -0.0696 -0.0684 -0.0681 -0.0681 -0.068 -0.068 -0.068 -0.067 -0.0643 -0.05 -0.05 -0.05 -0.05 -0.0544 -0.101 -0.063 -0.063 -0.0632 -0.0638 -0.0641 -0.1057 -0.0859 -0.0607 -0.07 -0.0641 -0.0641 -0.0641 -0.0641 -0.064
-9999 -0.0624 -0.0624 -0.0624 -0.0622 -0.0621 -0.0619 -0.0618 -0.0616 -0.0616 -0.0616 -0.0625 -0.0625 -0.0627 -0.0629 -0.0629 -0.0629 -0.0629 -0.0628 -0.0628 -0.0636 -0.0633 -0.0594 -0.0594 -0.0594 -0.0594 -0.0608 -0.0615 -0.0617 -0.0617 -0.0617 -0.0617 -0.0616 -0.0616 -0.0616 -0.05 -0.0692 -0.0695 -0.0699 -0.0702 -0.0703 -0.0673 -0.0676 -0.0681 -0.0681 -0.0681 -0.0676 -0.0602 -0.0623 -0.0622 -0.05 -0.05 -0.05 -0.05 -0.1007 -0.063 -0.063 -0.0633 -0.0642 -0.0645 -0.0647 -0.1078 -0.1072 -0.0644 -0.0644 -0.0643 -0.0643 -0.0642 -0.0641
-9999 -0.0622 -0.0622 -0.0621 -0.062 -0.0619 -0.0617 -0.0615 -0.0613 -0.0611 -0.0609 -0.0609 -0.0613 -0.062 -0.0624 -0.0624 -0.0623 -0.062 -0.0614 -0.0604 -0.0595 -0.0593 -0.0594 -0.0594 -0.0594 -0.0594 -0.0593 -0.0601 -0.0606 -0.0608 -0.061 -0.0611 -0.0613 -0.0613 -0.0615 -0.0624 -0.0646 -0.0676 -0.0692 -0.0699 -0.07 -0.05 -0.05 -0.05 -0.0522 -0.05 -0.05 -0.05 -0.05 -0.05 -0.05 -0.05 -0.05 -0.05 -0.0582 -0.1015 -0.0688 -0.1023 -0.0646 -0.0648 -0.065 -0.065 -0.065 -0.0648 -0.0648 -0.0647 -0.0646 -0.0645 -0.0644
-9999 -0.0619 -0.0619 -0.0619 -0.0618 -0.0617 -0.0615 -0.0611 -0.0608 -0.0606 -0.0605 -0.0604 -0.0606 -0.0611 -0.0617 -0.0617 -0.0615 -0.0612 -0.0608 -0.0602 -0.0594 -0.0594 -0.0594 -0.0595 -0.0594 -0.0595 -0.0595 -0.0594 -0.0596 -0.0599 -0.0602 -0.0605 -0.0608 -0.061 -0.0612 -0.0617 -0.0627 -0.0649 -0.0673 -0.0693 -0.0522 -0.0501 -0.0495 -0.05 -0.05 -0.05 -0.05 -0.0505 -0.05 -0.054 -0.05 -0.05 -0.05 -0.05 -0.05 -0.0602 -0.05 -0.1013 -0.0647 -0.0649 -0.065 -0.0651 -0.0652 -0.0651 -0.065 -0.0649 -0.0648 -0.0648 -0.0646
-9999 -0.0615 -0.0614 -0.0614 -0.0614 -0.0613 -0.0607 -0.0602 -0.0599 -0.0598 -0.0599 -0.06 -0.0601 -0.0602 -0.0607 -0.0608 -0.0607 -0.0605 -0.0604 -0.06 -0.0593 -0.0594 -0.0594 -0.0594 -0.0595 -0.0595 -0.0595 -0.0594 -0.0594 -0.0594 -0.0594 -0.0598 -0.0604 -0.0606 -0.0609 -0.0612 -0.062 -0.0631 -0.065 -0.069 -0.05 -0.05 -0.0501 -0.05 -0.0501 -0.0504 -0.0505 -0.05 -0.0599 -0.0598 -0.0597 -0.05 -0.05 -0.05 -0.05 -0.05 -0.05 -0.0501 -0.1072 -0.0651 -0.0653 -0.0653 -0.0653 -0.0653 -0.0653 -0.0652 -0.0651 -0.065 -0.0709
-9999 -0.061 -0.0609 -0.0609 -0.0606 -0.0602 -0.0593 -0.0593 -0.0592 -0.0592 -0.0592 -0.0595 -0.0595 -0.0596 -0.0597 -0.0599 -0.0602 -0.0602 -0.0601 -0.0597 -0.0593 -0.0594 -0.0594 -0.0595 -0.0595 -0.0595 -0.0595 -0.0595 -0.0595 -0.0595 -0.0594 -0.0594 -0.0598 -0.0603 -0.0606 -0.0608 -0.0613 -0.061 -0.0634 -0.064 -0.0623 -0.0596 -0.05 -0.0593 -0.0598 -0.0598 -0.0598 -0.0598 -0.0598 -0.0598 -0.0598 -0.0598 -0.0536 -0.0527 -0.05 -0.05 -0.05 -0.05 -0.1071 -0.09988 -0.0655 -0.0655 -0.0655 -0.0655 -0.0654 -0.0654 -0.0653 -0.0653 -0.1096
-9999 -0.0602 -0.0603 -0.0598 -0.0592 -0.0593 -0.0593 -0.0593 -0.0593 -0.0592 -0.0592 -0.0593 -0.0593 -0.0593 -0.0594 -0.0597 -0.06 -0.06 -0.0597 -0.0593 -0.0593 -0.0594 -0.0594 -0.0594 -0.0595 -0.0594 -0.0595 -0.0594 -0.0595 -0.0595 -0.0595 -0.0595 -0.0595 -0.0594 -0.0595 -0.0605 -0.06 -0.0596 -0.0618 -0.0578 -0.0596 -0.0596 -0.0596 -0.0598 -0.0597 -0.0597 -0.0598 -0.0598 -0.0598 -0.0597 -0.0598 -0.0598 -0.0598 -0.05 -0.05 -0.05 -0.05 -0.0545 -0.0721 -0.0659 -0.0658 -0.0658 -0.0656 -0.0656 -0.0655 -0.0656 -0.0654 -0.0654 -0.1111
-9999 -0.0592 -0.0592 -0.0592 -0.0592 -0.0592 -0.0592 -0.0592 -0.0593 -0.0593 -0.0593 -0.0592 -0.0593 -0.0592 -0.0593 -0.0593 -0.0595 -0.0596 -0.0593 -0.0594 -0.0594 -0.0594 -0.0595 -0.0595 -0.0594 -0.0595 -0.0595 -0.0595 -0.0595 -0.0595 -0.0595 -0.0595 -0.0595 -0.0595 -0.0596 -0.0604 -0.0595 -0.0595 -0.0596 -0.0596 -0.0597 -0.0597 -0.0597 -0.0597 -0.0597 -0.0597 -0.0598 -0.0597 -0.0598 -0.0597 -0.0598 -0.0597 -0.0597 -0.0623 -0.05 -0.05 -0.05 -0.05 -0.0659 -0.0659 -0.0659 -0.0659 -0.0658 -0.0658 -0.0657 -0.0657 -0.0657 -0.067471 -0.1139
-9999 -0.0592 -0.0591 -0.0592 -0.0591 -0.0592 -0.0592 -0.0592 -0.0592 -0.0592 -0.0593 -0.0593 -0.0592 -0.0593 -0.0599 -0.05 -0.0593 -0.0592 -0.0594 -0.0594 -0.0594 -0.0594 -0.0594 -0.0594 -0.0594 -0.0594 -0.0594 -0.0595 -0.0594 -0.0595 -0.0595 -0.0595 -0.0595 -0.0595 -0.0595 -0.0595 -0.0595 -0.0596 -0.0596 -0.0597 -0.0597 -0.0597 -0.0597 -0.0597 -0.0597 -0.0597 -0.0597 -0.0597 -0.0598 -0.0597 -0.0597 -0.0598 -0.0598 -0.0597 -0.075 -0.0705 -0.072 -0.05 -0.0659 -0.066 -0.066 -0.0659 -0.0659 -0.0659 -0.0659 -0.0658 -0.0657 -0.0718 -0.1149
-9999 -0.0592 -0.0592 -0.0591 -0.0591 -0.0592 -0.0592 -0.0593 -0.0592 -0.0593 -0.0593 -0.0592 -0.0593 -0.0592 -0.0592 -0.0592 -0.0593 -0.0593 -0.0593 -0.0593 -0.0594 -0.0593 -0.0594 -0.0594 -0.0594 -0.0595 -0.0594 -0.0595 -0.0595 -0.0595 -0.0595 -0.0595 -0.0595 -0.0595 -0.0595 -0.0595 -0.0596 -0.0596 -0.0597 -0.0597 -0.0597 -0.0597 -0.0596 -0.0597 -0.0597 -0.0597 -0.0597 -0.0597 -0.0598 -0.0597 -0.0598 -0.0597 -0.0597 -0.0597 -0.0598 -0.0752 -0.059 -0.05 -0.05 -0.0661 -0.0661 -0.066 -0.066 -0.066 -0.066 -0.0659 -0.0659 -0.0719 -0.1156
-9999 -0.0592 -0.0592 -0.0592 -0.0592 -0.0592 -0.0592 -0.0592 -0.0593 -0.0592 -0.0592 -0.0593 -0.0592 -0.0593 -0.0593 -0.0593 -0.0593 -0.0593 -0.0593 -0.0593 -0.0593 -0.0594 -0.0593 -0.0594 -0.0594 -0.0594 -0.0594 -0.0594 -0.0594 -0.0594 -0.0595 -0.0595 -0.0595 -0.0596 -0.0595 -0.05 -0.0536 -0.0596 -0.0597 -0.0597 -0.0596 -0.0596 -0.0597 -0.0597 -0.0597 -0.0597 -0.0597 -0.0597 -0.0597 -0.0597 -0.0597 -0.0598 -0.0598 -0.0597 -0.0597 -0.0591 -0.0589 -0.0592 -0.05 -0.0662 -0.0661 -0.0661 -0.0661 -0.0661 -0.066 -0.0661 -0.066 -0.08268 -0.1113
-9999 -0.0592 -0.0592 -0.0592 -0.0592 -0.0592 -0.0592 -0.0592 -0.0592 -0.0592 -0.0592 -0.0593 -0.0592 -0.0592 -0.0592 -0.0592 -0.0592 -0.0593 -0.0593 -0.0593 -0.0593 -0.0593 -0.0594 -0.0594 -0.0594 -0.0594 -0.0594 -0.0595 -0.0594 -0.0594 -0.0595 -0.0595 -0.0595 -0.0595 -0.0595 -0.0596 -0.0595 -0.0596 -0.0596 -0.0597 -0.0597 -0.0597 -0.0597 -0.0597 -0.0597 -0.0596 -0.0597 -0.0597 -0.0597 -0.0597 -0.0598 -0.0598 -0.05 -0.05 -0.0593 -0.0593 -0.0593 -0.0593 -0.05 -0.0662 -0.0661 -0.0662 -0.0661 -0.0662 -0.0661 -0.0661 -0.0661 -0.10348 -0.1108
-9999 -0.0592 -0.0592 -0.0592 -0.0592 -0.0592 -0.0592 -0.0592 -0.0591 -0.0592 -0.0592 -0.0592 -0.0592 -0.0592 -0.0592 -0.0592 -0.0593 -0.0593 -0.0592 -0.0593 -0.0593 -0.0593 -0.0593 -0.0593 -0.0593 -0.0594 -0.0594 -0.0594 -0.0595 -0.0595 -0.0595 -0.0594 -0.0595 -0.0594 -0.0595 -0.0595 -0.0596 -0.0596 -0.0596 -0.0597 -0.0597 -0.0597 -0.0597 -0.0597 -0.0597 -0.0597 -0.0597 -0.0596 -0.0597 -0.0596 -0.0597 -0.0597 -0.05 -0.05 -0.0572 -0.0594 -0.0594 -0.0594 -0.05 -0.05 -0.0662 -0.0662 -0.0662 -0.0662 -0.0662 -0.0662 -0.0662 -0.10188 -0.1106
-9999 -0.0592 -0.0591 -0.0591 -0.0591 -0.0592 -0.0591 -0.0592 -0.0592 -0.0591 -0.0592 -0.0592 -0.0592 -0.0591 -0.0592 -0.0591 -0.0592 -0.0592 -0.0593 -0.0592 -0.0592 -0.0593 -0.0593 -0.0593 -0.0593 -0.0594 -0.0594 -0.0594 -0.0594 -0.0594 -0.0594 -0.0594 -0.0594 -0.0595 -0.0595 -0.0595 -0.0596 -0.0596 -0.0596 -0.0597 -0.0597 -0.0596 -0.0597 -0.0596 -0.0597 -0.0597 -0.0596 -0.0596 -0.0597 -0.0597 -0.0597 -0.0596 -0.05 -0.05 -0.0521 -0.0594 -0.0595 -0.0595 -0.0596 -0.05 -0.0662 -0.0663 -0.0663 -0.0663 -0.0663 -0.0663 -0.0663 -0.09818 -0.1102
-9999 -0.0591 -0.0591 -0.0591 -0.0591 -0.0591 -0.0591 -0.0592 -0.0592 -0.0591 -0.0591 -0.0591 -0.0591 -0.0591 -0.0591 -0.0592 -0.0591 -0.0591 -0.0592 -0.0592 -0.0592 -0.0593 -0.0593 -0.0593 -0.0593 -0.0594 -0.0594 -0.0593 -0.0594 -0.0594 -0.0595 -0.0595 -0.0595 -0.0594 -0.0594 -0.0595 -0.0595 -0.0596 -0.0596 -0.0597 -0.0598 -0.05 -0.0597 -0.0596 -0.0597 -0.0596 -0.0596 -0.0596 -0.0596 -0.0597 -0.0596 -0.0597 -0.0597 -0.05 -0.0504 -0.0598 -0.0596 -0.0597 -0.0597 -0.05 -0.0663 -0.0664 -0.0663 -0.0664 -0.0664 -0.0664 -0.0665 -0.08108 -0.112
-9999 -0.0591 -0.0591 -0.0591 -0.0591 -0.059 -0.0591 -0.059 -0.059 -0.0591 -0.0591 -0.059 -0.0591 -0.0591 -0.0591 -0.059 -0.0591 -0.0591 -0.059 -0.0591 -0.05 -0.0591 -0.0592 -0.0592 -0.0592 -0.0593 -0.0593 -0.0594 -0.0592 -0.05 -0.05 -0.0594 -0.05 -0.0593 -0.0593 -0.0594 -0.0594 -0.0594 -0.05 -0.0592 -0.0596 -0.0595 -0.0596 -0.0596 -0.0596 -0.0596 -0.0596 -0.0596 -0.0596 -0.0596 -0.0596 -0.0596 -0.0591 -0.05 -0.05 -0.0597 -0.0597 -0.0597 -0.0596 -0.05 -0.05 -0.0665 -0.0665 -0.0665 -0.0665 -0.0666 -0.0665 -0.07998 -0.1119
