data/entities/Measures_khals_widened_4m/CaseDifferenceDepth_m.asc
ncols         98 
nrows         130 
xllcorner     530385.4375 
yllcorner     504074.10385949 
cellsize      100 
NODATA_value -9999 
[rows 62 to 92 of 130, columns 0 to 68 of 98]
-9999 -0.059 -0.059 -0.059 -0.0591 -0.059 -0.059 -0.059 -0.059 -0.059 -0.059 -0.059 -0.059 -0.0591 -0.0591 -0.0591 -0.0591 -0.059 -0.059 -0.0589 -0.0589 -0.0589 -0.059 -0.0591 -0.0591 -0.0591 -0.0593 -0.0594 -0.05 -0.05 -0.05 -0.0589 -0.0589 -0.0589 -0.0591 -0.0591 -0.0591 -0.0591 -0.0591 -0.0592 -0.0594 -0.0595 -0.0595 -0.0596 -0.0595 -0.0596 -0.0596 -0.0595 -0.0596 -0.0596 -0.0596 -0.0597 -0.05 -0.0506 -0.0599 -0.0596 -0.0596 -0.0596 -0.0596 -0.0596 -0.05 -0.0665 -0.0665 -0.0666 -0.0666 -0.0666 -0.0666 -0.09228 -0.1113
-9999 -0.059 -0.059 -0.0589 -0.0589 -0.059 -0.0589 -0.0589 -0.059 -0.059 -0.059 -0.059 -0.0589 -0.059 -0.059 -0.059 -0.059 -0.059 -0.059 -0.0588 -0.0589 -0.0589 -0.0589 -0.0589 -0.0589 -0.0589 -0.0587 -0.0588 -0.0588 -0.0588 -0.0588 -0.0589 -0.0589 -0.059 -0.059 -0.059 -0.059 -0.0591 -0.059 -0.0592 -0.0592 -0.0593 -0.0594 -0.0594 -0.0596 -0.0596 -0.0595 -0.0595 -0.0595 -0.0595 -0.0595 -0.0597 -0.05 -0.05 -0.0596 -0.0596 -0.0595 -0.0595 -0.0596 -0.0596 -0.05 -0.0666 -0.0667 -0.0668 -0.0668 -0.0667 -0.0667 -0.09868 -0.1105
-9999 -0.0589 -0.059 -0.059 -0.0589 -0.0589 -0.0589 -0.0589 -0.0589 -0.0589 -0.0589 -0.0589 -0.0589 -0.0589 -0.059 -0.0589 -0.059 -0.059 -0.0588 -0.0588 -0.0588 -0.0588 -0.0588 -0.0588 -0.0587 -0.0587 -0.0588 -0.0587 -0.0588 -0.0588 -0.0588 -0.0588 -0.0588 -0.0589 -0.0589 -0.059 -0.0591 -0.0591 -0.059 -0.059 -0.0591 -0.0591 -0.0591 -0.0592 -0.0598 -0.0595 -0.0594 -0.0594 -0.0594 -0.0594 -0.0595 -0.0595 -0.055 -0.05 -0.0595 -0.0595 -0.0595 -0.0595 -0.0595 -0.0595 -0.05 -0.05 -0.0669 -0.067 -0.067 -0.067 -0.0669 -0.1135 -0.1095
-9999 -0.0589 -0.0589 -0.0589 -0.0588 -0.0588 -0.0588 -0.0588 -0.0588 -0.0588 -0.0589 -0.0588 -0.0588 -0.0589 -0.0589 -0.0589 -0.0588 -0.0588 -0.0587 -0.0586 -0.0586 -0.0586 -0.0587 -0.0586 -0.0586 -0.0587 -0.0587 -0.0587 -0.0587 -0.0587 -0.0588 -0.0588 -0.0588 -0.0589 -0.0589 -0.0589 -0.0589 -0.0589 -0.0589 -0.0589 -0.059 -0.0591 -0.0592 -0.0592 -0.0592 -0.0591 -0.0592 -0.0593 -0.0593 -0.0594 -0.0594 -0.0595 -0.0594 -0.0595 -0.0596 -0.0595 -0.0595 -0.0595 -0.0595 -0.0595 -0.0595 -0.05 -0.0672 -0.0671 -0.0672 -0.0672 -0.067 -0.1135 -0.1074
-9999 -0.0588 -0.0588 -0.0588 -0.0588 -0.0588 -0.0587 -0.0587 -0.0588 -0.0587 -0.0587 -0.0587 -0.0587 -0.0587 -0.0587 -0.0587 -0.0585 -0.0585 -0.0584 -0.0586 -0.0585 -0.0585 -0.0586 -0.0586 -0.0586 -0.0586 -0.0586 -0.0587 -0.0587 -0.0587 -0.0587 -0.0588 -0.0588 -0.0588 -0.0588 -0.0588 -0.0589 -0.0589 -0.0589 -0.0589 -0.0589 -0.0559 -0.059 -0.0591 -0.0591 -0.0591 -0.0591 -0.0591 -0.0592 -0.0591 -0.05 -0.0594 -0.0594 -0.0595 -0.0595 -0.0595 -0.0595 -0.0595 -0.0594 -0.0594 -0.0594 -0.05 -0.0673 -0.0674 -0.0675 -0.0675 -0.0734 -0.1081 -0.0551
-9999 -9999 -0.0588 -0.0588 -0.0587 -0.0587 -0.0587 -0.0587 -0.0587 -0.0587 -0.0586 -0.0585 -0.0585 -0.0585 -0.0585 -0.0585 -0.0584 -0.0585 -0.0584 -0.0585 -0.0585 -0.0585 -0.0585 -0.0585 -0.0585 -0.0586 -0.0586 -0.0586 -0.0586 -0.0587 -0.0587 -0.0587 -0.0587 -0.0587 -0.0587 -0.0588 -0.0588 -0.0589 -0.0589 -0.0589 -0.0588 -0.0589 -0.0589 -0.059 -0.059 -0.059 -0.0591 -0.059 -0.0591 -0.0591 -0.0591 -0.0591 -0.0593 -0.0596 -0.0595 -0.0595 -0.0594 -0.0594 -0.0594 -0.0594 -0.0594 -0.05 -0.0675 -0.0678 -0.0679 -0.0679 -0.1139 -0.05 -0.05
-9999 -9999 -0.0587 -0.0587 -0.0586 -0.0586 -0.0587 -0.0586 -0.0586 -0.0586 -0.0585 -0.0585 -0.0584 -0.0584 -0.0583 -0.0583 -0.0583 -0.0584 -0.0584 -0.0584 -0.0584 -0.0584 -0.0585 -0.0585 -0.0585 -0.0585 -0.0585 -0.0586 -0.0586 -0.0586 -0.0587 -0.0587 -0.0587 -0.0587 -0.0587 -0.0587 -0.0587 -0.0587 -0.0587 -0.0587 -0.0587 -0.0588 -0.0588 -0.0588 -0.0589 -0.0589 -0.059 -0.059 -0.059 -0.059 -0.0591 -0.059 -0.05 -0.05 -0.0592 -0.0593 -0.0593 -0.0594 -0.0593 -0.0594 -0.0594 -0.05 -0.05 -0.0686 -0.0685 -0.0685 -0.1127 -0.05 -0.05
-9999 -9999 -0.0587 -0.0586 -0.0586 -0.0585 -0.0585 -0.0585 -0.0585 -0.0585 -0.0585 -0.0584 -0.0584 -0.0583 -0.0583 -0.0582 -0.0583 -0.0583 -0.0583 -0.0583 -0.0584 -0.0583 -0.0584 -0.0584 -0.0584 -0.0584 -0.0585 -0.0586 -0.0586 -0.0586 -0.0586 -0.0586 -0.0587 -0.0587 -0.0587 -0.0586 -0.0587 -0.0586 -0.0587 -0.0587 -0.0587 -0.0587 -0.0588 -0.0588 -0.0589 -0.0589 -0.0589 -0.059 -0.059 -0.059 -0.059 -0.059 -0.0571 -0.05 -0.0591 -0.0592 -0.0593 -0.0593 -0.0593 -0.0593 -0.0593 -0.05 -0.05 -0.0694 -0.0692 -0.069 -0.1125 -0.05 -0.05
-9999 -9999 -9999 -0.0586 -0.0585 -0.0585 -0.0584 -0.0585 -0.0584 -0.0584 -0.0584 -0.0584 -0.0583 -0.0582 -0.0582 -0.0582 -0.0582 -0.0582 -0.0583 -0.0583 -0.0582 -0.0583 -0.0583 -0.0583 -0.0583 -0.0584 -0.0584 -0.0585 -0.0585 -0.0585 -0.0586 -0.0585 -0.0586 -0.0586 -0.0586 -0.0586 -0.0586 -0.0587 -0.0587 -0.0586 -0.0587 -0.0587 -0.0587 -0.0588 -0.0588 -0.0589 -0.0589 -0.0589 -0.0589 -0.059 -0.059 -0.059 -0.059 -0.059 -0.0591 -0.0591 -0.0593 -0.0592 -0.0593 -0.0593 -0.0593 -0.05 -0.05 -0.0704 -0.07 -0.0697 -0.1151 -0.05 -0.05
-9999 -9999 -9999 -0.0584 -0.0584 -0.0584 -0.0584 -0.0584 -0.0583 -0.0583 -0.0583 -0.0583 -0.0582 -0.0582 -0.0582 -0.0582 -0.0582 -0.0582 -0.0581 -0.0582 -0.0582 -0.0582 -0.0582 -0.0582 -0.0582 -0.0583 -0.0583 -0.0583 -0.0584 -0.0585 -0.0585 -0.0585 -0.0585 -0.0585 -0.0585 -0.0585 -0.0585 -0.0586 -0.0586 -0.0586 -0.0587 -0.0587 -0.0587 -0.0587 -0.0587 -0.0588 -0.0589 -0.0589 -0.0589 -0.0589 -0.059 -0.0589 -0.059 -0.059 -0.059 -0.0591 -0.0591 -0.0592 -0.0592 -0.0592 -0.0593 -0.05 -0.05 -0.0705 -0.0704 -0.0702 -0.1204 -0.05 -0.05
-9999 -9999 -9999 -0.0584 -0.0583 -0.0583 -0.0583 -0.0583 -0.0582 -0.0582 -0.0581 -0.0581 -0.0581 -0.058 -0.0581 -0.0581 -0.0581 -0.058 -0.0581 -0.0581 -0.0581 -0.0582 -0.0582 -0.0582 -0.0582 -0.0582 -0.0582 -0.0583 -0.0582 -0.0584 -0.0584 -0.0584 -0.0585 -0.0584 -0.0585 -0.0585 -0.0585 -0.0585 -0.0586 -0.0585 -0.0586 -0.0586 -0.0587 -0.0586 -0.0587 -0.0587 -0.0588 -0.0588 -0.0589 -0.0589 -0.0589 -0.0589 -0.0589 -0.059 -0.059 -0.059 -0.0591 -0.0592 -0.0592 -0.0592 -0.0592 -0.05 -0.05 -0.0705 -0.0705 -0.0704 -0.1249 -0.0574 -0.05
-9999 -9999 -9999 -9999 -0.0582 -0.0582 -0.0582 -0.0581 -0.0581 -0.0581 -0.058 -0.058 -0.058 -0.058 -0.0579 -0.0579 -0.0579 -0.0579 -0.058 -0.058 -0.058 -0.0581 -0.0581 -0.0581 -0.0581 -0.0581 -0.0582 -0.0582 -0.0582 -0.0583 -0.0583 -0.0584 -0.0584 -0.0585 -0.0584 -0.0585 -0.0584 -0.0585 -0.0586 -0.0586 -0.0585 -0.0586 -0.0587 -0.0587 -0.0587 -0.0587 -0.0587 -0.0588 -0.0588 -0.0589 -0.0589 -0.0589 -0.0589 -0.0589 -0.059 -0.0591 -0.0591 -0.0591 -0.0592 -0.0592 -0.0592 -0.05 -0.05 -0.0705 -0.0704 -0.0704 -0.1259 -0.0967 -0.05
-9999 -9999 -9999 -9999 -0.0581 -0.0581 -0.0581 -0.058 -0.058 -0.0579 -0.0579 -0.0579 -0.0578 -0.0578 -0.0579 -0.0578 -0.0579 -0.0579 -0.0579 -0.0579 -0.058 -0.058 -0.058 -0.058 -0.0581 -0.0581 -0.0581 -0.0582 -0.0581 -0.0582 -0.0583 -0.0584 -0.0584 -0.0583 -0.0584 -0.0584 -0.0584 -0.0585 -0.0585 -0.0585 -0.0585 -0.0586 -0.0585 -0.0586 -0.0587 -0.0587 -0.0587 -0.0587 -0.0587 -0.0588 -0.0588 -0.0588 -0.0589 -0.0589 -0.059 -0.059 -0.0591 -0.0591 -0.0591 -0.0592 -0.0591 -0.0592 -0.05 -0.0704 -0.0704 -0.0705 -0.079551 -0.1065 -0.05
-9999 -9999 -9999 -9999 -0.058 -0.058 -0.058 -0.0579 -0.0578 -0.0578 -0.0578 -0.0578 -0.0577 -0.0577 -0.0578 -0.0577 -0.0578 -0.0578 -0.0578 -0.0579 -0.0579 -0.0579 -0.0579 -0.0579 -0.058 -0.058 -0.0581 -0.0581 -0.0582 -0.0582 -0.0582 -0.0583 -0.0584 -0.0583 -0.0584 -0.0584 -0.0584 -0.0584 -0.0584 -0.0585 -0.0585 -0.0585 -0.0585 -0.0585 -0.0586 -0.0586 -0.0586 -0.0587 -0.0587 -0.0588 -0.0587 -0.0588 -0.0589 -0.0588 -0.0589 -0.059 -0.059 -0.0591 -0.0591 -0.0591 -0.0592 -0.0591 -0.05 -0.0704 -0.0704 -0.0704 -0.0704 -0.1055 -0.05
-9999 -9999 -9999 -9999 -9999 -0.0578 -0.0578 -0.0577 -0.0578 -0.0578 -0.0577 -0.0576 -0.0576 -0.0576 -0.0577 -0.0577 -0.0576 -0.0577 -0.0577 -0.0577 -0.0577 -0.0578 -0.0578 -0.0579 -0.0579 -0.058 -0.058 -0.0581 -0.0582 -0.0582 -0.0582 -0.0583 -0.0583 -0.0584 -0.0584 -0.0584 -0.0584 -0.0584 -0.0584 -0.0584 -0.0584 -0.0585 -0.0585 -0.0585 -0.0585 -0.0585 -0.0586 -0.0586 -0.0586 -0.0587 -0.0588 -0.0587 -0.0588 -0.0588 -0.0589 -0.0589 -0.059 -0.0591 -0.0591 -0.0592 -0.0592 -0.0591 -0.05 -0.0705 -0.0705 -0.0704 -0.072271 -0.0745 -0.0499
-9999 -9999 -9999 -9999 -9999 -0.0577 -0.0576 -0.0577 -0.0577 -0.0577 -0.0576 -0.0575 -0.0575 -0.0575 -0.0576 -0.0575 -0.0576 -0.0576 -0.0576 -0.0576 -0.0576 -0.0578 -0.0578 -0.0578 -0.0579 -0.0579 -0.058 -0.0581 -0.0581 -0.0582 -0.0583 -0.0583 -0.0583 -0.0583 -0.0583 -0.0584 -0.0584 -0.0584 -0.0584 -0.0584 -0.0585 -0.0584 -0.0585 -0.0585 -0.0585 -0.0586 -0.0585 -0.0585 -0.0586 -0.0586 -0.0587 -0.0587 -0.0587 -0.0588 -0.0588 -0.0589 -0.0589 -0.0589 -0.075851 -0.078251 -0.078051 -0.074451 -0.05 -0.05 -0.0704 -0.0703 -0.12038 -0.0503 -0.05
-9999 -9999 -9999 -9999 -9999 -0.0576 -0.0575 -0.0575 -0.0575 -0.0575 -0.0575 -0.0575 -0.0574 -0.0575 -0.0574 -0.0574 -0.0575 -0.0575 -0.0576 -0.0575 -0.0575 -0.0577 -0.0578 -0.0578 -0.0578 -0.0578 -0.0578 -0.058 -0.0581 -0.0581 -0.0582 -0.0583 -0.0582 -0.0583 -0.0583 -0.0583 -0.0583 -0.0584 -0.0584 -0.0583 -0.0585 -0.0585 -0.0584 -0.0585 -0.0584 -0.0585 -0.0585 -0.0586 -0.0586 -0.0586 -0.0586 -0.0587 -0.0587 -0.0588 -0.0587 -0.0589 -0.0589 -0.0589 -0.0746 -0.05 -0.0551 -0.0863 -0.1122 -0.05 -0.0702 -0.0702 -0.125 -0.05 -0.05
-9999 -9999 -9999 -9999 -9999 -9999 -0.0572 -0.0573 -0.0571 -0.0573 -0.0573 -0.0574 -0.0574 -0.0574 -0.0573 -0.0573 -0.0574 -0.0574 -0.0574 -0.0575 -0.0575 -0.0576 -0.0577 -0.0577 -0.0578 -0.0578 -0.0578 -0.0579 -0.058 -0.0581 -0.0582 -0.0582 -0.0582 -0.0583 -0.0583 -0.0583 -0.0583 -0.0583 -0.0583 -0.0584 -0.0584 -0.0584 -0.0584 -0.0584 -0.0584 -0.0585 -0.0584 -0.0585 -0.0586 -0.0586 -0.0586 -0.0586 -0.0586 -0.0587 -0.0587 -0.0588 -0.0587 -0.076251 -0.0564 -0.05 -0.05 -0.05 -0.0928 -0.05 -0.0701 -0.07 -0.1243 -0.05 -0.05
-9999 -9999 -9999 -9999 -9999 -9999 -0.0571 -0.057 -0.0569 -0.057 -0.057 -0.0571 -0.0572 -0.0572 -0.0572 -0.0572 -0.0573 -0.0574 -0.0574 -0.0574 -0.0575 -0.0575 -0.0575 -0.0577 -0.0577 -0.0578 -0.0577 -0.0578 -0.0579 -0.058 -0.0579 -0.058 -0.0583 -0.0582 -0.0582 -0.0582 -0.0582 -0.0583 -0.0583 -0.0583 -0.0584 -0.0584 -0.0583 -0.0584 -0.0584 -0.0584 -0.0585 -0.0585 -0.0585 -0.0585 -0.0585 -0.0585 -0.0586 -0.0586 -0.0587 -0.0586 -0.0587 -0.077251 -0.055 -0.05 -0.05 -0.0624 -0.0845 -0.05 -0.05 -0.0696 -0.11188 -0.05 -0.05
-9999 -9999 -9999 -9999 -9999 -9999 -0.057 -0.0568 -0.0567 -0.0568 -0.0568 -0.0569 -0.057 -0.057 -0.0571 -0.0572 -0.0572 -0.0573 -0.0573 -0.0574 -0.0574 -0.0575 -0.0575 -0.0576 -0.0576 -0.0577 -0.0577 -0.0577 -0.0578 -0.0578 -0.0579 -0.058 -0.058 -0.058 -0.0581 -0.0582 -0.0582 -0.0582 -0.0582 -0.0583 -0.0583 -0.0583 -0.0583 -0.0583 -0.0584 -0.0584 -0.0584 -0.0584 -0.0584 -0.0585 -0.0585 -0.0585 -0.0586 -0.0586 -0.0586 -0.0586 -0.0586 -0.073251 -0.05 -0.05 -0.0507 -0.0619 -0.0796 -0.0713 -0.05 -0.0692 -0.10158 -0.05 -0.05
-9999 -9999 -9999 -9999 -9999 -9999 -9999 -0.0565 -0.0565 -0.0566 -0.0566 -0.0567 -0.0568 -0.0569 -0.057 -0.057 -0.0571 -0.0572 -0.0573 -0.0573 -0.0574 -0.0575 -0.0575 -0.0576 -0.0576 -0.0577 -0.0577 -0.0577 -0.0577 -0.0578 -0.0578 -0.0578 -0.0579 -0.058 -0.0581 -0.0581 -0.0582 -0.0582 -0.0582 -0.0582 -0.0583 -0.0583 -0.0583 -0.0583 -0.0583 -0.0583 -0.0584 -0.0583 -0.0584 -0.0584 -0.0584 -0.0585 -0.0585 -0.0585 -0.0585 -0.0585 -0.0586 -0.0586 -0.077251 -0.05 -0.05 -0.0508 -0.0727 -0.0712 -0.05 -0.0689 -0.11078 -0.05 -0.05
-9999 -9999 -9999 -9999 -9999 -9999 -9999 -0.0561 -0.0562 -0.0563 -0.0564 -0.0566 -0.0567 -0.0568 -0.0569 -0.057 -0.057 -0.0571 -0.0572 -0.0573 -0.0573 -0.0574 -0.0574 -0.0576 -0.0576 -0.0576 -0.0576 -0.0577 -0.0577 -0.0577 -0.0577 -0.0578 -0.0579 -0.0579 -0.058 -0.0581 -0.0581 -0.0581 -0.0582 -0.0582 -0.0582 -0.0583 -0.0582 -0.0583 -0.0583 -0.0583 -0.0583 -0.0584 -0.0584 -0.0584 -0.0585 -0.0584 -0.0584 -0.0585 -0.0585 -0.0585 -0.0585 -0.0586 -0.0586 -0.05 -0.05 -0.0666 -0.0703 -0.071 -0.05 -0.0685 -0.085551 -0.05 -0.05
-9999 -9999 -9999 -9999 -9999 -9999 -9999 -0.0558 -0.0555 -0.0558 -0.056 -0.0564 -0.0566 -0.0567 -0.0568 -0.0569 -0.057 -0.0571 -0.0572 -0.0572 -0.0573 -0.0574 -0.0574 -0.0575 -0.0576 -0.0576 -0.0577 -0.0577 -0.0577 -0.0577 -0.0578 -0.0578 -0.0579 -0.0579 -0.058 -0.0581 -0.058 -0.0581 -0.0581 -0.0581 -0.0582 -0.0582 -0.0582 -0.0582 -0.0582 -0.0582 -0.0583 -0.0583 -0.0583 -0.0583 -0.0583 -0.0583 -0.0584 -0.0585 -0.0584 -0.0585 -0.071851 -0.0586 -0.0585 -0.0585 -0.0584 -0.0582 -0.0831 -0.0737 -0.05 -0.05 -0.0509 -0.05 -0.05
-9999 -9999 -9999 -9999 -9999 -9999 -9999 -9999 -0.0543 -0.0552 -0.0557 -0.0561 -0.0564 -0.0567 -0.0568 -0.0569 -0.0569 -0.0571 -0.0571 -0.0572 -0.0573 -0.0574 -0.0574 -0.0575 -0.0576 -0.0576 -0.0577 -0.0576 -0.0576 -0.0576 -0.0578 -0.0578 -0.0578 -0.0579 -0.058 -0.058 -0.0581 -0.0581 -0.0581 -0.0581 -0.0581 -0.0581 -0.0582 -0.0582 -0.0582 -0.0582 -0.0582 -0.0582 -0.0582 -0.0582 -0.0583 -0.0583 -0.0583 -0.0583 -0.0584 -0.0584 -0.0585 -0.064851 -0.0585 -0.0584 -0.0583 -0.0577 -0.076051 -0.0823 -0.05 -0.05 -0.0492 -0.05 -0.05
-9999 -9999 -9999 -9999 -9999 -9999 -9999 -9999 -0.0543 -0.0546 -0.0553 -0.0559 -0.0563 -0.0566 -0.0568 -0.0569 -0.0569 -0.057 -0.0571 -0.0572 -0.0573 -0.0574 -0.0574 -0.0574 -0.0575 -0.0575 -0.0576 -0.0576 -0.0576 -0.0576 -0.0578 -0.0578 -0.0579 -0.0579 -0.0579 -0.058 -0.058 -0.058 -0.0581 -0.0581 -0.0581 -0.0581 -0.0581 -0.0581 -0.0581 -0.0582 -0.0582 -0.0582 -0.0582 -0.0582 -0.0582 -0.0582 -0.0583 -0.0583 -0.0583 -0.069551 -0.071351 -0.0585 -0.0585 -0.0585 -0.0583 -0.0565 -0.068151 -0.053651 -0.05 -0.05 -0.0482 -0.05 -0.05
-9999 -9999 -9999 -9999 -9999 -9999 -9999 -9999 -9999 -0.0514 -0.0548 -0.0558 -0.0563 -0.0566 -0.0568 -0.0569 -0.057 -0.0571 -0.0571 -0.0571 -0.0572 -0.0573 -0.0574 -0.0574 -0.0574 -0.0575 -0.0576 -0.0575 -0.0576 -0.0576 -0.0577 -0.0577 -0.0578 -0.0578 -0.0579 -0.058 -0.058 -0.058 -0.058 -0.0581 -0.0581 -0.0581 -0.0581 -0.0582 -0.0581 -0.0582 -0.0582 -0.0581 -0.0581 -0.0582 -0.0581 -0.0581 -0.0582 -0.0582 -0.0582 -0.0582 -0.0582 -0.0583 -0.0584 -0.0585 -0.061351 -0.066851 -0.05 -0.0501 -0.05 -0.1326 -0.0472 -0.05 -0.05
-9999 -9999 -9999 -9999 -9999 -9999 -9999 -9999 -9999 -9999 -0.0514 -0.0515 -0.0549 -0.0566 -0.0566 -0.0569 -0.057 -0.0571 -0.0571 -0.0572 -0.0572 -0.0573 -0.0573 -0.0574 -0.0574 -0.0575 -0.0575 -0.0576 -0.0576 -0.0576 -0.0576 -0.0577 -0.0577 -0.0578 -0.0579 -0.058 -0.058 -0.058 -0.058 -0.0581 -0.058 -0.0581 -0.0581 -0.0581 -0.0581 -0.0581 -0.0581 -0.0581 -0.0581 -0.0581 -0.0581 -0.0581 -0.0581 -0.0581 -0.0581 -0.0582 -0.0582 -0.0582 -0.0584 -0.0585 -0.0589 -0.0644 -0.05 -0.05 -0.0509 -0.1324 -0.0468 -0.05 -0.05
-9999 -9999 -9999 -9999 -9999 -9999 -9999 -9999 -9999 -9999 -9999 -0.0515 -0.0516 -0.0543 -0.0555 -0.057 -0.0571 -0.0571 -0.0571 -0.0571 -0.0571 -0.0572 -0.0573 -0.0574 -0.0574 -0.0574 -0.0574 -0.0575 -0.0576 -0.0575 -0.0576 -0.0577 -0.0577 -0.0578 -0.0579 -0.058 -0.058 -0.058 -0.0581 -0.058 -0.058 -0.058 -0.0581 -0.0581 -0.058 -0.0581 -0.0581 -0.0581 -0.0581 -0.0581 -0.0581 -0.0581 -0.0581 -0.0581 -0.0581 -0.0582 -0.0582 -0.0582 -0.05 -0.05 -0.0501 -0.05 -0.05 -0.0461 -0.0504 -0.1275 -0.0511 -0.05 -0.05
-9999 -9999 -9999 -9999 -9999 -9999 -9999 -9999 -9999 -9999 -9999 -9999 -0.0516 -0.0516 -0.0537 -0.0551 -0.0569 -0.0572 -0.0571 -0.0571 -0.0568 -0.0569 -0.0572 -0.0573 -0.0573 -0.0574 -0.0574 -0.0575 -0.0575 -0.0575 -0.0576 -0.0576 -0.0577 -0.0577 -0.0579 -0.0579 -0.0579 -0.058 -0.058 -0.058 -0.058 -0.058 -0.058 -0.058 -0.0581 -0.0581 -0.0581 -0.058 -0.058 -0.0581 -0.0581 -0.0581 -0.0581 -0.0581 -0.0581 -0.0581 -0.0581 -0.0583 -0.05 -0.05 -0.05 -0.05 -0.0503 -0.0461 -0.0498 -0.12368 -0.05 -0.05 -0.05
-9999 -9999 -9999 -9999 -9999 -9999 -9999 -9999 -9999 -9999 -9999 -9999 -9999 -9999 -0.0536 -0.0516 -0.0543 -0.057 -0.0572 -0.057 -0.0566 -0.0564 -0.0569 -0.0572 -0.0573 -0.0574 -0.0574 -0.0574 -0.0574 -0.0574 -0.0575 -0.0576 -0.0576 -0.0577 -0.0579 -0.058 -0.0579 -0.058 -0.058 -0.058 -0.058 -0.0581 -0.058 -0.058 -0.0581 -0.058 -0.0581 -0.058 -0.0581 -0.0581 -0.058 -0.0581 -0.0581 -0.0581 -0.0581 -0.0581 -0.0539 -0.0553 -0.05 -0.05 -0.05 -0.05 -0.05 -0.0457 -0.0492 -0.12438 -0.0454 -0.05 -0.05
-9999 -9999 -9999 -9999 -9999 -9999 -9999 -9999 -9999 -9999 -9999 -9999 -9999 -9999 -9999 -0.0516 -0.0517 -0.05 -0.05 -0.0567 -0.0561 -0.0559 -0.0567 -0.0571 -0.0572 -0.0573 -0.0573 -0.0573 -0.0573 -0.0574 -0.0574 -0.0575 -0.0576 -0.0577 -0.0578 -0.0579 -0.058 -0.0579 -0.058 -0.058 -0.058 -0.058 -0.058 -0.058 -0.058 -0.0581 -0.058 -0.0581 -0.0581 -0.0581 -0.0581 -0.058 -0.0581 -0.058 -0.0581 -0.066351 -0.05 -0.05 -0.0464 -0.0462 -0.0459 -0.0474 -0.0456 -0.0454 -0.0488 -0.13088 -0.0452 -0.05 -0.05
