data/entities/Measures_khals_widened_4m/CaseDifferenceDuration_fraction.asc
ncols         98 
nrows         130 
xllcorner     530385.4375 
yllcorner     504074.10385949 
cellsize      100 
NODATA_value -9999 
[rows 0 to 34 of 130, columns 0 to 78 of 98]
1 1 1 1 1 1 1 1 1 1 1 1 1 1 1 1 1 1 1 1 1 1 1 1 1 1 1 1 1 1 1 1 1 1 1 1 1 1 1 1 1 1 1 1 1 1 1 1 1 1 1 1 1 1 1 1 1 1 1 1 1 1 1 1 1 1 1 1 1 1 1 1 1 1 1 1 1 1 1
1 1 1 1 1 1 1 1 1 1 1 1 1 1 1 1 1 1 1 1 1 1 1 1 0.91667 0.73333 0.28 0.88 0.86364 0.33333 1 0.33333 0.5 0 0 0 0 0 0 1 1 1 1 1 1 1 1 1 1 1 1 1 1 1 1 1 1 1 1 1 1 1 1 1 1 1 1 1 1 1 1 1 1 1 1 1 1 1 1
1 1 1 1 1 1 1 1 1 1 1 1 1 1 1 1 1 1 1 1 1 1 0.75862 0.95455 0.90476 0.91304 0.58974 0.86364 0.78947 0.33333 0.6 0.66667 0.5 0 1 1 1 1 1 1 0 0 0 0.5 0.5 0.5 0.5 1 1 1 1 1 1 1 1 1 1 1 1 1 1 1 1 1 1 1 1 1 1 1 1 1 1 1 1 1 1 1 1
1 1 1 1 1 1 1 1 1 1 1 1 1 1 1 1 1 1 1 1 1 1 1 0.42105 0.47368 0.90476 0.42105 0.6 0.33333 0.66667 0.375 0.90476 0.78947 0.6 0.6 0 0 1 1 1 1 1 1 1 1 1 1 1 1 1 1 1 0 0 1 1 1 1 1 1 1 1 1 1 1 1 1 1 1 1 1 1 1 1 1 1 1 1 1
1 1 1 1 1 1 1 1 1 1 1 1 1 1 1 1 1 1 1 1 1 1 1 0.75 0.375 0.42105 0.66667 0.33333 0 0.5 0.33333 0.90909 0.90476 0.6 0 0.66667 0.66667 0.66667 0 1 1 1 1 1 1 1 1 1 1 1 1 1 1 1 1 1 1 1 1 1 1 1 1 1 1 1 1 1 1 1 1 1 1 1 1 1 1 1 1
1 1 1 1 1 1 1 1 1 1 1 1 1 1 1 1 1 1 1 1 1 1 1 1 0.66667 0.33333 0.90476 0.42105 0.375 0.375 0.42105 0.86364 0.42105 0.66667 0 1 0.7619 0.5 1 0 1 1 1 1 1 1 1 1 1 1 1 1 1 1 1 1 1 0 0.66667 0.75 0.5 0 1 1 1 1 1 1 1 1 1 1 1 1 1 1 1 1 1
1 1 1 1 1 1 1 1 1 1 1 1 1 1 1 1 1 1 1 1 1 1 1 1 0.66667 0.90476 0.95833 0.91304 0.90476 0.78947 0.90476 0.8 0.375 0 1 0 0.375 1 0.66667 0 0 1 1 1 1 1 1 1 1 1 1 1 1 1 1 0.5 0.36842 0.5 0.41176 0.625 0.42857 0.6 0.66667 0 1 1 1 1 1 1 1 1 1 1 1 1 1 1 1
1 1 1 1 1 1 1 1 1 1 1 1 1 1 1 1 1 1 1 1 1 1 1 1 1 0.875 0.925 0.74359 0.925 0.74359 0.7931 0.91304 0.33333 0 1 1 1 0.6 0 0 0 0 0 1 1 1 1 1 1 1 1 1 1 0 0.5 0.77778 0.69565 0.375 0.66667 0.66667 0.66667 0.375 0.375 0.5 0 1 1 1 1 1 1 1 1 1 1 1 1 1 1
1 1 1 1 1 1 1 1 1 1 1 1 0.5119 1 1 1 1 1 1 1 1 1 1 1 1 0.7931 0.92 0.67568 0.925 0.92683 0.74359 0.67568 0.90476 0.6 0.66667 0 1 1 1 1 0 0 0 0 1 1 1 1 1 0 0 0 0.5 0.66667 0.42105 0.77778 0.36842 0.66667 1 1 0.5 0.75 0.3125 0.42857 0.75 0.5 1 1 1 1 1 1 1 1 1 1 1 1 1
1 1 1 1 1 1 1 1 1 1 1 0.5119 0.95122 0.90244 0.90476 1 1 1 1 1 1 1 1 1 1 1 0.8 0.90476 0.91304 0.77419 0.74359 0.925 0.95833 0.90476 0.78947 0.33333 0.5 0 1 1 1 1 1 1 1 1 1 0 0 0 0 0.5 0.5 0.3125 0.4 0.74074 0.4375 0 1 0 0.5 0.44444 0.68182 0.4 0.25 0.75 0.5 0 1 1 1 1 1 1 1 1 1 1 1
1 1 1 1 1 1 1 1 1 1 0.52381 0.95349 0.71795 0.90476 0.7619 0.26667 0 1 1 1 1 1 1 1 1 1 1 0 0.33333 0.91667 0.67568 0.90698 0.77419 0.91667 0.91667 0.91304 0.84211 0.5 1 1 1 1 1 1 1 1 1 1 0 0 0.5 1 0.375 0.76923 0.82609 0.72727 0.66667 1 1 1 0.66667 0.69565 0.86667 0.875 0.68182 0.26316 0.75 0.66667 0.5 0 1 1 1 1 1 1 1 1 1
1 1 1 1 1 1 1 1 1 1 0.5 0.95122 0.86207 0.91304 0.90476 0.86957 0.91304 0.8 0.6 1 1 1 1 1 1 1 1 1 1 0.90476 0.91667 0.8 0.7931 0.92 0.92 0.92 0.90909 0.90476 1 1 1 1 1 1 1 1 1 1 1 1 0 0.5 0.36842 0.82609 0.69565 0.82609 0.66667 1 1 1 0.75 0.86957 0.82759 0.86957 0.36842 0.375 0.375 0.75 0.66667 0.5 0 1 1 1 1 1 1 1 1
1 1 1 1 1 1 1 1 1 1 0.92 0.7619 0.90476 0.84 0.84 0.86364 0.90476 0.92 0.71795 0.95349 1 0.50602 0.93023 1 1 1 1 0.66667 0.91304 0.875 0.91304 0.91304 0.91304 0.875 0.95833 0.7931 0.8 0.7931 0.90476 0 1 1 1 1 1 1 1 1 1 1 0 0.66667 0.42857 0.5 0.75 0.75 0 1 1 0 0.5 0.66667 0.44444 0.75 0.375 0.375 0.375 0.375 0.66667 0.5 0.5 0 1 1 1 1 1 1 1
1 1 1 1 1 1 1 1 1 0.60294 1 0.33333 0.2 0.375 0.375 0.75 0.92 0.725 0.95122 0.50602 1 0.725 0.84 0.8 0.375 1 1 1 0.77419 0.7931 0.90476 0.47368 0.90476 0.90909 0.875 0.92857 0.74359 0.77419 0.875 0.8 0.33333 0.66667 0 0 1 1 1 1 1 1 0 0.5 0 0 0 0 1 1 1 1 1 1 1 1 0 0.375 0.375 0.25 0.75 0.66667 0.5 0 1 1 1 1 1 1 1
1 1 1 1 1 1 1 1 1 0.95122 0 0.3125 0.75 0.75 1 0.3125 0.86207 0.95122 0.95122 0.95122 0.725 0.375 1 0 0.375 0.3125 0.7619 1 0.80645 0.7931 0.42105 1 0.33333 0.90476 0.90909 0.92 0.7931 0.91667 0.90476 0.42105 0.66667 0.5 0 1 1 1 1 1 0 0.66667 0.5 0 1 1 1 0.5 0 1 1 1 1 1 1 1 1 1 0 0.375 0.68182 0.375 0.75 0 1 1 1 1 1 1 1
1 1 1 1 1 1 1 1 1 0.71795 0.52381 0.725 0.71795 0.71795 0.92 0.92 0.725 0.95122 0.92857 0.95122 0.82143 0.75 0.33333 0.6 0.42105 0.92 0.925 1 1 0.7931 0 0 1 0.3125 0.91304 0.90909 0.91304 0.90909 0.42105 0.33333 0.66667 0 1 1 1 1 0 0.66667 1 1 1 1 1 1 1 1 1 1 1 1 1 1 1 1 1 1 1 0.5 0.75 0.75 0.75 1 1 1 1 1 1 1 1
1 1 1 1 1 1 1 1 0.69048 0.65789 1 0.69048 0.5119 0.93182 0.725 0.92857 0.93182 0.93182 0.61194 0.52381 1 0.82143 0 0.4 0.42105 0.90476 0.91304 0.7931 1 0.67568 0 0.6 0.42105 0.78947 0.3125 0.90476 0.91304 0.90476 0.42105 0.33333 0.33333 1 1 1 1 1 0 0.66667 1 1 1 1 1 0 0 1 1 1 1 1 1 1 1 1 1 1 1 1 1 0 0.66667 0 1 1 1 1 1 1 1
1 1 1 1 1 1 1 1 0.5119 0.64103 1 1 0.52381 0.5119 0.5119 0.92857 0.95122 0.95122 0.7069 1 0.52381 0.92 0.6 0 0.33333 0.90476 0.91304 0.92 1 1 0.775 0.73684 0.7931 0.95833 0.7931 0.8 0.67568 0.91304 0.78947 0.375 0.66667 1 1 1 1 1 0.42105 0.90476 1 1 1 1 0 0.82143 0.42105 0.375 0 1 1 1 1 1 1 1 1 1 1 1 1 1 1 0 1 1 1 1 1 1 1
1 1 1 1 1 1 1 1 0.93182 0.90244 0.80952 0.5119 0.93182 0.93023 0.95122 0.71795 0.89286 0.92 0.89286 0.925 0.86207 0.91304 0.78947 0.42105 0.90476 0.92 0.91304 0.86957 0.875 1 0.93023 0.50602 0.775 0.7931 0.91304 0.67568 0.95122 0.91304 0.6 0 1 0.33333 0.5 0 0.375 0.66667 0.90909 0.33333 0.375 0 1 1 0.3125 0.77419 0.375 1 0 0 1 1 1 1 1 1 1 1 1 1 1 1 1 1 1 1 1 1 1 1 1
1 1 1 1 1 1 1 1 0.92857 0.60294 0.92857 0.89286 0.64103 0.67568 0.82143 0.82143 0.91304 0.90476 0 1 0 0.42105 0.71795 0.71795 0.82143 0.86957 0 0.6 0.90476 1 0.50602 0.80723 0.92 0.47368 0.42105 0.90909 0.95455 0.33333 1 1 1 1 0.33333 0 1 1 0.33333 0.2 0.42105 0.42105 0.375 0.375 0.91304 0.95833 0.6 1 0.66667 0.75 0.33333 0.5 0 0 1 1 1 1 1 1 1 1 1 1 1 1 1 1 1 1 1
1 1 1 1 1 1 1 0.52381 0.92857 0.5119 0.95122 0.86957 0.67568 0.71795 0.7 0.85714 0.86957 0 1 1 1 1 0.95122 0.5119 0.82143 0 1 1 0.375 1 0.95238 0.95122 0.6 0.33333 1 0.47368 0.66667 1 1 1 1 0.66667 0.42105 0.3125 0.42105 1 1 1 0 0.6 0.78947 0.91304 0.91667 0.91304 0.33333 0.33333 0.375 0.78947 0.91304 0.91304 0.90476 0.78947 0.375 0.5 0 1 1 1 1 1 1 1 1 1 1 1 1 1 1
1 1 1 1 1 1 0.98824 0.5119 0.92857 0.5119 0.92857 0.90244 0.92857 0.67568 0.93182 0.82143 0.90476 0.86364 1 1 1 1 0.92 0.93182 0.82143 0.3125 1 1 0.42105 1 1 0.71795 0.92 0.6 0 1 1 1 1 1 0.5 0.47368 0.90909 0.91304 0.95833 0.6 1 1 0.33333 0.3125 0.91304 0.91304 0.91304 0.90476 0.33333 0 0.5 0.90476 0.7 1 0.6 0.67442 0.95833 0.90476 0.375 1 1 1 1 1 1 1 1 1 1 1 1 1 1
1 1 1 1 1 1 1 0.5 0.93182 0.5119 0.95122 0.95122 0.71795 0.91304 1 1 0.2 0.42105 0.7619 0.26316 0.33333 0.90476 0.85714 0.925 0.925 0.67568 0.64103 0.91304 0.91304 0.71795 1 0.91304 0.90476 0.3125 0.5 1 0.5 0.75 0.90476 0.375 0.33333 0.78947 0.90476 0.91304 0.875 0.95833 0.7931 0.73684 0.91667 0.76667 0.7931 0.90476 0.42105 0.6 0.2 0.90476 0.90476 0.91667 0.61538 0.61538 0.76667 0.91304 0.82143 0.95455 0.90476 0.42105 0.6 0.42105 0.8 0.6 0.33333 0.33333 1 1 1 1 1 1 1
1 1 1 1 1 1 1 0.60294 0.5119 0.52381 0.95122 0.95122 0.89286 0.42105 0.90476 0.42105 0.84 0.93182 0.92857 0.925 0.95122 0.95122 0.95122 0.95122 0.95122 0.95122 0.95122 0.86207 0.86957 0.4 0.6 1 0.90909 0.84211 1 0 0 0.66667 0.33333 0.90476 0.84211 0.78947 0.42105 0.90476 0.875 0.7931 0.75676 0.725 0.775 0.925 0.8 0.42105 0 1 0 0.26667 0.86364 0.875 0.6 0.46032 0.91304 0.84211 0.90476 0.90476 0.90476 0.42105 0.78947 0.84211 0.84211 0.78947 0.42105 0.3125 0.33333 0.33333 1 1 1 1 1
1 1 1 1 1 0.98824 0.69048 0.5119 1 0.52381 0.95122 0.95122 0.82143 0.47368 1 0.93182 0.92857 0.5 0.93182 0.93023 0.95122 0.92857 0.92857 0.93023 0.92857 0.95122 0.95122 0.82143 0.7619 0.33333 0 1 0.78947 0.75 0.33333 0 1 0 0.33333 0.375 0.3125 0.33333 0.42105 0.90476 0.875 0.7931 0.77419 0.74359 0.925 0.925 0.7931 0.42105 0 1 1 0 0.42105 0.42105 0.42105 0.375 0.6 0.6 0.2 0.42105 0.7619 0.86364 0.90476 0.90476 0.90476 0.3125 0.66667 0.33333 0.66667 0.90476 0 1 1 1 1
1 1 1 1 1 1 0.52381 0.52381 1 0.80952 0.93182 0.92857 0.82143 0.42105 1 0.6 0.92 0.725 0.93023 0.93023 0.93023 0.93023 0.93023 0.92857 0.92857 0.95122 0.925 0.86207 0.86957 0.75 0 1 1 1 1 0.42105 0.3125 0.375 0.66667 0.33333 0.78947 0.90909 0.90476 0.90476 0.86364 0.91304 0.7931 0.92857 0.75676 0.8 0.91304 0.90476 0.42105 1 1 1 0 0 1 1 0 0.5 0.6 0.3125 0.78947 0.90476 0.90476 0.90476 0.86364 0.5 1 1 1 0.375 1 1 1 1 1
1 1 1 1 1 1 0.52381 1 1 1 0.5119 0.93023 0.64103 0.86957 0.91304 0.85714 0.67568 0.725 0.92857 0.93182 0.52381 0.5119 0.60294 0.7069 0.93182 0.93023 0.93182 0.71795 0.92 0.75 0.33333 1 1 1 1 0.42105 0.3125 0.90476 0.925 0.8 0.90476 0.90476 0.5 0.6 0.42105 0.78947 0.2 0.6 0.90476 0.875 0.91304 0.90476 0.78947 0.33333 1 1 1 1 1 1 0.5 0.3125 0.90476 0.90476 0.84211 0.78947 0.90476 0.84211 0.375 0 1 1 1 0.42105 0.33333 1 1 1 1
1 1 1 1 0.98824 1 0.52381 1 1 1 0.80952 0.60294 0.92857 0.95122 0.80952 0.5119 0.93182 0.95122 0.95122 0.925 0.7069 0.95122 0.95122 0.93182 0.93182 0.93182 0.95349 0.71795 0.86957 0.86957 1 1 1 1 0.33333 1 0.33333 0.33333 0.78947 0.75 0 1 1 0.5 0.33333 0.75 1 1 0 0.875 0.90476 0.33333 0 0 0.33333 0.33333 0.78947 0.33333 1 1 0.33333 0.47368 0.875 0.86364 0.91304 0.91667 0.86364 0.90476 0.90476 0.375 0.33333 0 0.6 0.82609 0.82609 0.375 0.375 1 1
1 1 1 1 0.98824 1 0.80952 1 0.98824 0.98824 1 0.69048 0.52381 1 1 1 0.7069 0.5119 0.67568 0.86957 1 0.7619 0.82143 0.90244 0.92857 0.92857 0.93023 0.86207 0.7619 1 1 0.6 0.85714 1 1 0.95455 0.42105 0.42105 0 0 0 1 0 0.33333 0.86957 0.5 1 1 1 0 1 1 1 1 0.6 0.90476 0.91304 0.33333 1 1 0 0 0.33333 0.47368 0.90476 0.91304 0.90476 0.42105 0.33333 0.3125 0.2 0.66667 0.47368 0.82609 0.91304 0.78947 0.33333 0 1
1 1 1 1 1 0.80952 1 1 0.97701 0.98824 1 1 1 1 0.98837 0.5119 0.88 1 0 0.5 0.90476 0.75 0.84 0.95122 0.92857 0.95122 0.95122 0.725 0.64103 0.95122 0.92 0.91304 0.90476 0.2 1 1 1 0.33333 0.88 0.33333 0.66667 0.42105 0.90476 0.84 0.925 0.42105 1 1 1 1 1 1 1 0.33333 0.90476 0.73684 0.73684 0.90476 0.6 0.5 0 0 0.33333 0.33333 0.47368 0.42105 0.375 0.33333 0.33333 0.42105 0.8 0.82609 0.875 0.8 0.92 0.7619 0.375 0.33333 0
1 1 1 0.98824 1 1 1 1 0.95122 0.92857 0.92 0.375 0.93023 1 0.98824 0.7069 0.7619 0.26667 1 0 1 0 0.90476 0.71795 0.725 0.64103 0.82143 0.725 0.60294 1 0.93023 0.75 0 1 1 1 1 1 1 0 0.33333 0.90476 0.92 0.67568 0.7 0.78947 1 1 1 1 1 1 0.33333 0.90476 0.95833 0.775 0.90244 0.7931 0.91304 0.90476 0.375 0.33333 0.33333 0.6 0.33333 0.33333 0.6 0.33333 0.33333 0.8 0.78947 0.7619 0.91304 0.625 0.88462 0.42105 0.33333 0 0
1 1 1 0.98824 1 1 1 0.93182 1 0 0.33333 0.75 0.92683 0.52381 0.98824 0.5119 0.86207 1 0.375 0.6 1 0 0.7619 0.90244 0.71795 0.875 0.91304 0.84 0.925 1 0.86207 1 1 1 1 1 1 1 1 0.33333 0.75 0.82143 0.64103 0.86207 0.92683 0.6 1 1 1 1 1 1 0.66667 0.6 0.33333 0.95833 0.7931 0.82143 0.82143 0.91304 0.33333 0 1 0.5 0.375 0.42105 0.375 0.4 0.42105 0.42105 0.375 0.6 0.33333 0.78947 0.375 1 1 1 1
1 1 1 1 1 1 0.52381 0.67568 1 0 0.7619 0.86957 0.92857 1 0.98837 0.98824 0.5119 0.52381 0.89286 0.90476 1 0.42105 0.92 0.93023 0.91304 0.33333 1 0 0.75 0.85714 0.90476 1 1 1 1 1 1 1 1 0.42105 0.84 0.92857 0.67568 0.86957 0.33333 0 1 1 1 1 1 1 0.66667 0 1 0.6 0.33333 0.375 0.90476 0.90476 0.42105 0.375 0.33333 0.33333 0.66667 0.6 0.33333 0.5 0 0 1 1 0 0 1 1 1 1 1
1 1 0.97674 1 1 1 0.60294 0.86957 0.88 0.92857 0.4881 0.98824 1 0.98824 0.97727 0.97701 0.98824 1 0.93182 0.89286 0.42105 0.84 0.90476 0.375 1 1 0 1 0 1 0.6 0.375 0.42105 1 1 1 1 1 1 1 0.86957 0.67568 0.67568 0.92 0.84 0.66667 1 1 1 1 1 1 1 0 1 1 1 1 0 0.90476 0.86364 0.95455 0.7619 0.6 0 1 0 0 0 1 1 1 1 0.33333 1 1 1 1 1
1 1 0.98824 1 1 1 0.95122 0.86957 0.52381 1 0.98837 0.98876 0.98876 0.97727 0.97701 0.98824 1 0.52381 0.5 0.93182 1 0.86207 0.6 1 1 1 1 1 1 0.42105 0.33333 0 0.375 1 1 1 1 1 1 1 1 0.95122 0.95122 0.95122 0.95122 0.86957 0.33333 0 0 1 1 1 1 0 1 1 1 1 1 0.3125 0.8 0.90476 0.91304 0.78947 0.6 0 0 0 0 1 1 1 0 0.66667 0 1 1 1 1
