data/entities/Measures_khals_widened_4m/CaseDifferenceDuration_fraction.asc
ncols         98 
nrows         130 
xllcorner     530385.4375 
yllcorner     504074.10385949 
cellsize      100 
NODATA_value -9999 
[rows 35 to 69 of 130, columns 0 to 78 of 98]
1 1 0.98824 1 1 0.5119 0.725 0.92857 1 0.98824 0.97701 0.98876 0.98876 0.97727 0.98837 1 0.93182 0.82143 0.64103 0.90244 0.82143 0.26667 0.33333 1 1 1 1 1 1 1 1 1 1 1 1 1 1 1 0.4 0.75926 1 0.93023 0.82143 0.82143 0.71795 0.92 0.90476 0.86957 0.8 0.90476 1 1 1 1 1 1 1 1 1 0.33333 0.3125 0.33333 0.47368 0.90476 0.90476 0.375 0.66667 0.33333 1 1 1 0 0 0.33333 0 1 1 1 0
1 0.98837 0.98824 0.98824 1 0.5 0.95349 1 0.97674 0.97701 0.98864 0.98876 0.98876 0.97701 1 1 0.5119 0.60294 0.60294 0.95349 0.89286 0.91304 0.88 0.71795 0.84 0.86957 0.89286 1 1 1 1 1 1 1 1 0.32857 1 0.375 0.91304 0.95238 0.7619 1 0 0.90476 0.925 0.93182 0.93182 0.92857 0.82143 0.90476 0.375 0 1 1 1 1 1 1 1 0.78947 0.33333 0 0 0.33333 0.6 0 0 0.33333 1 1 1 1 0 0 0 0 0.66667 0.6 0
1 0.97674 0.98824 0.98824 1 0.52381 0.98824 0.97701 0.97727 0.98864 0.98876 0.98876 0.98876 0.97701 0.98837 1 1 0.98824 0.98837 1 0.98824 0.5119 0.95349 0.60294 0.93182 0.93023 0.93182 0.91304 0.90476 0.82143 0.8 0.375 0.6 0.6 0.3125 0.33333 0.33333 0.86957 0.95122 1 0.92 1 1 0.86957 0.93182 0.60294 0.95349 0.95122 0.925 0.71795 0.91304 0.66667 1 1 1 1 1 1 0 0.90476 0.78947 0.375 0.33333 0 1 1 1 1 1 1 0 0.3125 0.75 0.33333 0 0 0 1 1
1 0.98837 0.98824 0.98824 1 0.97701 0.97727 0.98864 0.98876 0.98876 0.88119 0.88119 0.98876 0.97701 1 1 0.98824 0.98824 1 0.5119 0.42105 0.86957 0.92 0.92857 0.71795 0.86207 0.91304 0.82143 0.90244 0.52381 0.5 0.925 0.7 0.91304 0.90476 0.85714 0.7619 0.91304 0.71795 0.92857 0.92857 0.92857 1 1 1 0.2 0.84 0.92857 0.95122 0.93182 0.725 0.6 1 1 1 1 0.4 1 0.78947 0.7931 0.88 0.875 0.90476 0.33333 1 1 1 1 1 1 0.6 0.44444 0.375 0.6 0.33333 0 0 1 1
1 0.98837 0.98824 1 1 0.98824 0.97727 0.98876 0.88119 0.88119 0.88119 0.87255 0.98876 0.97727 0.98824 0.98824 0.97701 0.98864 0.98824 0.92857 0.90244 0 0.4 0 0.33333 0.3125 0.8 0.86957 0.725 1 0.52381 0.95122 0.92 0.90476 0.33333 1 0 0.75 0.92 0.92 0.90476 0.3125 0 0 1 1 1 0.86207 0.91304 0.90476 0.6 0 0.4 0.66667 0.4 0.6 0.90476 0.85714 0.92857 0.90909 0.975 0.91304 0.42105 0 1 1 1 1 1 1 1 0.5 0.5 0.42105 0.84211 0.42105 0.42105 0.42105 0.33333
1 0.5119 1 0.33333 0.91304 0.82609 0.725 0.5119 0.80952 1 0.98824 0.97727 0.98824 0.98824 0.97727 0.97701 0.98837 0.98876 1 0.4881 0.67568 0.86957 0.2 1 1 0 0.86957 0.375 0.92 0.4881 0.93182 0.71795 0.92 0.7619 0.375 0 0.6 0.7619 0.82143 0.86957 0.375 1 1 0 0.86957 0.85185 1 1 0.33333 0 0 1 1 1 0.6 0.91304 0.95122 0.93182 0.93182 0.90909 0.925 0.95833 0.33333 0 1 1 1 1 1 1 1 0.42105 0.5 0.8 0.86364 0.86364 0.84 0.90476 0.42105
1 0.5119 1 0.95122 0.7 0.93182 0.95122 0.92857 0.7 0.93023 0.71795 0.7619 0.84 0.5 0.97701 0.96591 1 0.67568 1 0.98824 0.98864 0.98824 0.95349 0.86957 0.8 0.42105 1 0.3125 0.92 0.92857 0.71795 0.7619 0.6 0 0.375 0.82609 0.90476 0.92 0.95122 0.67568 0.90476 0.375 0.33333 0 1 0.3125 0.91304 1 1 0.28788 0.27273 0.53333 0.4 0.4 0.84211 0.925 0.61765 0.72414 0.93182 0.95238 0.74359 0.75676 0.90476 0.75 0.42105 0.33333 1 1 1 1 1 1 0.44444 0.4375 0.42105 0.42105 0.42105 0.3125 0.375
1 0.98824 1 0.52381 0.52381 1 0.5119 0.92857 0.92857 0.82143 0.42105 0 0.2 0.71795 0.98864 0.98876 0.97727 0.97727 0.96591 0.98876 0.88119 0.88119 0.97753 0.97727 0.5119 0.71795 0.82143 0.82143 0.90244 0.5119 0.91304 1 1 1 1 1 0 0.90476 0.90698 0.71795 0.90476 0.90476 0.33333 0.4 0.33333 0.375 0.375 0.86957 1 1 0.98507 0.84211 0.4 0.6 0.90476 0.95122 0.61765 0.95122 0.74359 0.82143 0.75676 0.75676 0.75676 0.67568 0.92857 0.82143 0 1 1 1 1 0.29762 0.8 0.8 0.4375 0.375 0.75 0.33333 0
1 0.52381 0.82143 0.95122 0.93023 0.93182 0.93023 0.725 0.71795 0 0 1 0.78947 0.91304 0.67568 0.52381 0.97674 0.98864 0.98876 0.98876 0.87255 0.87255 0.88119 0.88119 0.97674 1 0.95349 0.60294 0.5119 0.52381 0.92 0 1 1 1 1 1 1 0.375 0.2 0.4 1 0 0.42105 0.3125 1 1 1 0.375 1 0.6 0.6 1 0.4 0.90476 0.925 0.95238 0.82759 0.90476 0.90476 0.95455 0.82759 0.75676 0.71795 0.92857 0.67568 0.6 1 0.4 0.4 1 1 0.5 0.55814 0.84211 0.33333 1 1 1
1 1 0.52381 0.93182 0.92857 0.71795 0.86207 0.86957 0 1 0.3125 0.5119 0.5119 0.7 0.42105 0.93023 1 0.98864 0.97727 0.98824 1 1 0.98824 0.98837 0.98824 0.5119 1 0.4881 0.93182 0.4881 0.92857 0.65789 0.60294 0.7619 1 1 1 1 0 0.375 0.3125 0.88 0.91304 0.88 0.65789 1 1 1 1 1 0 0.4 1 0.6 0.90476 0.95122 0.95238 0.91667 0.375 1 0.5 0.82143 0.75676 0.75676 0.92857 0.71795 0.82143 0.90476 0.47368 0.42105 0.47368 0.78947 0 0 0 1 1 1 1
1 0.97674 1 1 1 0.5119 0.93023 0.82143 0 0.75 0.90244 0.97701 0.98864 0.97701 0.97727 0.97701 0.97727 0.98876 0.98837 0.52381 0.5119 0.64103 0.92 0.7069 0.86957 0.42105 1 0.78947 0.67568 0.92857 0.93182 0.92857 0.71795 0.90476 1 1 1 0 0.7619 0.86957 0.82609 0.875 0.91304 0.92 0.92 0 0 1 1 1 1 1 1 0.6 0.90476 0.95122 0.95238 0.86207 0.84211 0.375 0.55556 0.78947 0.91304 0.82759 0.75676 0.75676 0.75676 0.91667 0.95455 0.90476 0.95455 0.33333 0.4 1 1 1 1 1 1
1 0.97727 0.98824 0.98837 0.97727 0.87129 0.98864 0.97674 0.97727 0.52381 0.93182 0.52381 0.52381 1 0.97727 0.98864 0.97753 0.98876 0.69048 0.84 1 1 1 1 0 0 0.375 0.90476 0.82143 0.93182 0.90698 0.90244 0.86207 0.3125 1 1 1 0.33333 0.84 0.86957 0.3125 1 0 0.7619 0.925 0.92 0.3125 1 1 1 1 1 1 0.4 0.78947 0.75676 0.95238 0.75676 0.75676 0.92 0.42105 0.4 0.4 0.90476 0.82759 0.67568 0.67568 0.82759 0.95833 0.91667 0.91667 0.84211 0.4 0.4 1 1 1 1 1
1 0.97701 0.97727 0.96591 0.98864 0.88119 0.98876 0.98876 0.98876 1 0.71795 1 0.82143 0.5119 0.97701 0.97727 0.97727 0.97701 0.5119 0.84 1 0 0.3125 0.60294 0.82143 0.90476 0.375 0.42105 0.92 0.71795 0.92857 0.93023 0.7069 0.91304 1 1 1 0.3125 0.65789 0.84 0.6 1 1 0 0.875 0.33333 1 1 1 0.12121 1 1 1 1 0.6 0.91304 0.95833 0.95455 0.85714 0.74359 0.91304 0.42105 0.375 0.95455 0.82143 0.67568 0.67568 0.67568 0.82143 0.95652 0.91304 0.6 0.4 0.4 1 1 0 0 0.2
1 0.98824 1 0.96591 0.98864 0.98876 0.98876 0.98876 0.98876 0.98837 0.52381 0.93182 0.93023 0.5119 0.98837 0.97674 0.98824 1 1 1 0.97727 0.98824 0.98824 0.98824 0.5119 0.65789 0.42105 0.42105 0.84 0.725 0.95349 0.93182 0.4881 0.86207 0.42105 0.33333 0 0.7619 0.90698 0.91304 1 1 1 1 1 1 1 1 1 1 1 1 1 1 0.4 0.78947 0.90476 0.33333 0.92 0.95122 0.74359 0.96552 0.95833 0.82143 0.82759 0.80645 0.86207 0.85714 0.91304 0.84211 0.4 0.4 0.4 0.4 1 1 0.33333 0.91667 0.91304
1 0.52381 1 0.80952 0.98824 0.98876 0.98864 0.98864 0.98876 0.98876 0.97727 0.97701 0.80952 0.725 0.86957 0.95122 0.5 0.5119 1 0.98824 0.98864 0.97701 0.98837 0.97701 1 0.7069 0.95122 0.86364 0.88 0.93023 0.93182 0.93023 0.90244 0.86207 0.91304 0.75 0.7619 0.47368 0.375 1 1 1 1 1 1 1 1 1 1 1 1 1 1 1 1 0.4 1 0.6 0.91304 0.95122 0.95122 0.95122 0.74359 0.75676 0.75676 0.75676 0.75676 0.82759 0.91304 0.6 0.4 0.4 0.4 1 1 1 0.91304 0.91304 0.91304
1 0.5119 0.93182 0.7 0.71795 0.86207 0.82143 0.93182 0.98824 0.97701 0.97727 0.97727 0.52381 0.86207 0.33333 0.92 0.93023 1 0.52381 0.95349 0.7 0.93182 1 0.97674 0.98824 0.52381 0.82143 0 0.86364 0.90244 0.93182 0.95122 0.92857 0.71795 0.82143 0.91304 0.7619 0.375 0 1 1 1 1 1 1 1 1 1 1 1 1 1 1 1 1 1 1 0.4 0.5 0.86364 0.85714 0.95122 0.95122 0.725 0.74359 0.75676 0.75676 0.86207 0.90476 0.4 0.4 0.4 0.4 0.4 0.4 0.4 0.6 0.33333 0.91304
1 0.93182 0.97701 0.93182 0.91304 1 0.375 0.65789 1 0.98824 0.98824 0.96591 0.69048 0.93182 0.93182 0.4881 1 0.98824 0.93182 0.91304 0 0.91304 0.93182 0.97727 0.97701 0.98824 1 0.725 0.92683 0.52381 0.93023 0.82143 0.7619 0.91304 0.91304 0.92 0.6 1 1 1 1 1 1 1 1 1 1 1 0.6 0.82609 0.26667 1 1 0.4 1 1 1 1 0.375 0.84211 0.85714 0.95122 0.92857 0.92683 0.925 0.74359 0.75676 0.91667 0.47368 0.4 0.4 0.4 0.4 0.4 0.4 0.4 0.4 0.4 0.33333
1 0.90476 0.95122 0.92 0.75 0 0.91304 0.90698 0.98824 1 0.4881 0.90476 0.71795 0.93023 0.5119 0.52381 0.5119 1 0.7 0.82609 0.375 0.88 0.5119 0.98837 0.97727 0.97727 0.97701 0.98824 1 0.4881 0.725 0.84 0 0 0.2 0.90476 1 1 1 1 1 1 0 0.5 0.375 0.75 0.91304 0.7 0.5119 0.69048 0.71795 0.3125 1 0.4 1 1 1 0.4 0.90476 0.925 0.92683 0.92857 0.92857 0.92857 0.90244 0.74359 0.82759 0.95455 0.5 0.4 0.4 0.4 0.4 0.4 0.4 0.4 0.4 0.4 0.6
1 1 0 0.42105 0.7619 0.88 0.70732 0.5119 1 1 0.52381 0.52381 0.70732 0.82143 0.82143 0.7619 0.2 1 0 0.7619 0.71795 0.93182 1 0.98876 0.98876 0.98876 0.88119 0.98864 0.98824 0.60294 0.93182 0.90698 0.5119 0.92 0.42105 1 0.5 0.86957 0.93182 0.82609 0.88 0.93182 0.64103 0.84 0.90476 0.88 0.7 1 0.5119 1 0.52381 0.82609 0 0.6 0.4 0.4 1 1 0.92 0.95122 0.92857 0.93023 0.93023 0.92857 0.95122 0.74359 0.85714 0.90476 0.33333 0.4 0.4 0.4 0.4 0.4 0.4 0.4 0.4 0.4 0.375
1 1 0.3125 0.92 0.70732 1 0.69048 0.52381 0.98824 1 0.98824 0.97727 0.60294 0.90476 1 1 1 1 0.33333 0.82143 0.52381 0.5119 1 0.98824 0.97727 0.98864 0.97727 0.97727 0.98837 0.98824 1 1 0.4881 0.93182 0.71795 0.95122 0.725 0.52381 0.97727 0.97701 0.98824 0.98824 1 0.52381 0.5119 0.95122 0.71795 0.92 0.5119 1 0.60294 0.85714 0.7619 0.25 0.33333 0.6 0.55556 1 0.75676 0.95238 0.93023 0.93023 0.93023 0.95238 0.95122 0.74359 0.82143 0.90476 0.55556 0.4 0.4 0.4 0.4 0.4 0.4 0.4 0.4 0.4 0.90476
1 0.91304 0.71795 0.725 0.93023 0.93023 0.92857 0.93182 0.86364 0.95122 0.52381 1 0.93182 0.7619 1 0.6 0.82143 0.98837 0.98824 0.98824 1 0.60294 0.69048 0.98824 0.97701 0.98864 0.98876 0.97727 1 1 0.5119 1 0.97727 0.52381 0.92 0.42105 0.90476 0.95122 0.98837 0.97727 0.97727 0.98864 0.97674 1 0.98824 0.52381 0.69048 1 1 0.98824 0.52381 0.95122 0.90244 0.67568 0.375 0.47368 0.91304 1 1 0.93023 0.93023 0.93023 0.93023 0.95238 0.92857 0.74359 0.82143 0.90476 0.375 0.4 0.4 0.4 0.4 0.4 0.4 0.4 0.4 0.375 0.91304
1 1 0.93182 1 1 1 1 0.98824 0.98876 0.52381 1 0.98837 0.98824 0.5119 0.52381 1 0.97701 0.87129 0.98876 0.98876 0.98876 0.97674 1 1 0.97727 0.98876 0.88119 0.98864 0.5119 0.375 0.92 0.52381 0.97727 0.93023 0.42857 1 1 0.7619 0.52381 0.98851 0.98864 0.98876 0.98824 0.5119 0.375 0.725 1 0.97727 0.97701 0.98837 1 0.91304 0.375 0.88 0.26667 0 0.91667 0.82759 1 0.93023 0.95238 0.92857 0.92857 0.92857 0.92857 0.90244 0.82143 0.90476 0.6 0.4 0.4 0.4 0.4 0.4 0.4 0.4 0.4 0.42105 0.91304
1 0.87129 0.88119 0.87129 0.98876 0.88119 0.98876 0.98864 0.97727 0.97701 0.98837 0.96591 0.97701 0.97701 0.98876 0.97753 0.98876 0.98876 0.98876 0.88119 0.88119 1 0.70732 0.82143 0.97727 0.98876 0.87129 0.98864 0.98824 1 0.4881 0.5119 0.97674 0.92857 0.3125 1 1 0.91304 1 0.97701 0.97701 0.98837 0.98824 0.5119 0.4881 0.93182 0.98824 0.98851 1 0.93182 0.90476 1 1 1 1 0.375 0.82759 0.82759 1 0.92857 0.92857 0.92857 0.92857 0.92857 0.92857 0.925 0.91667 0.84211 0.6 0.4 0.4 0.4 0.4 0.4 0.4 0.4 0.4 0.5 0.91304
1 0.88119 0.87129 0.88119 0.88119 0.88235 0.87129 0.97701 1 0.52381 0.5119 0.4881 0.69048 1 0.98824 0.98837 0.97701 0.97727 0.97727 0.98864 0.98876 1 0.7 0.7619 0.98837 0.98864 0.98864 0.97727 0.97727 0.98864 1 0.95122 0.375 0.75 0.8 0 0 0.92 1 0.98837 0.98824 0.98837 0.69048 0.95122 0.82143 0.67568 0.60294 1 0.5 0.70732 0.75 1 1 1 1 0.91304 0.91304 0.82759 1 1 0.92857 0.92857 0.92857 0.92857 0.92857 0.725 0.91667 0.84211 0.375 0.4 0.4 0.4 0.4 0.4 0.4 0.4 0.4 0.4 0.57143
1 0.98876 0.97727 0.97727 0.98864 0.98876 0.97701 1 0.4881 0.90244 0.67568 0.91304 0.82143 0.95122 0.5119 0.4881 0.90698 0.86207 0.92857 1 0.97701 0.97674 1 0.98837 0.98837 0.98837 0.98824 1 0.97674 0.97727 1 0.71795 0.8 0.75 0.82609 0.67568 0.42105 0.82143 0.5119 0.5119 0.70732 0.93182 0.84 0.90476 0.3125 0.75 0.82143 0.92857 0.5119 1 0.4881 0.6 1 1 1 1 0.375 0.86364 0.92683 1 0.92857 0.92857 0.92857 0.92857 0.92857 0.925 0.91667 0.84211 0.375 0.4 0.4 0.4 0.4 0.4 0.4 0.4 0.4 0.4 0.4
1 0.97727 0.98824 0.69048 0.90698 0.92 0.82143 0.7 0.90698 0.90244 0.71795 0.91304 0.85714 0.95122 0.4881 0.7069 0.90244 0.88 0.875 0.91304 0.82143 0.91304 0.71795 0.80952 1 1 1 0.60294 0.95122 0.5119 0.82143 0.91304 0.7 0.91304 0.84 0.725 0.7 0.84 0.88 0 1 1 1 0.6 0.4375 0.82143 0.90698 1 1 0.98837 1 0.8 1 1 1 1 1 0.42105 0.90244 1 0.92857 0.92857 0.92857 0.92857 0.92857 0.92683 0.92 0.90476 0.5 0.4 0.4 0.4 0.4 0.4 0.4 0.4 0.4 0.4 0.4
1 0.97674 0.98824 0.5119 0.71795 0.3125 0.88 0.71795 0.90698 0.93182 0.93182 0.5119 0.5119 0.52381 1 0.98824 1 0.98824 0.725 0.42105 1 1 0.7619 0.90698 0.5119 0.95122 0.5119 0.3125 1 1 1 1 1 0.33333 0.33333 1 0.6 1 1 1 1 1 0 0.7619 0.92857 0.93182 0.5119 0.98824 1 0.80952 0.90698 0.26667 1 1 1 1 0 0.42105 0.82759 1 1 0.92857 0.92857 0.92857 0.92857 0.90244 0.92 0.90476 0.33333 0.4 0.4 0.4 0.4 0.4 0.4 0.4 0.4 0.4 0.4
1 0.98824 1 0.4881 0.92857 0.90698 0.90698 0.93182 0.4881 0.5119 0.5119 0.5119 1 0.98824 0.97727 0.97674 1 0.93182 0.67568 0.82143 0.90698 0.91304 0.88 0.90698 0.71795 0.91304 1 1 1 1 1 1 0.91667 0.91304 0.4375 0.26667 0.3125 0.4375 0.42105 1 1 1 0.375 0.7619 0.64103 0.86364 0.82143 0.93182 0.52381 0.95349 0.90476 1 1 1 1 0 0.4375 0.91667 0.71795 0.71795 1 0.92857 0.92857 0.92857 0.92857 0.90244 0.92 0.84211 0.5 0.6 0.4 0.4 0.4 0.4 0.4 0.4 0.4 0.4 0.4
1 0.98824 0.90909 0.92683 0.90698 0.93182 0.4881 0.5119 0.52381 0.52381 1 1 0.98824 0.97701 0.98876 0.97674 0.4881 0.71795 0.82143 0.92857 0.97674 0.93182 0.78571 0.4375 0.875 0.88 0.95122 0.85714 0.86364 0.81481 0.36842 0.78947 0.88 0.91304 0.88 0.82759 0.65789 0.70732 0.68293 1 1 1 0 0 1 1 0.26667 0.88 0.71795 0.7 0.91304 1 1 1 1 0.875 0.52381 0.90698 0.71795 0.93182 1 0.92857 0.92857 0.92857 0.92857 0.95122 0.92 0.84211 0.625 0.375 0.6 0.6 0.4 0.4 0.4 0.4 0.4 0.4 0.4
1 0.98837 1 0.5119 0.93182 0.5 0.52381 0.80952 1 1 1 0.98824 0.80952 1 0.98837 0.5119 0.67568 0.75 0.42105 0.73684 0.80952 0.90698 0.88 0.33333 0.82143 0.90698 1 0.4881 0.72973 0.91304 0.91667 0.91304 0 0.84211 0.86364 0.91667 0.90476 0.82759 0.82759 1 0.6 0.86364 0.7619 0 1 1 0.26667 0.875 0.88 0.91304 0.7619 0 1 1 0 0.75676 0.52381 0.52381 0.52381 0.69048 1 1 0.92857 0.92857 0.92857 0.92683 0.91667 0.78947 0.375 0.6 0.6 0.4 0.4 0.4 0.4 0.4 0.4 0.4 0.4
1 0.98837 0.98824 1 0.52381 0.5119 1 0.98824 0.98824 1 0.5119 0.88 0.88 0.88 0.81481 0.90476 0.3125 1 0.375 0.85714 0.5119 0.52381 0.4881 0.52381 0.5119 1 0.97701 0.5119 0.725 0.7619 0.86364 0.75676 0.98824 0.90244 0.91304 0 0 0.91667 1 0.82143 0.78947 0.4375 0.3125 0 1 0.6 0.91667 0.90698 0.78571 0.42105 0.7619 0.7619 0.7619 0.6 0.7619 0.90698 0.98824 0.98824 0.98837 0.98824 0.52381 1 0.92857 0.92857 0.92857 0.925 0.91304 0.5 0.6 0.4 0.4 0.4 0.4 0.4 0.4 0.4 0.4 0.4 0.4
1 0.98837 0.98824 0.98824 0.98824 1 1 0.98824 0.97727 0.98824 0.5119 0.67568 0.91304 0.42105 1 0 0.4375 0.91304 0.71795 0.90698 0.5119 0.52381 0.69048 1 0.98824 0.97674 0.97701 0.98824 0.52381 0.93182 0.89655 0.90698 1 0.4881 0.7027 0.42105 0.7619 0.85714 1 0.7 0.84211 1 1 0.4 0.42105 0.91667 0.90698 1 0.7027 0.42105 1 0.33333 0 0.6 0.4375 0.86364 0.85714 0.90698 0.98837 0.98824 0.52381 1 0.95122 0.92857 0.92857 0.775 0.90476 0.6 0.4 0.4 0.4 0.4 0.4 0.4 0.4 0.4 0.4 0.4 0.4
1 1 0.98824 0.98824 0.98824 0.98824 0.98824 0.98824 0.98864 0.97727 0.98824 0.98824 0.5119 0.71795 0.41176 0.3125 0.88 0.5119 1 0.69048 1 0.5119 0.4881 0.95122 0.5119 1 0.96591 0.97674 0.98837 0.97701 0.97674 0.98824 0.98824 0.52381 0.90698 0.90698 0.91304 0.86957 0.90476 0.86364 0.7619 0.7 0.33333 0.42857 0.42857 0.91667 0.4881 0.98837 0.5119 0.74359 0.71795 0.6 1 1 1 0.6 0.7619 0.70732 0.98837 0.98837 0.52381 1 0.725 0.95122 0.92857 0.74359 0.5 0.4 0.4 0.4 0.4 0.4 0.4 0.4 0.4 0.4 0.4 0.4 0.4
1 1 0.98824 0.98824 0.98824 0.98824 0.98824 0.98824 0.97701 0.98837 0.97674 0.98824 0.97674 0.98824 0.97727 0.60294 0.5119 0.5119 0.98824 0.98824 0.98824 1 0.52381 0.90698 0.60294 0.5119 0.5119 0.5119 0.52381 0.98824 0.98824 1 0.98824 0.5119 0.90698 0.86364 0.86364 0.875 0.91667 0.85714 0.78571 0.375 0.86364 0.875 0.82759 0.90244 0.98824 0.98876 0.96591 0.98837 0.93182 0.375 1 1 1 0.33333 0.75676 0.88636 0.98837 0.97701 1 1 1 0.90244 0.95122 0.73684 0.5 0.4 0.4 0.4 0.4 0.4 0.4 0.4 0.4 0.4 0.4 0.4 0.4
1 1 0.98837 1 1 0.98824 0.98824 0.98837 0.97674 0.98824 0.98824 0.98837 0.97701 0.97727 0.98876 0.97753 0.97727 0.98876 0.98864 0.97727 0.97753 0.97701 0.98824 0.98824 0.5119 0.95122 0.85714 0.78571 0.82759 0.90909 0.5119 0.52381 0.90698 0.4881 0.5119 0.98824 0.90698 0.90698 0.4881 0.98824 0.98824 0.97701 0.98824 0.52381 1 0.70732 1 0.98864 0.97727 0.97727 0.98824 0.84211 1 1 1 0.90476 0.90244 0.4881 0.98837 0.97701 1 1 1 0.925 0.95122 0.75676 0.375 0.4 0.4 0.4 0.4 0.4 0.4 0.4 0.4 0.4 0.4 0.4 0.4
