data/entities/Measures_khals_widened_4m/CaseDifferenceDepth_m.asc
ncols         98 
nrows         130 
xllcorner     530385.4375 
yllcorner     504074.10385949 
cellsize      100 
NODATA_value -9999 
[rows 0 to 30 of 130, columns 0 to 68 of 98]
-9999 -9999 -9999 -9999 -9999 -9999 -9999 -9999 -9999 -9999 -9999 -9999 -9999 -9999 -9999 -9999 -9999 -9999 -9999 -9999 -9999 -9999 -9999 -9999 -9999 -9999 -9999 -9999 -9999 -9999 -9999 -9999 -9999 -9999 -9999 -9999 -9999 -9999 -9999 -9999 -9999 -9999 -9999 -9999 -9999 -9999 -9999 -9999 -9999 -9999 -9999 -9999 -9999 -9999 -9999 -9999 -9999 -9999 -9999 -9999 -9999 -9999 -9999 -9999 -9999 -9999 -9999 -9999 -9999
-9999 -9999 -9999 -9999 -9999 -9999 -9999 -9999 -9999 -9999 -9999 -9999 -9999 -9999 -9999 -9999 -9999 -9999 -9999 -9999 -9999 -9999 -9999 -9999 -0.0866 -0.0865 -0.0866 -0.0866 -0.0865 -0.0865 -0.0865 -0.0865 -0.0864 -0.0861 -0.0853 -0.0843 -0.0838 -0.0834 -0.0833 -9999 -9999 -9999 -9999 -9999 -9999 -9999 -9999 -9999 -9999 -9999 -9999 -9999 -9999 -9999 -9999 -9999 -9999 -9999 -9999 -9999 -9999 -9999 -9999 -9999 -9999 -9999 -9999 -9999 -9999
-9999 -9999 -9999 -9999 -9999 -9999 -9999 -9999 -9999 -9999 -9999 -9999 -9999 -9999 -9999 -9999 -9999 -9999 -9999 -9999 -9999 -9999 -0.0866 -0.0865 -0.0866 -0.0866 -0.0866 -0.0866 -0.0866 -0.0866 -0.0865 -0.0864 -0.0864 -0.0862 -0.0854 -0.0841 -0.0836 -0.0832 -0.0825 -0.0596 -0.0609 -0.0622 -0.0633 -0.0632 -0.0629 -0.0625 -0.0622 -9999 -9999 -9999 -9999 -9999 -9999 -9999 -9999 -9999 -9999 -9999 -9999 -9999 -9999 -9999 -9999 -9999 -9999 -9999 -9999 -9999 -9999
-9999 -9999 -9999 -9999 -9999 -9999 -9999 -9999 -9999 -9999 -9999 -9999 -9999 -9999 -9999 -9999 -9999 -9999 -9999 -9999 -0.05 -0.05 -0.05 -0.0866 -0.0866 -0.0866 -0.0866 -0.0866 -0.0865 -0.0865 -0.0865 -0.0865 -0.0865 -0.0862 -0.0858 -0.0845 -0.0838 -0.0834 -0.0825 -0.0655 -0.0605 -0.0619 -0.0645 -0.0653 -0.0629 -0.0621 -0.0614 -0.06 -0.0591 -0.0587 -0.0583 -0.0581 -0.058 -0.058 -9999 -9999 -9999 -9999 -9999 -9999 -9999 -9999 -9999 -9999 -9999 -9999 -9999 -9999 -9999
-9999 -9999 -9999 -9999 -9999 -9999 -9999 -9999 -9999 -9999 -9999 -9999 -9999 -9999 -9999 -9999 -9999 -9999 -9999 -0.05 -0.05 -0.05 -0.05 -0.0866 -0.0866 -0.0866 -0.0866 -0.0866 -0.0866 -0.0866 -0.0866 -0.0865 -0.0865 -0.0863 -0.085 -0.084 -0.0837 -0.0835 -0.0833 -0.0827 -0.0627 -0.0609 -0.0621 -0.0644 -0.0616 -0.0604 -0.0595 -0.06 -0.0598 -0.0599 -0.0603 -0.0588 -0.0573 -0.0558 -0.051 -0.0505 -0.0508 -0.0641 -0.0892 -0.0997 -0.1074 -0.1075 -9999 -9999 -9999 -9999 -9999 -9999 -9999
-9999 -9999 -9999 -9999 -9999 -9999 -9999 -9999 -9999 -9999 -9999 -9999 -9999 -9999 -9999 -9999 -9999 -0.05 -0.05 -0.05 -0.05 -0.05 -0.05 -0.05 -0.0867 -0.0867 -0.0867 -0.0868 -0.0867 -0.0867 -0.0866 -0.0866 -0.0866 -0.0863 -0.0848 -0.0838 -0.0836 -0.0835 -0.0833 -0.0828 -0.0823 -0.0684 -0.0607 -0.0608 -0.059 -0.0589 -0.0587 -0.0586 -0.0588 -0.0635 -0.0712 -0.0676 -0.0635 -0.0592 -0.0532 -0.0561 -0.0986 -0.1016 -0.1025 -0.104 -0.1056 -0.1136 -0.1321 -0.1394 -9999 -9999 -9999 -9999 -9999
-9999 -9999 -9999 -9999 -9999 -9999 -9999 -9999 -9999 -9999 -9999 -9999 -9999 -9999 -9999 -0.05 -0.05 -0.05 -0.05 -0.05 -0.05 -0.05 -0.05 -0.05 -0.0867 -0.0868 -0.0867 -0.0868 -0.0868 -0.0868 -0.0867 -0.0868 -0.0867 -0.0865 -0.0844 -0.0835 -0.0835 -0.0834 -0.0833 -0.0827 -0.0822 -0.0816 -0.0736 -0.0659 -0.0573 -0.0624 -0.0684 -0.075 -0.0795 -0.081 -0.0837 -0.0867 -0.0897 -0.0928 -0.0956 -0.0974 -0.0982 -0.0994 -0.1017 -0.1034 -0.1041 -0.1047 -0.1048 -0.103 -0.05 -0.05 -0.05 -9999 -9999
-9999 -9999 -9999 -9999 -9999 -9999 -9999 -9999 -9999 -9999 -9999 -9999 -9999 -9999 -0.05 -0.05 -0.05 -0.05 -0.05 -0.05 -0.05 -0.05 -0.05 -0.05 -0.05 -0.0868 -0.0868 -0.0868 -0.0868 -0.0868 -0.0869 -0.0868 -0.0868 -0.0868 -0.0832 -0.0831 -0.0834 -0.0834 -0.0831 -0.0826 -0.082 -0.0816 -0.0814 -0.0794 -0.0763 -0.075 -0.0816 -0.0837 -0.0862 -0.0889 -0.0915 -0.0937 -0.0951 -0.0958 -0.0962 -0.0969 -0.0975 -0.0988 -0.1011 -0.1035 -0.1036 -0.1038 -0.1037 -0.1032 -0.1029 -0.1029 -0.0501 -0.05 -0.05
-9999 -9999 -9999 -9999 -9999 -9999 -9999 -9999 -9999 -9999 -9999 -9999 -0.0674 -0.05 -0.05 -0.05 -0.05 -0.05 -0.05 -0.05 -0.05 -0.05 -0.05 -0.05 -0.05 -0.0868 -0.0868 -0.0868 -0.0868 -0.0869 -0.0869 -0.0869 -0.087 -0.087 -0.0871 -0.087 -0.0846 -0.05 -0.0634 -0.082 -0.0817 -0.0815 -0.0814 -0.0813 -0.0813 -0.0814 -0.0833 -0.0854 -0.0879 -0.0906 -0.093 -0.0945 -0.0954 -0.0958 -0.0961 -0.0965 -0.0969 -0.0975 -0.0983 -0.1035 -0.1034 -0.1034 -0.1033 -0.1031 -0.103 -0.103 -0.1016 -0.05 -0.05
-9999 -9999 -9999 -9999 -9999 -9999 -9999 -9999 -9999 -9999 -0.0675 -0.0675 -0.0675 -0.0675 -0.0674 -0.05 -0.05 -0.05 -0.05 -0.05 -0.05 -0.05 -0.05 -0.05 -0.05 -0.05 -0.0868 -0.0868 -0.0869 -0.087 -0.087 -0.087 -0.087 -0.087 -0.0871 -0.0871 -0.0871 -0.0871 -0.05 -0.0676 -0.0813 -0.0813 -0.0813 -0.0814 -0.0817 -0.0828 -0.0842 -0.0864 -0.0889 -0.0914 -0.0935 -0.0948 -0.0954 -0.0957 -0.0959 -0.0961 -0.0964 -0.0967 -0.097 -0.1034 -0.1032 -0.1032 -0.1031 -0.1031 -0.1031 -0.1029 -0.1028 -0.1027 -0.1027
-9999 -9999 -9999 -9999 -9999 -9999 -9999 -9999 -9999 -9999 -0.0675 -0.0675 -0.0675 -0.0674 -0.0674 -0.0674 -0.0674 -0.05 -0.05 -0.05 -0.05 -0.05 -0.05 -0.05 -0.05 -0.05 -0.0865 -0.0868 -0.087 -0.087 -0.0871 -0.0871 -0.0871 -0.0871 -0.0871 -0.0871 -0.0872 -0.0871 -0.05 -0.05 -0.0765 -0.081 -0.0812 -0.0815 -0.0821 -0.083 -0.0848 -0.0869 -0.0893 -0.0918 -0.0938 -0.0949 -0.0954 -0.0956 -0.0957 -0.0957 -0.0959 -0.0897 -0.05 -0.1009 -0.103 -0.103 -0.103 -0.103 -0.103 -0.1029 -0.1029 -0.1028 -0.1027
-9999 -9999 -9999 -9999 -9999 -9999 -9999 -9999 -9999 -9999 -0.0674 -0.0675 -0.0674 -0.0674 -0.0674 -0.0673 -0.0674 -0.0673 -0.0673 -0.05 -0.05 -0.05 -0.05 -0.05 -0.05 -0.05 -0.05 -0.0869 -0.0872 -0.0871 -0.0871 -0.0871 -0.0871 -0.0871 -0.0871 -0.0871 -0.0871 -0.0871 -0.0865 -0.05 -0.061 -0.0817 -0.0808 -0.0815 -0.0821 -0.0832 -0.0865 -0.0874 -0.0896 -0.0919 -0.0942 -0.095 -0.0953 -0.0955 -0.0956 -0.0957 -0.0957 -0.05 -0.05 -0.1028 -0.1031 -0.1031 -0.103 -0.103 -0.103 -0.1029 -0.1028 -0.1028 -0.1027
-9999 -9999 -9999 -9999 -9999 -9999 -9999 -9999 -9999 -0.0675 -0.0675 -0.0674 -0.0675 -0.0675 -0.0674 -0.0674 -0.0674 -0.0673 -0.0673 -0.0673 -0.0673 -0.0672 -0.0672 -0.05 -0.05 -0.05 -0.05 -0.0875 -0.0875 -0.0874 -0.0872 -0.0872 -0.0872 -0.0871 -0.0871 -0.0872 -0.0871 -0.0872 -0.0871 -0.0871 -0.0863 -0.083 -0.0829 -0.0823 -0.0816 -0.0831 -0.0838 -0.0882 -0.0887 -0.0918 -0.0946 -0.095 -0.0952 -0.0954 -0.0955 -0.0955 -0.0956 -0.0591 -0.05 -0.1027 -0.103 -0.103 -0.103 -0.1029 -0.1029 -0.1028 -0.1028 -0.1027 -0.1027
-9999 -9999 -9999 -9999 -9999 -9999 -9999 -9999 -9999 -0.0677 -0.0668 -0.0675 -0.0675 -0.0675 -0.0674 -0.0673 -0.0674 -0.0673 -0.0673 -0.0672 -0.0673 -0.0672 -0.0671 -0.0665 -0.0656 -0.05 -0.05 -0.05 -0.0876 -0.0877 -0.0874 -0.0872 -0.0871 -0.0872 -0.0871 -0.0872 -0.0871 -0.0871 -0.0872 -0.0872 -0.0871 -0.0871 -0.0869 -0.0864 -0.0858 -0.084 -0.0524 -0.05 -0.0501 -0.0939 -0.0944 -0.0948 -0.095 -0.0952 -0.0953 -0.0952 -0.0951 -0.0941 -0.0944 -0.1022 -0.0995 -0.05 -0.0952 -0.1027 -0.1028 -0.1028 -0.1027 -0.1027 -0.1027
-9999 -9999 -9999 -9999 -9999 -9999 -9999 -9999 -9999 -0.0677 -0.0677 -0.0677 -0.0676 -0.0675 -0.0674 -0.0673 -0.0674 -0.0674 -0.0673 -0.0673 -0.0673 -0.0672 -0.0573 -0.0652 -0.0649 -0.0644 -0.0642 -0.05 -0.0877 -0.0881 -0.0876 -0.0873 -0.0873 -0.0872 -0.0872 -0.0872 -0.0872 -0.0872 -0.0872 -0.0871 -0.0872 -0.0871 -0.0868 -0.0864 -0.0858 -0.0849 -0.0846 -0.0882 -0.0904 -0.0929 -0.0938 -0.0944 -0.0944 -0.0739 -0.0946 -0.0949 -0.0949 -0.0941 -0.0924 -0.05 -0.05 -0.05 -0.05 -0.05 -0.05 -0.1013 -0.1027 -0.1027 -0.1026
-9999 -9999 -9999 -9999 -9999 -9999 -9999 -9999 -0.0678 -0.0678 -0.0678 -0.0677 -0.0677 -0.0676 -0.0676 -0.0675 -0.0673 -0.0673 -0.0672 -0.0672 -0.0672 -0.0671 -0.0661 -0.0652 -0.0646 -0.0643 -0.0641 -0.05 -0.05 -0.0897 -0.0882 -0.0875 -0.0873 -0.0872 -0.0873 -0.0872 -0.0872 -0.0872 -0.0872 -0.0872 -0.0871 -0.0871 -0.0855 -0.0501 -0.0501 -0.0863 -0.0883 -0.0884 -0.089 -0.05 -0.0668 -0.0678 -0.0851 -0.083 -0.0913 -0.0918 -0.0915 -0.0502 -0.05 -0.05 -0.05 -0.05 -0.05 -0.05 -0.05 -0.05 -0.1017 -0.1027 -0.1026
-9999 -9999 -9999 -9999 -9999 -9999 -9999 -9999 -0.0679 -0.0678 -0.0678 -0.0677 -0.0677 -0.0676 -0.0676 -0.0675 -0.0674 -0.0674 -0.0673 -0.0672 -0.0672 -0.0671 -0.0662 -0.0653 -0.0647 -0.0642 -0.0635 -0.0622 -0.05 -0.0915 -0.0892 -0.0879 -0.0875 -0.0874 -0.0873 -0.0872 -0.0872 -0.0872 -0.0872 -0.0872 -0.0871 -0.0871 -0.0712 -0.05 -0.05 -0.0592 -0.0879 -0.088 -0.05 -0.05 -0.05 -0.05 -0.083 -0.0872 -0.0875 -0.0887 -0.0803 -0.0501 -0.05 -0.05 -0.05 -0.05 -0.05 -0.05 -0.05 -0.05 -0.05 -0.1016 -0.1025
-9999 -9999 -9999 -9999 -9999 -9999 -9999 -9999 -0.0679 -0.0679 -0.0678 -0.0678 -0.0677 -0.0677 -0.0677 -0.0675 -0.0675 -0.0674 -0.0673 -0.0672 -0.0672 -0.0672 -0.0665 -0.0656 -0.0649 -0.0643 -0.0639 -0.0636 -0.05 -0.05 -0.0875 -0.0874 -0.0874 -0.0874 -0.0874 -0.0873 -0.0872 -0.0872 -0.0872 -0.0871 -0.087 -0.0869 -0.0858 -0.05 -0.05 -0.0875 -0.0877 -0.0876 -0.0861 -0.05 -0.05 -0.05 -0.0871 -0.0871 -0.0871 -0.087 -0.0868 -0.0858 -0.05 -0.05 -0.05 -0.05 -0.05 -0.05 -0.05 -0.05 -0.05 -0.05 -0.05
-9999 -9999 -9999 -9999 -9999 -9999 -9999 -0.0681 -0.0681 -0.0679 -0.0679 -0.0679 -0.0678 -0.0678 -0.0677 -0.0676 -0.0674 -0.0674 -0.0673 -0.0673 -0.0672 -0.067 -0.0666 -0.0662 -0.0655 -0.0649 -0.0643 -0.0641 -0.0643 -0.05 -0.0875 -0.0874 -0.0874 -0.0874 -0.0874 -0.0873 -0.0873 -0.0873 -0.0873 -0.0871 -0.0866 -0.088 -0.0876 -0.0876 -0.0875 -0.0876 -0.0875 -0.0875 -0.0875 -0.0874 -0.05 -0.0829 -0.0871 -0.0871 -0.087 -0.0868 -0.0865 -0.0863 -0.0858 -0.0845 -0.0814 -0.0794 -0.05 -0.05 -0.05 -0.05 -0.05 -0.05 -0.05
-9999 -9999 -9999 -9999 -9999 -9999 -9999 -0.0681 -0.0682 -0.0681 -0.068 -0.0679 -0.0678 -0.0678 -0.0677 -0.0677 -0.0676 -0.0674 -0.0674 -0.0671 -0.0669 -0.0669 -0.0666 -0.0666 -0.0662 -0.0656 -0.0645 -0.0643 -0.0645 -0.05 -0.0874 -0.0874 -0.0874 -0.0874 -0.0874 -0.0873 -0.0873 -0.0875 -0.0887 -0.0877 -0.05 -0.0873 -0.0875 -0.0875 -0.05 -0.0875 -0.0875 -0.0875 -0.0874 -0.0873 -0.0871 -0.0872 -0.0872 -0.0871 -0.087 -0.0866 -0.0867 -0.0865 -0.0864 -0.0863 -0.0861 -0.0861 -0.0844 -0.05 -0.05 -0.05 -0.05 -0.05 -0.05
-9999 -9999 -9999 -9999 -9999 -9999 -9999 -0.0684 -0.0683 -0.0683 -0.0682 -0.068 -0.0679 -0.0678 -0.0677 -0.0677 -0.0676 -0.0675 -0.0673 -0.05 -0.05 -0.0667 -0.0667 -0.0667 -0.0666 -0.0663 -0.05 -0.0642 -0.0652 -0.05 -0.0874 -0.0874 -0.0874 -0.0874 -0.0873 -0.0872 -0.0872 -0.0871 -0.05 -0.05 -0.0865 -0.0872 -0.0875 -0.0876 -0.0877 -0.0876 -0.0856 -0.0854 -0.0873 -0.0874 -0.0873 -0.0872 -0.0872 -0.0871 -0.0869 -0.0867 -0.0865 -0.0864 -0.0863 -0.0862 -0.0862 -0.0861 -0.0861 -0.086 -0.086 -0.05 -0.05 -0.05 -0.05
-9999 -9999 -9999 -9999 -9999 -9999 -0.0685 -0.0684 -0.0684 -0.0684 -0.0683 -0.0682 -0.0681 -0.0679 -0.0678 -0.0677 -0.0676 -0.0675 -0.0675 -0.0658 -0.05 -0.0669 -0.0668 -0.0668 -0.0668 -0.0668 -0.0664 -0.0652 -0.0661 -0.05 -0.05 -0.0873 -0.0872 -0.0872 -0.0872 -0.0868 -0.0861 -0.088 -0.0867 -0.0866 -0.0878 -0.0876 -0.0877 -0.0876 -0.0877 -0.0877 -0.0857 -0.0858 -0.0875 -0.0875 -0.0874 -0.0873 -0.0872 -0.0871 -0.0869 -0.0866 -0.0865 -0.0864 -0.0862 -0.0862 -0.0862 -0.0861 -0.086 -0.086 -0.0859 -0.0857 -0.0506 -0.05 -0.05
-9999 -9999 -9999 -9999 -9999 -9999 -0.0686 -0.0686 -0.0685 -0.0685 -0.0684 -0.0683 -0.0682 -0.0681 -0.0678 -0.0677 -0.0676 -0.0676 -0.0675 -0.0674 -0.0673 -0.0672 -0.067 -0.067 -0.067 -0.0669 -0.067 -0.067 -0.0669 -0.0669 -0.05 -0.0873 -0.0871 -0.087 -0.0869 -0.0867 -0.0883 -0.0882 -0.0881 -0.0879 -0.0878 -0.0877 -0.0877 -0.0877 -0.0877 -0.0877 -0.0876 -0.0876 -0.0875 -0.0875 -0.0875 -0.0873 -0.0872 -0.087 -0.0868 -0.0866 -0.0864 -0.0863 -0.0863 -0.0862 -0.0862 -0.0861 -0.0861 -0.086 -0.086 -0.086 -0.0859 -0.0859 -0.0859
-9999 -9999 -9999 -9999 -9999 -9999 -0.0687 -0.0687 -0.0686 -0.0686 -0.0685 -0.0685 -0.0685 -0.0682 -0.0679 -0.0677 -0.0676 -0.0676 -0.0675 -0.0675 -0.0674 -0.0672 -0.0671 -0.0671 -0.067 -0.067 -0.067 -0.067 -0.0669 -0.0669 -0.0669 -0.05 -0.087 -0.0869 -0.0867 -0.0868 -0.0877 -0.0881 -0.088 -0.0879 -0.0878 -0.0878 -0.0878 -0.0878 -0.0878 -0.0877 -0.0877 -0.0876 -0.0875 -0.0875 -0.0875 -0.0874 -0.0874 -0.087 -0.0869 -0.0863 -0.0863 -0.0863 -0.0862 -0.0862 -0.0862 -0.0861 -0.086 -0.086 -0.086 -0.086 -0.086 -0.0859 -0.0859
-9999 -9999 -9999 -9999 -9999 -0.0689 -0.0688 -0.0687 -0.0687 -0.0687 -0.0687 -0.0687 -0.0686 -0.0686 -0.0679 -0.0677 -0.0677 -0.0677 -0.0676 -0.0675 -0.0674 -0.0673 -0.0672 -0.0671 -0.067 -0.067 -0.067 -0.067 -0.0669 -0.067 -0.0669 -0.05 -0.087 -0.0869 -0.0866 -0.087 -0.0876 -0.0881 -0.0879 -0.0879 -0.0879 -0.0878 -0.0878 -0.0878 -0.0878 -0.0878 -0.0877 -0.0876 -0.0875 -0.0875 -0.0875 -0.0875 -0.0874 -0.05 -0.0851 -0.0862 -0.0862 -0.0863 -0.0862 -0.0862 -0.0861 -0.0861 -0.0861 -0.0861 -0.086 -0.086 -0.086 -0.086 -0.0859
-9999 -9999 -9999 -9999 -9999 -0.0689 -0.0689 -0.0689 -0.0688 -0.0688 -0.0688 -0.0687 -0.0687 -0.0686 -0.0667 -0.068 -0.0678 -0.0677 -0.0677 -0.0676 -0.0675 -0.0674 -0.0672 -0.0671 -0.0671 -0.067 -0.067 -0.067 -0.067 -0.067 -0.0669 -0.0625 -0.05 -0.05 -0.0851 -0.0882 -0.0882 -0.0882 -0.0881 -0.088 -0.088 -0.0879 -0.0879 -0.0879 -0.0879 -0.0878 -0.0877 -0.0876 -0.0876 -0.0875 -0.0875 -0.0875 -0.0876 -0.0832 -0.0807 -0.0854 -0.0863 -0.0869 -0.0869 -0.0867 -0.0863 -0.0862 -0.0861 -0.086 -0.0861 -0.086 -0.086 -0.0859 -0.0859
-9999 -9999 -9999 -9999 -9999 -0.0691 -0.069 -0.0689 -0.0689 -0.0689 -0.0689 -0.0688 -0.0688 -0.0688 -0.0686 -0.0682 -0.068 -0.0678 -0.0678 -0.0676 -0.0675 -0.0674 -0.0673 -0.0672 -0.0672 -0.0671 -0.0671 -0.067 -0.067 -0.0669 -0.0669 -0.0655 -0.05 -0.05 -0.0852 -0.0882 -0.0881 -0.0882 -0.0881 -0.0881 -0.088 -0.0879 -0.0878 -0.0883 -0.0884 -0.0881 -0.0877 -0.0877 -0.0875 -0.0875 -0.0875 -0.0875 -0.0877 -0.0872 -0.0867 -0.0861 -0.0859 -0.0868 -0.0867 -0.0865 -0.0864 -0.0863 -0.0862 -0.0861 -0.0861 -0.086 -0.0861 -0.0861 -0.086
-9999 -9999 -9999 -9999 -0.0693 -0.0692 -0.0691 -0.069 -0.069 -0.069 -0.0689 -0.0689 -0.0689 -0.0688 -0.0687 -0.0687 -0.0684 -0.0681 -0.0679 -0.0677 -0.0675 -0.0674 -0.0673 -0.0672 -0.0672 -0.0671 -0.067 -0.0671 -0.067 -0.067 -0.0668 -0.0667 -0.0661 -0.05 -0.0862 -0.0862 -0.0882 -0.0882 -0.0881 -0.0881 -0.0882 -0.082 -0.0877 -0.09 -0.0901 -0.0898 -0.0875 -0.0501 -0.0875 -0.0875 -0.0875 -0.0875 -0.0884 -0.0874 -0.0876 -0.0875 -0.0873 -0.0873 -0.0866 -0.0865 -0.0863 -0.0863 -0.0863 -0.0862 -0.0862 -0.0862 -0.0862 -0.0862 -0.0861
-9999 -9999 -9999 -9999 -0.0693 -0.0693 -0.0692 -0.0691 -0.069 -0.0691 -0.069 -0.069 -0.069 -0.069 -0.0688 -0.0687 -0.0685 -0.0682 -0.068 -0.0678 -0.0678 -0.0675 -0.0673 -0.0673 -0.0672 -0.0671 -0.067 -0.067 -0.067 -0.0663 -0.0667 -0.0667 -0.0667 -0.05 -0.05 -0.0882 -0.0882 -0.0883 -0.0884 -0.0888 -0.0898 -0.0919 -0.0929 -0.0926 -0.0924 -0.0919 -0.0752 -0.05 -0.0823 -0.0874 -0.0873 -0.0502 -0.05 -0.0878 -0.0873 -0.0874 -0.0874 -0.0873 -0.087 -0.0867 -0.0864 -0.0863 -0.0863 -0.0863 -0.0863 -0.0863 -0.0863 -0.0864 -0.0862
-9999 -9999 -9999 -9999 -0.0694 -0.0693 -0.0693 -0.0692 -0.0691 -0.0691 -0.0691 -0.069 -0.069 -0.069 -0.069 -0.0689 -0.0688 -0.0688 -0.0684 -0.068 -0.0677 -0.0674 -0.0673 -0.0672 -0.0671 -0.0671 -0.0671 -0.067 -0.067 -0.0669 -0.0669 -0.0668 -0.0667 -0.0667 -0.05 -0.05 -0.05 -0.0888 -0.0895 -0.091 -0.0928 -0.0934 -0.0934 -0.0933 -0.0932 -0.0931 -0.0883 -0.05 -0.0712 -0.05 -0.05 -0.05 -0.0872 -0.0871 -0.0874 -0.0873 -0.0873 -0.0873 -0.0872 -0.087 -0.0869 -0.0867 -0.0866 -0.0865 -0.0866 -0.0865 -0.0864 -0.0864 -0.0863
-9999 -9999 -9999 -0.0698 -0.0696 -0.0696 -0.0694 -0.0694 -0.0691 -0.0691 -0.0691 -0.0692 -0.0693 -0.0693 -0.0693 -0.0693 -0.0692 -0.0691 -0.0688 -0.0686 -0.0671 -0.0674 -0.0673 -0.0673 -0.0672 -0.0671 -0.0671 -0.067 -0.067 -0.067 -0.0669 -0.0667 -0.0665 -0.0646 -0.0522 -0.05 -0.05 -0.05 -0.0896 -0.093 -0.0936 -0.0937 -0.0936 -0.0935 -0.0934 -0.0933 -0.0902 -0.0807 -0.05 -0.05 -0.05 -0.05 -0.0874 -0.0874 -0.0874 -0.0873 -0.0873 -0.0872 -0.0872 -0.0871 -0.0871 -0.0868 -0.0866 -0.0867 -0.0867 -0.0867 -0.0866 -0.0865 -0.0863
