data/entities/Measures_gates_embank_pumps_5m3s/CaseDifferenceDepth_m.asc
ncols         98 
nrows         130 
xllcorner     530385.4375 
yllcorner     504074.10385949 
cellsize      100 
NODATA_value -9999 
[rows 60 to 89 of 130, columns 0 to 68 of 98]
-9999 -1.0667 -0.3327 -0.3325 -0.3321 -0.3315 -0.3328 -0.3342 -0.3349 -0.3353 -0.336 -0.3352 -0.3349 -0.3344 -0.3342 -0.3341 -0.3337 -0.3322 -0.3304 -0.3272 -0.326 -0.3259 -0.3262 -0.3265 -0.326 -0.3256 -0.3253 -0.3242 -0.3238 -0.3236 -0.3236 -0.3235 -0.3242 -0.3245 -0.3255 -0.3267 -0.3263 -0.3256 -0.3254 -0.3331 -0.1909 -0.05 -0.1473 -0.329 -0.3283 -0.3281 -0.3282 -0.3281 -0.3281 -0.3282 -0.328 -0.3281 -0.116 -0.05 -0.0507 -0.1336 -0.2675 -0.3612 -0.38337 -0.05 -0.41497 -0.41497 -0.41497 -0.41497 -0.41497 -0.41517 -0.41497 -0.35868 -0.2497
-9999 -1.0133 -0.3342 -0.3346 -0.335 -0.3325 -0.3379 -0.3383 -0.3386 -0.3389 -0.3389 -0.339 -0.3385 -0.3377 -0.3373 -0.3373 -0.3376 -0.338 -0.3381 -0.3319 -0.05 -0.1603 -0.3322 -0.3285 -0.328 -0.3275 -0.3275 -0.3243 -0.1324 -0.05 -0.0501 -0.0906 -0.0501 -0.3297 -0.3378 -0.1807 -0.3359 -0.2988 -0.05 -0.0785 -0.0804 -0.2719 -0.3239 -0.3282 -0.3283 -0.3283 -0.3283 -0.3285 -0.3284 -0.3284 -0.3282 -0.3279 -0.0855 -0.05 -0.0501 -0.1527 -0.3119 -0.3699 -0.3716 -0.05 -0.05 -0.41497 -0.41497 -0.41507 -0.41507 -0.41517 -0.41477 -0.35778 -0.2623
-9999 -0.9693 -0.3358 -0.3371 -0.3401 -0.3426 -0.3428 -0.3424 -0.3418 -0.3412 -0.3407 -0.34 -0.3394 -0.3389 -0.3385 -0.3383 -0.3383 -0.3386 -0.3412 -0.3429 -0.3557 -0.3531 -0.3443 -0.3324 -0.3327 -0.3344 -0.1583 -0.1989 -0.05 -0.05 -0.05 -0.1871 -0.3482 -0.3467 -0.3498 -0.3576 -0.3615 -0.3677 -0.3691 -0.2742 -0.244 -0.2399 -0.3278 -0.3282 -0.3282 -0.3282 -0.3284 -0.3289 -0.3292 -0.3292 -0.329 -0.2561 -0.0501 -0.0506 -0.0813 -0.3128 -0.3735 -0.3735 -0.3733 -0.3736 -0.05 -0.41507 -0.41497 -0.41517 -0.41517 -0.41517 -0.41477 -0.35498 -0.2422
-9999 -0.9743 -0.3374 -0.3405 -0.3429 -0.3442 -0.3445 -0.3445 -0.344 -0.3433 -0.3424 -0.3412 -0.3402 -0.3394 -0.339 -0.3388 -0.3387 -0.3395 -0.3452 -0.3555 -0.3586 -0.3592 -0.3566 -0.3364 -0.3487 -0.3577 -0.3663 -0.3667 -0.3667 -0.3663 -0.3567 -0.3564 -0.3518 -0.3551 -0.3654 -0.3684 -0.3693 -0.3703 -0.3704 -0.1978 -0.2164 -0.2393 -0.3179 -0.3312 -0.2294 -0.2101 -0.3295 -0.3334 -0.332 -0.331 -0.3309 -0.1802 -0.05 -0.05 -0.1946 -0.3739 -0.3737 -0.3737 -0.3737 -0.37637 -0.05 -0.41497 -0.41497 -0.41507 -0.41517 -0.41517 -0.41457 -0.3481 -0.2273
-9999 -1.0396 -0.96 -0.346 -0.346 -0.3463 -0.3465 -0.3465 -0.3462 -0.3456 -0.3443 -0.3427 -0.3412 -0.3402 -0.3394 -0.3389 -0.339 -0.3402 -0.3503 -0.3593 -0.3608 -0.3611 -0.3609 -0.3491 -0.364 -0.3665 -0.367 -0.3671 -0.3671 -0.3663 -0.3646 -0.366 -0.3463 -0.3631 -0.3677 -0.3686 -0.3693 -0.3707 -0.3708 -0.2961 -0.3709 -0.3708 -0.3706 -0.3405 -0.1378 -0.2218 -0.3432 -0.3456 -0.3419 -0.3347 -0.3333 -0.3227 -0.0627 -0.0501 -0.3565 -0.3738 -0.3738 -0.3738 -0.3738 -0.37587 -0.05 -0.05 -0.41507 -0.41527 -0.41527 -0.41527 -0.41397 -0.33202 -0.2219
-9999 -1.0463 -1.0137 -0.3477 -0.348 -0.3481 -0.3484 -0.3486 -0.3486 -0.3483 -0.3476 -0.3457 -0.3441 -0.3446 -0.3404 -0.3391 -0.3396 -0.2708 -0.3558 -0.3627 -0.3636 -0.3646 -0.3658 -0.3667 -0.3669 -0.3671 -0.3673 -0.3674 -0.3675 -0.3668 -0.3675 -0.3704 -0.3708 -0.3709 -0.3705 -0.3275 -0.3396 -0.3715 -0.3717 -0.3717 -0.3718 -0.3709 -0.3703 -0.3479 -0.1888 -0.3721 -0.3725 -0.3697 -0.3624 -0.3416 -0.3361 -0.3366 -0.3365 -0.3459 -0.3737 -0.3738 -0.3738 -0.3738 -0.37587 -0.37587 -0.37587 -0.05 -0.41527 -0.41527 -0.41547 -0.41537 -0.41357 -0.3134 -0.1803
-9999 -1.0606 -1.0184 -0.3484 -0.3493 -0.3498 -0.3501 -0.3504 -0.3508 -0.351 -0.3513 -0.3518 -0.3507 -0.3482 -0.2406 -0.3164 -0.3562 -0.3663 -0.3661 -0.3653 -0.3655 -0.3659 -0.3666 -0.3669 -0.3672 -0.3674 -0.3676 -0.3679 -0.3683 -0.3687 -0.3697 -0.3707 -0.371 -0.3711 -0.3712 -0.3716 -0.372 -0.3719 -0.3719 -0.372 -0.3721 -0.058 -0.2279 -0.3714 -0.374 -0.374 -0.3736 -0.3731 -0.3725 -0.3726 -0.0501 -0.3428 -0.3415 -0.3534 -0.3729 -0.3739 -0.3739 -0.3739 -0.37577 -0.37567 -0.37567 -0.05 -0.41547 -0.41557 -0.41557 -0.41567 -0.3721 -0.1493 -0.0553
-9999 -9999 -1.0034 -1.0008 -0.351 -0.3512 -0.3516 -0.3519 -0.3526 -0.3534 -0.3549 -0.3568 -0.3585 -0.36 -0.359 -0.3634 -0.3666 -0.3668 -0.3667 -0.3668 -0.3668 -0.3669 -0.3671 -0.3673 -0.3676 -0.3677 -0.3679 -0.3682 -0.3687 -0.3695 -0.3703 -0.3708 -0.3711 -0.3714 -0.3718 -0.372 -0.3723 -0.3725 -0.3725 -0.3731 -0.3737 -0.3739 -0.363 -0.3749 -0.3748 -0.3744 -0.3743 -0.3741 -0.3743 -0.3743 -0.3735 -0.3718 -0.2095 -0.1645 -0.2659 -0.3735 -0.3739 -0.374 -0.37547 -0.37557 -0.37567 -0.05 -0.41547 -0.41607 -0.41617 -0.41587 -0.3016 -0.05 -0.05
-9999 -9999 -1.01 -0.9832 -0.3521 -0.3524 -0.353 -0.3535 -0.3541 -0.355 -0.3563 -0.3582 -0.3607 -0.3631 -0.3646 -0.3652 -0.3665 -0.3669 -0.3671 -0.3672 -0.3675 -0.3675 -0.3677 -0.3679 -0.3679 -0.368 -0.3681 -0.3684 -0.369 -0.3699 -0.3705 -0.371 -0.3715 -0.3719 -0.3723 -0.3726 -0.3732 -0.3736 -0.3745 -0.375 -0.3752 -0.3743 -0.3738 -0.3752 -0.3751 -0.3749 -0.3748 -0.3747 -0.3747 -0.3748 -0.3748 -0.3748 -0.05 -0.05 -0.1625 -0.3741 -0.3741 -0.3741 -0.37537 -0.37557 -0.37557 -0.05 -0.05 -0.41727 -0.41717 -0.41617 -0.2418 -0.05 -0.05
-9999 -9999 -1.0525 -0.9578 -0.3526 -0.3535 -0.3542 -0.3548 -0.3554 -0.3562 -0.3574 -0.3593 -0.3618 -0.3641 -0.3654 -0.3662 -0.3669 -0.3673 -0.3675 -0.3678 -0.368 -0.3681 -0.3683 -0.3684 -0.3682 -0.3683 -0.3683 -0.3687 -0.3694 -0.3706 -0.3709 -0.3714 -0.3722 -0.3729 -0.3737 -0.3742 -0.3743 -0.3739 -0.3753 -0.3757 -0.3758 -0.3758 -0.3757 -0.3756 -0.3754 -0.375 -0.3749 -0.3749 -0.375 -0.375 -0.375 -0.3751 -0.0668 -0.0501 -0.273 -0.3745 -0.3745 -0.3743 -0.37517 -0.37537 -0.37567 -0.05 -0.05 -0.41977 -0.41927 -0.41597 -0.2247 -0.05 -0.05
-9999 -9999 -9999 -0.954 -0.9411 -0.3551 -0.3554 -0.356 -0.3565 -0.3571 -0.3581 -0.3601 -0.3631 -0.3651 -0.3663 -0.3668 -0.3674 -0.3676 -0.368 -0.3682 -0.3684 -0.3687 -0.3688 -0.3689 -0.3688 -0.3687 -0.3685 -0.3687 -0.3696 -0.3747 -0.3715 -0.3722 -0.3733 -0.3739 -0.3742 -0.3746 -0.375 -0.3752 -0.3757 -0.3758 -0.376 -0.3759 -0.3759 -0.3759 -0.3757 -0.3756 -0.3752 -0.3753 -0.3752 -0.3753 -0.3752 -0.3754 -0.3754 -0.3752 -0.3751 -0.3748 -0.3748 -0.3746 -0.3745 -0.37477 -0.37497 -0.05 -0.05 -0.42407 -0.42257 -0.41387 -0.2255 -0.05 -0.05
-9999 -9999 -9999 -0.9876 -0.91 -0.3561 -0.3565 -0.3571 -0.3576 -0.358 -0.3587 -0.3599 -0.3653 -0.3665 -0.3672 -0.3676 -0.3679 -0.3681 -0.3684 -0.3689 -0.3692 -0.3695 -0.3695 -0.3697 -0.3698 -0.37 -0.3688 -0.37 -0.3072 -0.2308 -0.3727 -0.3758 -0.3754 -0.3753 -0.3753 -0.3754 -0.3754 -0.3756 -0.3758 -0.376 -0.3761 -0.3761 -0.3761 -0.3761 -0.376 -0.3759 -0.3756 -0.3755 -0.3754 -0.3754 -0.3755 -0.3755 -0.3755 -0.3755 -0.3753 -0.375 -0.3749 -0.3748 -0.3747 -0.3745 -0.3746 -0.05 -0.05 -0.42437 -0.42387 -0.41447 -0.2418 -0.0501 -0.05
-9999 -9999 -9999 -1.0451 -0.89 -0.3567 -0.3576 -0.3582 -0.3589 -0.3595 -0.3608 -0.3634 -0.3664 -0.3677 -0.3682 -0.3684 -0.3686 -0.3687 -0.3693 -0.3697 -0.3701 -0.3702 -0.3704 -0.3705 -0.3716 -0.374 -0.3759 -0.3759 -0.3758 -0.3765 -0.3766 -0.3767 -0.3766 -0.3764 -0.3765 -0.3765 -0.3763 -0.3762 -0.3763 -0.3763 -0.3763 -0.3763 -0.3763 -0.3763 -0.3764 -0.3763 -0.376 -0.3758 -0.3758 -0.3757 -0.3756 -0.3755 -0.3755 -0.3755 -0.3754 -0.3751 -0.375 -0.3749 -0.3749 -0.3748 -0.3747 -0.05 -0.05 -0.42437 -0.42437 -0.42107 -0.2818 -0.0577 -0.05
-9999 -9999 -9999 -9999 -0.9124 -0.8583 -0.3592 -0.3595 -0.3602 -0.3614 -0.3629 -0.3643 -0.3682 -0.3689 -0.3691 -0.3693 -0.3694 -0.3696 -0.3703 -0.3704 -0.3706 -0.3708 -0.3713 -0.3723 -0.3745 -0.3761 -0.3766 -0.3767 -0.3768 -0.3769 -0.3769 -0.3767 -0.3767 -0.3768 -0.3767 -0.3767 -0.3766 -0.3766 -0.3767 -0.3767 -0.3766 -0.3766 -0.3766 -0.3766 -0.3766 -0.3766 -0.3762 -0.3761 -0.3759 -0.3759 -0.3758 -0.3758 -0.3757 -0.3755 -0.3755 -0.3753 -0.3751 -0.375 -0.3749 -0.3748 -0.3748 -0.05 -0.05 -0.42427 -0.42417 -0.42407 -0.34372 -0.1091 -0.05
-9999 -9999 -9999 -9999 -0.9646 -0.8224 -0.3604 -0.3608 -0.3617 -0.3634 -0.3653 -0.3686 -0.3696 -0.3701 -0.3702 -0.3703 -0.3707 -0.3708 -0.3711 -0.371 -0.3711 -0.3717 -0.3729 -0.3748 -0.3758 -0.3765 -0.3768 -0.3769 -0.3769 -0.3769 -0.3769 -0.377 -0.3769 -0.3769 -0.3769 -0.3768 -0.3769 -0.3769 -0.3769 -0.3769 -0.3769 -0.3769 -0.3768 -0.3769 -0.3769 -0.3768 -0.3766 -0.3764 -0.3761 -0.376 -0.3758 -0.3757 -0.3758 -0.3756 -0.3756 -0.3754 -0.3752 -0.375 -0.3749 -0.3749 -0.3748 -0.37427 -0.05 -0.42417 -0.42417 -0.42427 -0.37438 -0.1425 -0.0501
-9999 -9999 -9999 -9999 -1.038 -0.8218 -0.3613 -0.3625 -0.3635 -0.3658 -0.3683 -0.3706 -0.3715 -0.3719 -0.3721 -0.3721 -0.3723 -0.3726 -0.3722 -0.3719 -0.3717 -0.3732 -0.3749 -0.3759 -0.3765 -0.3768 -0.377 -0.3771 -0.3771 -0.377 -0.377 -0.377 -0.377 -0.377 -0.3771 -0.3771 -0.377 -0.3771 -0.3771 -0.3772 -0.3771 -0.3771 -0.3771 -0.377 -0.3771 -0.377 -0.3769 -0.3769 -0.3765 -0.3762 -0.3759 -0.3759 -0.3759 -0.3758 -0.3757 -0.3756 -0.3753 -0.3752 -0.375 -0.37407 -0.37427 -0.37417 -0.05 -0.42397 -0.42407 -0.42417 -0.41007 -0.1314 -0.0501
-9999 -9999 -9999 -9999 -9999 -0.8637 -0.7569 -0.3652 -0.3655 -0.3682 -0.3704 -0.3721 -0.3725 -0.3729 -0.373 -0.3732 -0.3733 -0.3734 -0.3736 -0.3735 -0.2896 -0.3761 -0.3765 -0.3769 -0.3771 -0.3771 -0.3772 -0.3772 -0.3772 -0.3772 -0.3772 -0.3772 -0.3772 -0.3772 -0.3771 -0.3771 -0.3771 -0.3772 -0.3773 -0.3773 -0.3773 -0.3772 -0.3773 -0.3772 -0.3772 -0.3771 -0.3771 -0.377 -0.3768 -0.3766 -0.3763 -0.3761 -0.376 -0.376 -0.3759 -0.3757 -0.3756 -0.3754 -0.37397 -0.37407 -0.37417 -0.37417 -0.05 -0.42387 -0.42377 -0.42397 -0.4001 -0.0764 -0.05
-9999 -9999 -9999 -9999 -9999 -0.936 -0.7224 -0.3662 -0.3678 -0.3696 -0.372 -0.3729 -0.3734 -0.3736 -0.3738 -0.3741 -0.3744 -0.3748 -0.3754 -0.3762 -0.3773 -0.3775 -0.3773 -0.3773 -0.3774 -0.3774 -0.3774 -0.3773 -0.3774 -0.3775 -0.3773 -0.3773 -0.3773 -0.3773 -0.3773 -0.3773 -0.3773 -0.3773 -0.3773 -0.3775 -0.3776 -0.3775 -0.3775 -0.3775 -0.3775 -0.3774 -0.3772 -0.3771 -0.377 -0.3769 -0.3769 -0.3767 -0.3764 -0.3762 -0.376 -0.3758 -0.3758 -0.37347 -0.2549 -0.2177 -0.2259 -0.2462 -0.05 -0.05 -0.42377 -0.42377 -0.35302 -0.0504 -0.05
-9999 -9999 -9999 -9999 -9999 -1.0305 -0.7319 -0.3665 -0.2915 -0.3716 -0.3732 -0.3738 -0.3742 -0.3745 -0.3747 -0.3751 -0.3756 -0.3763 -0.3771 -0.3776 -0.3778 -0.3778 -0.3778 -0.3777 -0.3777 -0.3777 -0.3778 -0.3781 -0.3778 -0.3776 -0.3776 -0.3774 -0.3773 -0.3773 -0.3773 -0.3773 -0.3774 -0.3775 -0.3777 -0.3776 -0.3778 -0.3778 -0.3777 -0.3777 -0.3776 -0.3775 -0.3774 -0.3774 -0.3772 -0.3771 -0.3769 -0.3768 -0.3767 -0.3765 -0.3762 -0.376 -0.37297 -0.35837 -0.0893 -0.0501 -0.0558 -0.096 -0.1556 -0.05 -0.42367 -0.42357 -0.3299 -0.0501 -0.05
-9999 -9999 -9999 -9999 -9999 -9999 -0.7958 -0.6385 -0.1709 -0.376 -0.3748 -0.3746 -0.3752 -0.3757 -0.3761 -0.3766 -0.3771 -0.3776 -0.3779 -0.3781 -0.3782 -0.3781 -0.3781 -0.378 -0.3783 -0.3783 -0.3785 -0.3786 -0.3786 -0.3779 -0.3777 -0.3774 -0.3774 -0.3774 -0.3776 -0.3776 -0.3777 -0.378 -0.3781 -0.3782 -0.3781 -0.3781 -0.3781 -0.378 -0.3779 -0.3779 -0.3777 -0.3776 -0.3775 -0.3772 -0.3771 -0.377 -0.3768 -0.3768 -0.3766 -0.3766 -0.34887 -0.2456 -0.0586 -0.05 -0.0501 -0.05 -0.1616 -0.05 -0.42347 -0.42307 -0.34002 -0.0501 -0.05
-9999 -9999 -9999 -9999 -9999 -9999 -0.8964 -0.6341 -0.3815 -0.381 -0.379 -0.3758 -0.3774 -0.3777 -0.3779 -0.378 -0.3783 -0.3785 -0.3786 -0.3787 -0.3787 -0.3788 -0.3786 -0.3787 -0.3791 -0.3792 -0.3793 -0.3794 -0.3794 -0.3791 -0.3791 -0.2963 -0.334 -0.3776 -0.3788 -0.3788 -0.3788 -0.3789 -0.3788 -0.3787 -0.3786 -0.3785 -0.3784 -0.3784 -0.3783 -0.3782 -0.3782 -0.378 -0.3779 -0.3776 -0.3776 -0.3775 -0.3774 -0.3775 -0.3777 -0.37287 -0.37317 -0.2484 -0.0575 -0.0499 -0.05 -0.0651 -0.1662 -0.05 -0.05 -0.42227 -0.35002 -0.05 -0.05
-9999 -9999 -9999 -9999 -9999 -9999 -1.0228 -0.6223 -0.382 -0.3821 -0.3818 -0.3812 -0.3798 -0.3795 -0.3795 -0.3795 -0.3793 -0.3793 -0.3793 -0.3793 -0.3793 -0.3793 -0.3795 -0.3797 -0.3798 -0.38 -0.3802 -0.3803 -0.3806 -0.3809 -0.3812 -0.3789 -0.1209 -0.2312 -0.3813 -0.3812 -0.3807 -0.3801 -0.3796 -0.3794 -0.379 -0.3789 -0.3789 -0.3788 -0.3787 -0.3787 -0.3785 -0.3784 -0.3783 -0.3783 -0.3782 -0.3781 -0.3779 -0.378 -0.378 -0.37177 -0.37177 -0.2496 -0.05 -0.05 -0.0512 -0.0689 -0.1247 -0.2884 -0.05 -0.42157 -0.35452 -0.05 -0.05
-9999 -9999 -9999 -9999 -9999 -9999 -9999 -0.6971 -0.6716 -0.3831 -0.3826 -0.3822 -0.3817 -0.3811 -0.3806 -0.3803 -0.3803 -0.3801 -0.38 -0.3799 -0.38 -0.3801 -0.3801 -0.3803 -0.3806 -0.3809 -0.3812 -0.3814 -0.3817 -0.3818 -0.3818 -0.3821 -0.0685 -0.3802 -0.3817 -0.3816 -0.3813 -0.3808 -0.3802 -0.3795 -0.3794 -0.3792 -0.3791 -0.3792 -0.3791 -0.379 -0.3791 -0.3788 -0.3786 -0.3784 -0.3783 -0.3783 -0.3782 -0.3781 -0.3781 -0.37157 -0.37167 -0.33367 -0.102 -0.05 -0.05 -0.0509 -0.0946 -0.2632 -0.05 -0.42067 -0.33712 -0.05 -0.05
-9999 -9999 -9999 -9999 -9999 -9999 -9999 -0.836 -0.627 -0.3857 -0.384 -0.3831 -0.3826 -0.3821 -0.3816 -0.3814 -0.3811 -0.381 -0.3807 -0.3806 -0.3805 -0.3805 -0.3805 -0.3809 -0.3813 -0.3815 -0.3817 -0.3819 -0.3821 -0.3823 -0.3824 -0.3826 -0.3814 -0.3826 -0.3824 -0.3823 -0.382 -0.3818 -0.3815 -0.3799 -0.3796 -0.3796 -0.3796 -0.3796 -0.3796 -0.3795 -0.3796 -0.3794 -0.3791 -0.3785 -0.3785 -0.3783 -0.3783 -0.3783 -0.37157 -0.37167 -0.37157 -0.36837 -0.31835 -0.0501 -0.05 -0.0741 -0.0947 -0.2183 -0.05 -0.41987 -0.32592 -0.05 -0.05
-9999 -9999 -9999 -9999 -9999 -9999 -9999 -1.009 -0.602 -0.3943 -0.3862 -0.3841 -0.3834 -0.383 -0.3826 -0.3822 -0.3819 -0.3815 -0.3814 -0.3811 -0.381 -0.3812 -0.3813 -0.3816 -0.3817 -0.3819 -0.3823 -0.3825 -0.3826 -0.3828 -0.383 -0.3833 -0.3832 -0.3832 -0.383 -0.3829 -0.3827 -0.3824 -0.3823 -0.3816 -0.3809 -0.3806 -0.3805 -0.3803 -0.3801 -0.38 -0.3801 -0.38 -0.38 -0.3456 -0.3325 -0.3787 -0.3787 -0.3785 -0.37157 -0.36817 -0.1705 -0.35537 -0.36987 -0.36967 -0.30145 -0.17725 -0.1376 -0.1567 -0.05 -0.05 -0.31915 -0.0501 -0.05
-9999 -9999 -9999 -9999 -9999 -9999 -9999 -9999 -0.5237 -0.7571 -0.3851 -0.3845 -0.3839 -0.3835 -0.3832 -0.3829 -0.3825 -0.3822 -0.3819 -0.3818 -0.3818 -0.3818 -0.3818 -0.3819 -0.3821 -0.3826 -0.3832 -0.3836 -0.3837 -0.3837 -0.3839 -0.3838 -0.3836 -0.3836 -0.3834 -0.3834 -0.3832 -0.383 -0.383 -0.3829 -0.3826 -0.3823 -0.3817 -0.3811 -0.3808 -0.3807 -0.3807 -0.3809 -0.3812 -0.3816 -0.3813 -0.3802 -0.3793 -0.3789 -0.37177 -0.37017 -0.30965 -0.272 -0.36987 -0.36957 -0.36807 -0.25025 -0.1405 -0.152 -0.05 -0.05 -0.15065 -0.05 -0.05
-9999 -9999 -9999 -9999 -9999 -9999 -9999 -9999 -0.7682 -0.9319 -0.3857 -0.385 -0.3843 -0.384 -0.3839 -0.3837 -0.3834 -0.383 -0.3827 -0.3826 -0.3826 -0.3827 -0.3826 -0.3826 -0.3831 -0.3847 -0.3853 -0.3853 -0.3852 -0.3851 -0.3849 -0.3846 -0.3843 -0.384 -0.3837 -0.3836 -0.3835 -0.3834 -0.3833 -0.3831 -0.3829 -0.3827 -0.3824 -0.3821 -0.3818 -0.3817 -0.3818 -0.3819 -0.3822 -0.3823 -0.3823 -0.3816 -0.3801 -0.3792 -0.37177 -0.2113 -0.0819 -0.36977 -0.36997 -0.36967 -0.36787 -0.21415 -0.0863 -0.1497 -0.05 -0.05 -0.13305 -0.05 -0.05
-9999 -9999 -9999 -9999 -9999 -9999 -9999 -9999 -9999 -0.9866 -0.8625 -0.3855 -0.3847 -0.3845 -0.3847 -0.3844 -0.3841 -0.3838 -0.3835 -0.3833 -0.3836 -0.3837 -0.3843 -0.3853 -0.3871 -0.3872 -0.3871 -0.3869 -0.3867 -0.3864 -0.386 -0.3855 -0.385 -0.3844 -0.3842 -0.384 -0.3838 -0.3837 -0.3835 -0.3834 -0.3832 -0.383 -0.3828 -0.3828 -0.3826 -0.3827 -0.3827 -0.3827 -0.3826 -0.3826 -0.3824 -0.3824 -0.3817 -0.2286 -0.3829 -0.3836 -0.37117 -0.37007 -0.37007 -0.36977 -0.2687 -0.1559 -0.05 -0.16125 -0.05 -0.4607 -0.17965 -0.05 -0.05
-9999 -9999 -9999 -9999 -9999 -9999 -9999 -9999 -9999 -9999 -0.5519 -0.2079 -0.2196 -0.385 -0.3873 -0.385 -0.3845 -0.3842 -0.3841 -0.3839 -0.3857 -0.3856 -0.3869 -0.3882 -0.3883 -0.388 -0.3877 -0.3875 -0.3872 -0.3869 -0.3866 -0.3862 -0.3857 -0.3851 -0.3846 -0.3844 -0.3841 -0.3841 -0.3838 -0.3837 -0.3835 -0.3833 -0.3832 -0.3833 -0.3833 -0.3833 -0.3833 -0.3832 -0.3831 -0.383 -0.383 -0.3832 -0.3834 -0.3835 -0.3833 -0.3833 -0.3831 -0.3829 -0.3828 -0.231 -0.1553 -0.0691 -0.05 -0.05 -0.33232 -0.45872 -0.11015 -0.05 -0.05
-9999 -9999 -9999 -9999 -9999 -9999 -9999 -9999 -9999 -9999 -9999 -0.6849 -0.2441 -0.3342 -0.4079 -0.3855 -0.3848 -0.3845 -0.3843 -0.3842 -0.3895 -0.387 -0.3883 -0.3887 -0.3886 -0.3885 -0.3882 -0.388 -0.3878 -0.3875 -0.3871 -0.3869 -0.3863 -0.3859 -0.3854 -0.3851 -0.3849 -0.3847 -0.3845 -0.3843 -0.3842 -0.3843 -0.384 -0.3839 -0.3838 -0.3838 -0.3836 -0.3837 -0.3836 -0.3836 -0.3835 -0.3836 -0.3835 -0.3835 -0.3834 -0.3833 -0.3832 -0.3831 -0.0501 -0.0501 -0.0502 -0.05 -0.05 -0.22705 -0.34012 -0.45212 -0.0512 -0.05 -0.05
