data/entities/Measures_gates_embank_pumps_5m3s/CaseDifferenceDuration_fraction.asc
ncols         98 
nrows         130 
xllcorner     530385.4375 
yllcorner     504074.10385949 
cellsize      100 
NODATA_value -9999 
[rows 36 to 71 of 130, columns 0 to 79 of 98]
1 0 0 0.11765 0.10714 0.047619 0.093023 0.10714 0.12791 0.13793 0.14773 0.1573 0.1573 0.13793 0.10714 0.095238 0.083333 0.058824 0.058824 0.093023 0.071429 0 0 0.076923 0 0 0.071429 1 1 1 1 1 1 1 1 0.028571 1 0 0 0.071429 0 1 0 0.047619 0.075 0.090909 0.090909 0.095238 0.071429 0.047619 0 0 1 1 1 1 1 1 1 0.052632 0 0 0 0 0 0 0 0 1 1 1 1 0 0 0 0 0 0 0 0
1 0 0 0.10588 0.10714 0.095238 0.12941 0.13793 0.13636 0.14773 0.1573 0.1573 0.14607 0.13793 0.12791 0.10714 0.10714 0.12941 0.12791 0.10714 0.12941 0.047619 0.093023 0.058824 0.090909 0.093023 0.090909 0 0 0.071429 0 0 0 0 0 0 0 0 0.073171 0.13253 0.08 1 1 0.086957 0.090909 0.058824 0.093023 0.073171 0.075 0.076923 0.086957 0 1 1 1 1 1 1 0 0.047619 0 0 0 0 1 1 1 1 1 1 0 0 0 0 0 0 0 1 1 1
1 0 0 0.11765 0.10714 0.13793 0.13636 0.14773 0.1573 0.1573 0.14851 0.14851 0.14607 0.13793 0.10714 0.10714 0.12941 0.12941 0.10714 0.047619 0 0 0.08 0.071429 0.076923 0.068966 0 0.071429 0.073171 0.083333 0.047619 0.075 0.075 0 0 0.071429 0 0 0.076923 0.071429 0.071429 0.071429 1 1 1 0 0.08 0.095238 0.073171 0.090909 0.075 0 1 1 1 1 0.4 1 0 0.068966 0.08 0.083333 0.047619 0 1 1 1 1 1 1 0 0 0 0 0 0 0 1 1 1
1 0 0.12941 0.10714 0.10714 0.12941 0.13636 0.14607 0.14851 0.14851 0.14851 0.30392 0.1573 0.13636 0.12941 0.12941 0.13793 0.14773 0.12941 0.071429 0.073171 0 0 0 0 0 0 0 0.075 0.10714 0.083333 0.073171 0.08 0 0 1 0 0 0.04 0.08 0 0 0 0 1 1 1 0.068966 0.086957 0.047619 0 0 0.4 0.33333 0.4 0.4 0.047619 0.035714 0.02381 0.022727 0.025 0.086957 0 0 1 1 1 1 1 1 1 0 0 0 0.052632 0 0 0 0 0
1 0 1 0 0 0 0.075 0.047619 0.095238 0.10714 0.12941 0.13636 0.12941 0.12941 0.13636 0.13793 0.12791 0.1573 0.10714 0.047619 0.054054 0 0 1 1 0 0 0 0.08 0.047619 0.090909 0.051282 0.08 0 0 0 0 0 0.071429 0 0 1 1 0 0 0.037037 1 1 0 0 0 1 1 1 0.4 0 0 0.022727 0.022727 0.022727 0.025 0.041667 0 0 1 1 1 1 1 1 1 0 0 0.05 0.045455 0.045455 0.08 0.047619 0 0
1 0 0.083333 0.073171 0.075 0.090909 0.073171 0.071429 0.075 0.069767 0.051282 0 0 0.047619 0.13793 0.13636 0.10714 0.054054 0.095238 0.11765 0.13636 0.11765 0.093023 0 0 0 1 0 0.08 0.071429 0.051282 0 0 0 0 0 0 0.08 0.073171 0.054054 0 0 0 0 1 0 0 1 1 0 0 0.13333 0.4 0.4 0 0 0 0 0 0 0 0 0 0 0 0 1 1 1 1 1 1 0 0 0 0 0 0 0 0
1 0 0.10714 0.083333 0.083333 0.095238 0.059524 0.071429 0.071429 0.071429 0 0 0 0.076923 0.14773 0.1573 0.13636 0.13636 0.13636 0.14607 0.29703 0.15842 0.14607 0.13636 0.059524 0.051282 0.071429 0.071429 0.073171 0.047619 0 1 1 1 1 1 0 0 0.069767 0.076923 0 0 0 0 0 0 0 0 1 1 0 0.10526 0.4 0.4 0 0 0 0 0 0 0 0 0 0.054054 0.071429 0.071429 0 1 1 1 1 0.02381 0.08 0.05 0 0 0 0 0 0
1 0 0.071429 0.073171 0.069767 0.090909 0.069767 0.075 0.051282 0 0 1 0 0 0.054054 0.083333 0.12791 0.14773 0.14607 0.1573 0.30392 0.30392 0.14851 0.14851 0.12791 0.095238 0.093023 0.058824 0.047619 0.083333 0 0 1 1 1 1 1 1 0 0 0 1 0 0 0 1 1 1 0 1 0 0.4 1 0.4 0 0 0 0 0 0 0 0 0 0.051282 0.071429 0.054054 0 1 0.4 0.4 1 0.11905 0.02381 0.046512 0.052632 0 1 1 1 0
1 0 0.071429 0.090909 0.071429 0.051282 0.068966 0 0 1 0 0.059524 0.047619 0.075 0 0.069767 0.10714 0.13636 0.13636 0.12941 0.095238 0.10714 0.12941 0.12791 0.10588 0.059524 0.10714 0.047619 0.090909 0.047619 0.071429 0.052632 0.058824 0 1 1 1 1 0 0 0 0 0 0 0.052632 1 1 1 1 1 0 0.4 1 0.4 0 0 0 0 0.25 1 0.125 0 0 0 0.071429 0.076923 0 0 0.052632 0.10526 0 0 0 0 0 1 1 1 1 0
1 0 0.10714 0.095238 0.083333 0.047619 0.069767 0.071429 0 0 0.073171 0.12644 0.13636 0.12644 0.13636 0.12644 0.13636 0.14607 0.12791 0.083333 0.047619 0.051282 0 0.068966 0 0 1 0 0.054054 0.071429 0.090909 0.071429 0.076923 0 1 1 1 0 0 0 0 0 0 0.08 0.04 0 0 1 1 1 1 1 1 0.4 0 0 0 0 0 0.25 0.22222 0 0 0 0 0 0 0 0 0 0 0.13333 0.4 1 1 1 1 1 1 0
1 0 0.10588 0.11628 0.13636 0.28713 0.13636 0.11628 0.13636 0.083333 0.090909 0.083333 0.083333 0.10714 0.13636 0.13636 0.13483 0.14607 0.083333 0 1 1 1 1 0 0 0 0 0.071429 0.090909 0.069767 0.073171 0.068966 0 1 1 1 0 0 0 0 1 0 0 0.075 0 0 1 1 1 1 1 1 0.4 0 0 0 0 0 0 0.10526 0.4 0.4 0 0 0 0 0 0 0 0 0 0.4 0.4 1 1 1 1 1 0
1 0 0.13636 0.125 0.13636 0.28713 0.16854 0.14607 0.14607 0.095238 0.051282 1 0.071429 0.059524 0.12644 0.13636 0.13636 0.12644 0.047619 0 1 0 0 0.058824 0.071429 0 0 0 0 0.076923 0.071429 0.069767 0.068966 0 1 1 1 0 0.052632 0 0 1 1 0 0 0 1 1 1 0 1 1 1 1 0.4 0 0 0 0 0 0 0.10526 0.25 0 0 0 0 0 0 0 0 0.4 0.4 0.4 1 1 0 0 0 0.045455
1 0 0.095238 0.125 0.13636 0.16854 0.16854 0.16854 0.1573 0.11628 0.059524 0.090909 0.093023 0.047619 0.12791 0.12791 0.10588 0.10714 0.10714 0.10714 0.13636 0.11765 0.10588 0.10588 0.047619 0.052632 0 0 0 0.075 0.093023 0.090909 0.047619 0.068966 0 0 0 0 0.069767 0 1 1 1 1 1 1 1 1 1 1 1 1 1 1 0.4 0.052632 0.047619 0.13333 0 0 0 0 0 0 0 0 0 0 0 0 0.4 0.4 0.4 0.4 1 1 0 0.083333 0.086957 0.086957
1 0 0.10714 0.083333 0.10588 0.13483 0.13636 0.13636 0.14607 0.13483 0.13636 0.12644 0.083333 0.075 0 0.073171 0.047619 0.059524 0.10714 0.10588 0.13636 0.12644 0.11628 0.12644 0.10714 0.068966 0.073171 0 0 0.069767 0.090909 0.093023 0.073171 0.068966 0 0 0 0 0 1 1 1 1 1 1 1 1 1 1 1 1 1 1 1 1 0.4 1 0.4 0 0 0 0 0 0 0 0 0 0 0 0.4 0.4 0.4 0.4 1 1 1 0.086957 0.086957 0.086957 0.086957
1 0 0.090909 0.075 0.076923 0.068966 0.071429 0.090909 0.10588 0.12644 0.125 0.13636 0.083333 0.068966 0 0.08 0.069767 0.083333 0.083333 0.093023 0.075 0.090909 0.095238 0.11628 0.10588 0.083333 0.071429 0 0 0.073171 0.090909 0.073171 0.071429 0.051282 0.071429 0 0 0 0 1 1 1 1 1 1 1 1 1 1 1 1 1 1 1 1 1 1 0.4 0.25 0 0 0 0 0 0 0 0 0 0 0.4 0.4 0.4 0.4 0.4 0.4 0.4 0.4 0.13333 0.086957 0.086957
1 0 0.12644 0.090909 0 1 0 0.052632 0.083333 0.11765 0.10588 0.125 0.083333 0.090909 0.090909 0.047619 0.083333 0.10588 0.090909 0 0 0 0.090909 0.125 0.12644 0.10588 0.10714 0.075 0.073171 0.059524 0.069767 0.071429 0 0 0 0.08 0 1 1 1 1 1 1 1 1 1 1 1 0 0 0 1 1 0.4 1 1 1 1 0.25 0 0 0 0 0 0 0 0 0 0.052632 0.4 0.4 0.4 0.4 0.4 0.4 0.4 0.4 0.4 0.13333 0.086957
1 0 0.073171 0.08 0 0 0 0.069767 0.10588 0.10714 0.047619 0 0.076923 0.069767 0.059524 0.083333 0.047619 0.095238 0.075 0 0 0 0.047619 0.11628 0.13636 0.13636 0.12644 0.10588 0.095238 0.047619 0.075 0 0 0 0 0 1 1 1 1 1 1 0 0 0 0 0 0.05 0.047619 0.083333 0.051282 0 1 0.4 1 1 1 0.4 0 0 0 0 0 0 0 0 0 0 0.125 0.4 0.4 0.4 0.4 0.4 0.4 0.4 0.4 0.4 0.4 0.086957
1 1 0 0 0 0 0.073171 0.047619 0.10714 0.10714 0.059524 0.059524 0.073171 0.071429 0.071429 0 0 1 0 0 0.051282 0.090909 0.10714 0.14607 0.14607 0.14607 0.13861 0.13636 0.10588 0.058824 0.090909 0.069767 0.059524 0.04 0 1 0 0 0.090909 0 0 0.090909 0.051282 0 0 0 0.075 0.10714 0.047619 0.083333 0.059524 0 0 0.4 0.4 0.4 1 1 0 0 0 0 0 0 0 0 0 0 0.13333 0.4 0.4 0.4 0.4 0.4 0.4 0.4 0.4 0.4 0.25 0.086957
1 1 0 0.04 0.073171 0.095238 0.083333 0.059524 0.10588 0.10714 0.10588 0.13636 0.058824 0 1 1 1 1 0 0.071429 0.083333 0.047619 0.095238 0.11765 0.13636 0.13636 0.13636 0.13636 0.11628 0.11765 0.10714 0.095238 0.047619 0.090909 0.051282 0.073171 0.075 0.059524 0.13636 0.12644 0.10588 0.10588 0.10714 0.083333 0.047619 0.073171 0.051282 0 0.047619 0.083333 0.058824 0.071429 0 0 0.13333 0.4 0.22222 1 0 0 0 0 0 0 0 0 0 0 0.22222 0.4 0.4 0.4 0.4 0.4 0.4 0.4 0.4 0.4 0.095238 0.086957
1 0 0.051282 0.075 0.093023 0.069767 0.071429 0.090909 0 0.073171 0.059524 0.10714 0.090909 0 1 0 0.071429 0.11628 0.10588 0.10588 0.095238 0.058824 0.083333 0.10588 0.12644 0.13636 0.14607 0.13636 0.10714 0.095238 0.047619 0.095238 0.13636 0.059524 0.04 0 0 0.073171 0.12791 0.13636 0.13636 0.13636 0.11628 0.095238 0.10588 0.059524 0.083333 0.10714 0.10714 0.10588 0.059524 0.073171 0.073171 0.054054 0 0.10526 0 1 1 0 0 0 0 0 0 0 0 0 0.25 0.4 0.4 0.4 0.4 0.4 0.4 0.4 0.4 0.25 0.086957 0.086957
1 0 0.090909 0.083333 0.10714 0.10714 0.10714 0.10588 0.13483 0.083333 0.10714 0.11628 0.10588 0.047619 0.083333 0.10714 0.11494 0.13861 0.14607 0.14607 0.14607 0.11628 0.095238 0.083333 0.13636 0.14607 0.14851 0.13636 0.059524 0 0.04 0.059524 0.13636 0.069767 0 1 1 0 0.059524 0.13793 0.13636 0.14607 0.11765 0.047619 0 0.075 0.083333 0.13636 0.12644 0.12791 0.083333 0 0 0 0 0 0 0 1 0 0 0 0 0 0 0 0 0 0.4 0.4 0.4 0.4 0.4 0.4 0.4 0.4 0.4 0.10526 0.086957 0.086957
1 0 0.29703 0.12871 0.14607 0.14851 0.14607 0.13636 0.125 0.11494 0.11628 0.125 0.11494 0.12644 0.13483 0.13483 0.13483 0.14607 0.14607 0.13861 0.13861 0.10714 0.073171 0.071429 0.13636 0.14607 0.13861 0.13636 0.10588 0.10714 0.047619 0.047619 0.11628 0.071429 0 1 1 0 0.10714 0.12644 0.12644 0.12791 0.10588 0.047619 0.047619 0.090909 0.10588 0.13793 0.10714 0.090909 0 1 1 1 1 0 0 0 1 0 0 0 0 0 0 0 0 0 0.4 0.4 0.4 0.4 0.4 0.4 0.4 0.4 0.4 0.25 0.086957 0.086957
1 0 0.12871 0.13861 0.29703 0.32353 0.12871 0.12644 0.095238 0.071429 0.059524 0.047619 0.083333 0.10714 0.10588 0.11628 0.11494 0.13636 0.13636 0.13636 0.14607 0.095238 0.075 0 0.11628 0.13636 0.13636 0.13636 0.13636 0.13636 0.10714 0.073171 0 0 0 0 0 0.04 0.10714 0.12791 0.11765 0.12791 0.083333 0.073171 0.035714 0.054054 0.058824 0.083333 0.047619 0.073171 0 1 1 1 1 0 0 0 1 1 0 0 0 0 0 0 0 0 0.25 0.4 0.4 0.4 0.4 0.4 0.4 0.4 0.4 0.4 0.28571 0.28571
1 0 0.13636 0.13636 0.13636 0.14607 0.11494 0.10714 0.047619 0.073171 0.054054 0 0.035714 0.073171 0.047619 0.047619 0.069767 0.068966 0.071429 0.083333 0.11494 0.11628 0.10714 0.11628 0.11628 0.11628 0.10588 0.10714 0.11628 0.13636 0.095238 0.051282 0 0 0 0.054054 0 0.071429 0.059524 0.047619 0.073171 0.090909 0 0 0 0 0.071429 0.071429 0.047619 0.083333 0.047619 0 1 1 1 1 0 0 0 1 0 0 0 0 0 0 0 0 0.25 0.4 0.4 0.4 0.4 0.4 0.4 0.4 0.4 0.4 0.4 0.4
1 0 0.10588 0.083333 0.069767 0 0.035714 0.075 0.069767 0.073171 0.051282 0 0.071429 0.073171 0.047619 0.068966 0.073171 0 0 0 0.071429 0 0.076923 0.083333 0.10714 0.10714 0.10714 0.058824 0.073171 0.047619 0.071429 0 0.075 0 0 0.075 0.075 0 0 0 1 1 1 0 0 0.035714 0.069767 0.083333 0.10714 0.12791 0.10714 0 1 1 1 1 1 0 0 1 0 0 0 0 0 0 0 0 0.25 0.4 0.4 0.4 0.4 0.4 0.4 0.4 0.4 0.4 0.4 0.4
1 0 0.10588 0.047619 0.051282 0 0 0.076923 0.069767 0.090909 0.090909 0.047619 0.047619 0.059524 0.095238 0.10588 0.095238 0.10588 0.075 0 1 1 0 0.069767 0.047619 0.073171 0.047619 0 1 1 1 1 1 0 0 1 0 1 1 1 1 1 0 0 0.071429 0.090909 0.047619 0.10588 0.095238 0.083333 0.069767 0 1 1 1 1 0 0 0.034483 1 1 0 0 0 0 0 0 0 0.13333 0.4 0.4 0.4 0.4 0.4 0.4 0.4 0.4 0.4 0.4 0.4
1 0 0.083333 0.047619 0.071429 0.069767 0.069767 0.090909 0.047619 0.047619 0.047619 0.047619 0.071429 0.10588 0.11364 0.10465 0.083333 0.090909 0.054054 0.035714 0.069767 0 0 0.069767 0.051282 0 1 1 1 1 1 1 0 0 0 0 0 0 0 1 1 1 0 0 0.051282 0 0.071429 0.090909 0.083333 0.093023 0 1 1 1 1 0 0 0 0.051282 0.051282 1 0 0 0 0 0 0 0 0.25 0.4 0.4 0.4 0.4 0.4 0.4 0.4 0.4 0.4 0.4 0.4
1 0 0.090909 0.073171 0.069767 0.090909 0.047619 0.047619 0.059524 0.059524 0.071429 0.095238 0.10588 0.11494 0.13483 0.10465 0.047619 0.051282 0 0.071429 0.093023 0.090909 0 0 0 0 0.073171 0.035714 0 0 0 0 0 0 0 0.034483 0.026316 0.073171 0.04878 1 1 1 0 0 1 1 0 0 0.051282 0.05 0 1 1 1 1 0 0.047619 0.069767 0.051282 0 1 0 0 0 0 0 0 0 0.25 0.25 0.4 0.4 0.4 0.4 0.4 0.4 0.4 0.4 0.4 0.4
1 0 0 0.047619 0.090909 0.047619 0.059524 0.059524 0.059524 0.083333 0.083333 0.094118 0.059524 0.083333 0.11628 0.059524 0.054054 0 0 0.052632 0.059524 0.069767 0 0 0.035714 0.069767 0.059524 0.047619 0.054054 0 0 0 0 0 0 0 0 0.034483 0.034483 1 0 0 0 0 1 1 0 0 0 0 0 0 1 1 0 0.054054 0.047619 0.047619 0.047619 0 1 1 0 0 0 0 0 0.10526 0.25 0.4 0.4 0.4 0.4 0.4 0.4 0.4 0.4 0.4 0.4 0.4
1 0 0 0.083333 0.059524 0.047619 0.059524 0.094118 0.094118 0.083333 0.047619 0 0 0 0 0 0 1 0 0.035714 0.047619 0.047619 0.047619 0.047619 0.047619 0.059524 0.091954 0.047619 0.075 0 0 0.054054 0.058824 0.073171 0 0 0 0 0.11905 0 0 0 0 0 1 0 0 0.069767 0 0 0 0 0 0 0 0.069767 0.058824 0.058824 0 0 0 1 0 0 0 0 0 0.125 0.4 0.4 0.4 0.4 0.4 0.4 0.4 0.4 0.4 0.4 0.4 0.4
1 0 0 0.094118 0.094118 0.071429 0.071429 0.094118 0.125 0.094118 0.047619 0.054054 0 0 1 0 0 0 0.051282 0.069767 0.047619 0.047619 0.059524 0.059524 0.058824 0.081395 0.091954 0.058824 0.047619 0.068182 0.068966 0.069767 0.059524 0.047619 0.054054 0 0 0.035714 0.071429 0.05 0 1 1 0 0 0 0.069767 0.059524 0.054054 0 1 0 0 0 0 0 0.035714 0.069767 0 0 0 1 0 0 0 0 0 0.4 0.4 0.4 0.4 0.4 0.4 0.4 0.4 0.4 0.4 0.4 0.4 0.4
1 1 0 0 0.094118 0.094118 0.094118 0.094118 0.125 0.11364 0.094118 0.094118 0.047619 0.051282 0 0 0 0.047619 0.059524 0.059524 0.059524 0.047619 0.047619 0.073171 0.047619 0.059524 0.090909 0.081395 0.081395 0.091954 0.05814 0.058824 0.058824 0.047619 0.069767 0.069767 0 0 0 0 0 0.05 0 0 0 0 0.047619 0.05814 0.047619 0.051282 0.051282 0 1 1 1 0 0 0.073171 0 0 0 1 0 0 0 0 0.125 0.4 0.4 0.4 0.4 0.4 0.4 0.4 0.4 0.4 0.4 0.4 0.4 0.4
1 1 0 0 0.094118 0.094118 0.094118 0.094118 0.11494 0.11628 0.093023 0.094118 0.093023 0.094118 0.11364 0.058824 0.047619 0.047619 0.058824 0.082353 0.070588 0.059524 0.047619 0.069767 0.058824 0.047619 0.047619 0.047619 0.047619 0.058824 0.058824 0.059524 0.058824 0.047619 0.069767 0 0 0 0 0.035714 0 0 0 0 0.034483 0.073171 0.058824 0.078652 0.068182 0.05814 0.068182 0 1 1 1 0 0.054054 0.068182 0 0 0 1 1 0 0 0 0.25 0.4 0.4 0.4 0.4 0.4 0.4 0.4 0.4 0.4 0.4 0.4 0.4 0.4
1 1 0 0 0.083333 0.094118 0.094118 0.10465 0.093023 0.094118 0.094118 0.093023 0.11494 0.11364 0.13483 0.11236 0.11364 0.1236 0.11364 0.11364 0.11236 0.091954 0.058824 0.058824 0.047619 0.073171 0.035714 0 0.068966 0.068182 0.047619 0.047619 0.069767 0.047619 0.047619 0.058824 0.069767 0.069767 0.047619 0.058824 0.058824 0.068966 0.058824 0.047619 0.059524 0.073171 0.047619 0.079545 0.068182 0.068182 0.058824 0 1 1 1 0 0.073171 0.047619 0 0 0 1 1 0 0 0 0.25 0.4 0.4 0.4 0.4 0.4 0.4 0.4 0.4 0.4 0.4 0.4 0.4 0.4
1 1 1 0 0 0.071429 0.094118 0.11494 0.11494 0.083333 0.047619 0.059524 0.094118 0.11364 0.11881 0.13483 0.1236 0.1236 0.11236 0.11236 0.1236 0.093023 0.059524 0.047619 0.069767 0.034483 0 0 0 0 0 0.069767 0.058824 0.047619 0.047619 0.068966 0.068966 0.068966 0.068966 0.079545 0.10112 0.098039 0.078652 0.058824 0 0 0.054054 0.058824 0.05814 0.068966 0.058824 0.073171 0 0 0 0.073171 0.047619 0.047619 0.058824 0 0 1 1 0 0 0 0.25 0.4 0.4 0.4 0.4 0.4 0.4 0.4 0.4 0.4 0.4 0.4 0.4 0.4
1 1 1 0 0 0.059524 0.071429 0.093023 0.125 0.047619 0.051282 0 0.069767 0.082353 0.13483 0.11364 0.093023 0.093023 0.090909 0.11364 0.093023 0.091954 0.070588 0.058824 0.075 0 0 0 0 1 0 0 0.051282 0.073171 0.051282 0.034483 0.058824 0.068966 0.079545 0.079545 0.089888 0.11236 0.068182 0.047619 0 0 0.05 0.058824 0.058824 0.068966 0.068182 0.058824 0.058824 0.058824 0.047619 0.047619 0.05814 0.058824 0.058824 0.058824 0.058824 1 1 0 0 0 0.22222 0.4 0.4 0.4 0.4 0.4 0.4 0.4 0.4 0.4 0.4 0.4 0.4 0.4
