data/entities/Measures_gates_embank_pumps_5m3s/CaseDifferenceDepth_m.asc
ncols         98 
nrows         130 
xllcorner     530385.4375 
yllcorner     504074.10385949 
cellsize      100 
NODATA_value -9999 
[rows 30 to 59 of 130, columns 0 to 68 of 98]
-9999 -9999 -9999 -1.0071 -0.9338 -0.3109 -0.3099 -0.3093 -0.3082 -0.3081 -0.3079 -0.3078 -0.31 -0.3102 -0.3103 -0.3104 -0.3093 -0.3088 -0.2867 -0.297 -0.1381 -0.2901 -0.2937 -0.2938 -0.2937 -0.2936 -0.2933 -0.2932 -0.2932 -0.2932 -0.2932 -0.2923 -0.2895 -0.1253 -0.0567 -0.05 -0.05 -0.05 -0.2294 -0.2522 -0.2688 -0.2694 -0.2691 -0.2684 -0.2678 -0.2669 -0.2204 -0.1047 -0.05 -0.05 -0.05 -0.05 -0.2486 -0.2479 -0.2479 -0.2477 -0.2476 -0.2473 -0.2468 -0.2464 -0.245 -0.242 -0.2384 -0.2379 -0.2383 -0.238 -0.2375 -0.236 -0.2345
-9999 -9999 -9999 -0.9834 -0.9258 -0.3109 -0.3108 -0.3102 -0.1661 -0.307 -0.3074 -0.3128 -0.312 -0.312 -0.3121 -0.3124 -0.313 -0.2159 -0.3114 -0.3129 -0.2282 -0.2888 -0.2936 -0.2937 -0.2936 -0.2935 -0.2933 -0.2932 -0.2931 -0.2932 -0.2932 -0.2635 -0.05 -0.05 -0.05 -0.05 -0.0957 -0.05 -0.05 -0.2714 -0.271 -0.2706 -0.2701 -0.2693 -0.2684 -0.2673 -0.0503 -0.05 -0.05 -0.05 -0.05 -0.24 -0.2503 -0.2485 -0.2483 -0.2477 -0.2474 -0.2471 -0.2466 -0.2462 -0.2457 -0.2442 -0.24 -0.2391 -0.2394 -0.2396 -0.2392 -0.2366 -0.2347
-9999 -9999 -9999 -0.9646 -0.9285 -0.312 -0.3117 -0.3111 -0.0503 -0.3091 -0.3149 -0.3145 -0.3138 -0.3136 -0.3137 -0.3139 -0.314 -0.314 -0.3136 -0.3137 -0.18 -0.297 -0.2945 -0.2937 -0.2937 -0.2932 -0.0505 -0.2878 -0.2932 -0.2932 -0.2931 -0.2316 -0.05 -0.05 -0.05 -0.05 -0.18 -0.2868 -0.05 -0.2812 -0.2729 -0.2716 -0.2712 -0.2707 -0.2704 -0.2705 -0.0583 -0.05 -0.05 -0.05 -0.0648 -0.1163 -0.2548 -0.2548 -0.0744 -0.2476 -0.2474 -0.2469 -0.2463 -0.246 -0.2455 -0.2432 -0.2428 -0.2428 -0.2422 -0.2422 -0.2424 -0.239 -0.2358
-9999 -9999 -1.0148 -0.953 -0.3143 -0.3135 -0.313 -0.3132 -0.3147 -0.315 -0.315 -0.3149 -0.3148 -0.3145 -0.3143 -0.3141 -0.3141 -0.314 -0.3138 -0.3135 -0.3108 -0.3082 -0.299 -0.2934 -0.2874 -0.208 -0.301 -0.2488 -0.2859 -0.2828 -0.2885 -0.2872 -0.2871 -0.1411 -0.0714 -0.0669 -0.1667 -0.1677 -0.05 -0.05 -0.2719 -0.2718 -0.2717 -0.2716 -0.272 -0.272 -0.2563 -0.132 -0.0818 -0.0501 -0.05 -0.05 -0.2527 -0.2533 -0.05 -0.05 -0.05 -0.1221 -0.2454 -0.2466 -0.2463 -0.2459 -0.2453 -0.2447 -0.2437 -0.243 -0.2433 -0.2529 -0.2623
-9999 -9999 -0.9942 -0.9537 -0.3144 -0.3142 -0.314 -0.3142 -0.3149 -0.315 -0.315 -0.3148 -0.3149 -0.3147 -0.3145 -0.3144 -0.3141 -0.3139 -0.3138 -0.3134 -0.3133 -0.3123 -0.2986 -0.1055 -0.0505 -0.0625 -0.0501 -0.0972 -0.1887 -0.2863 -0.2865 -0.2866 -0.287 -0.2015 -0.0549 -0.05 -0.05 -0.0501 -0.05 -0.05 -0.05 -0.2719 -0.2719 -0.2719 -0.2722 -0.2721 -0.2718 -0.2721 -0.2723 -0.2009 -0.05 -0.05 -0.1263 -0.2531 -0.05 -0.05 -0.05 -0.05 -0.166 -0.2484 -0.2473 -0.2461 -0.2457 -0.2457 -0.2458 -0.2459 -0.246 -0.2463 -0.2498
-9999 -9999 -0.9812 -0.9667 -0.3144 -0.3145 -0.3145 -0.3148 -0.3149 -0.3149 -0.3149 -0.3148 -0.3148 -0.3148 -0.3147 -0.3145 -0.3145 -0.3141 -0.3139 -0.3136 -0.313 -0.3121 -0.307 -0.1596 -0.155 -0.1226 -0.0501 -0.0501 -0.0501 -0.05 -0.0502 -0.0533 -0.05 -0.0501 -0.0686 -0.0501 -0.0612 -0.1247 -0.3017 -0.3018 -0.05 -0.2718 -0.2719 -0.272 -0.2724 -0.2725 -0.2727 -0.2729 -0.273 -0.2729 -0.2727 -0.0916 -0.056 -0.1111 -0.05 -0.05 -0.05 -0.05 -0.0728 -0.2592 -0.2541 -0.2467 -0.2452 -0.2453 -0.2455 -0.2457 -0.2457 -0.2456 -0.2449
-9999 -1.0236 -0.9825 -0.3149 -0.3147 -0.3147 -0.3147 -0.3148 -0.3148 -0.3149 -0.3148 -0.3148 -0.3148 -0.3148 -0.3147 -0.3147 -0.3148 -0.3147 -0.3146 -0.3142 -0.3124 -0.314 -0.3145 -0.3147 -0.3148 -0.3148 -0.3148 -0.2865 -0.1333 -0.0501 -0.0501 -0.05 -0.05 -0.0576 -0.2259 -0.3036 -0.2695 -0.3016 -0.3017 -0.3018 -0.3018 -0.05 -0.2717 -0.2724 -0.2726 -0.2728 -0.2729 -0.2729 -0.2729 -0.2729 -0.2729 -0.2727 -0.116 -0.05 -0.05 -0.05 -0.05 -0.05 -0.1431 -0.2926 -0.2791 -0.2539 -0.2442 -0.2441 -0.2453 -0.2455 -0.2456 -0.2456 -0.1622
-9999 -1.0094 -1.0002 -0.3147 -0.3148 -0.3147 -0.3147 -0.3147 -0.3147 -0.3147 -0.3148 -0.3147 -0.3147 -0.3148 -0.3148 -0.3148 -0.3148 -0.3148 -0.3148 -0.3146 -0.3145 -0.3146 -0.3145 -0.3146 -0.3147 -0.3148 -0.3149 -0.3152 -0.3152 -0.3151 -0.3114 -0.3119 -0.3107 -0.3095 -0.3097 -0.3036 -0.3017 -0.3018 -0.3017 -0.3017 -0.3017 -0.05 -0.05 -0.2726 -0.2726 -0.2729 -0.2729 -0.2729 -0.2729 -0.2729 -0.2729 -0.2729 -0.2252 -0.05 -0.05 -0.05 -0.05 -0.05 -0.3148 -0.3116 -0.3125 -0.3146 -0.3033 -0.253 -0.0568 -0.1677 -0.1959 -0.1361 -0.0581
-9999 -1.0148 -1.005 -0.3146 -0.3145 -0.3146 -0.3147 -0.3147 -0.3147 -0.3148 -0.3147 -0.3147 -0.3147 -0.3147 -0.3148 -0.3148 -0.3148 -0.3148 -0.3148 -0.3148 -0.3143 -0.3144 -0.3145 -0.3147 -0.3147 -0.3147 -0.3148 -0.3153 -0.3153 -0.3152 -0.3152 -0.3152 -0.315 -0.3139 -0.3102 -0.3086 -0.3043 -0.302 -0.3017 -0.3017 -0.3016 -0.3016 -0.05 -0.05 -0.05 -0.277 -0.2729 -0.2729 -0.2729 -0.2729 -0.273 -0.2729 -0.183 -0.05 -0.05 -0.05 -0.05 -0.2899 -0.3272 -0.3259 -0.3263 -0.3268 -0.3269 -0.3126 -0.2822 -0.1479 -0.1318 -0.1336 -0.1458
-9999 -1.0233 -0.3144 -0.3144 -0.3145 -0.3146 -0.3147 -0.3147 -0.3147 -0.3147 -0.3147 -0.3147 -0.3147 -0.3147 -0.3149 -0.315 -0.315 -0.315 -0.315 -0.3151 -0.3155 -0.3139 -0.3141 -0.3155 -0.3158 -0.3146 -0.315 -0.3153 -0.3154 -0.3155 -0.3154 -0.3153 -0.3152 -0.3141 -0.3115 -0.2047 -0.3083 -0.3023 -0.3019 -0.3017 -0.3008 -0.2865 -0.2677 -0.2326 -0.05 -0.05 -0.05 -0.2729 -0.2729 -0.2729 -0.2729 -0.2728 -0.121 -0.1616 -0.0643 -0.2035 -0.36252 -0.38965 -0.38965 -0.38935 -0.38895 -0.3272 -0.3264 -0.3185 -0.1505 -0.0945 -0.0638 -0.0501 -0.05
-9999 -0.8559 -0.175 -0.3135 -0.3153 -0.3151 -0.3151 -0.3149 -0.3146 -0.3145 -0.3147 -0.3147 -0.3147 -0.3148 -0.3149 -0.3149 -0.315 -0.3149 -0.3151 -0.3154 -0.3157 -0.316 -0.3161 -0.1554 -0.2515 -0.3157 -0.3149 -0.3159 -0.3156 -0.3157 -0.3156 -0.3153 -0.3154 -0.3147 -0.3108 -0.3024 -0.3034 -0.3038 -0.3024 -0.3015 -0.2949 -0.1738 -0.2456 -0.2661 -0.3268 -0.3267 -0.05 -0.05 -0.273 -0.2814 -0.291 -0.1933 -0.05 -0.05 -0.1807 -0.38965 -0.39005 -0.38975 -0.38975 -0.38965 -0.38955 -0.38965 -0.3253 -0.3215 -0.1615 -0.0501 -0.05 -0.05 -0.05
-9999 -0.8454 -0.3199 -0.3198 -0.3191 -0.3185 -0.317 -0.3159 -0.3151 -0.3146 -0.3144 -0.3144 -0.3144 -0.3148 -0.315 -0.3151 -0.3151 -0.3153 -0.3158 -0.3159 -0.316 -0.316 -0.316 -0.3159 -0.316 -0.3162 -0.2397 -0.3158 -0.3157 -0.3157 -0.3156 -0.3151 -0.3134 -0.3092 -0.3023 -0.3027 -0.3034 -0.3038 -0.3033 -0.3032 -0.3034 -0.3037 -0.3041 -0.296 -0.2478 -0.3265 -0.3265 -0.05 -0.05 -0.4636 -0.4636 -0.3127 -0.0913 -0.1129 -0.329 -0.39025 -0.39015 -0.38995 -0.38985 -0.38985 -0.39055 -0.39315 -0.3421 -0.3446 -0.3456 -0.3455 -0.1192 -0.05 -0.05
-9999 -0.9662 -0.3196 -0.3196 -0.3193 -0.3188 -0.3181 -0.3168 -0.3161 -0.315 -0.3141 -0.3133 -0.3139 -0.3148 -0.315 -0.3152 -0.3156 -0.3159 -0.316 -0.3159 -0.316 -0.3159 -0.3159 -0.3158 -0.3159 -0.3159 -0.3156 -0.3159 -0.3158 -0.3158 -0.3156 -0.2648 -0.05 -0.0501 -0.098 -0.2119 -0.3036 -0.3044 -0.3033 -0.3033 -0.3035 -0.3038 -0.3061 -0.3124 -0.3207 -0.3255 -0.3264 -0.3267 -0.05 -0.05 -0.4635 -0.3773 -0.1246 -0.1759 -0.37312 -0.39025 -0.39025 -0.39025 -0.39035 -0.39035 -0.39185 -0.39525 -0.39745 -0.3468 -0.3476 -0.3477 -0.3121 -0.0501 -0.05
-9999 -0.8767 -0.3197 -0.3197 -0.3194 -0.319 -0.3184 -0.3173 -0.3163 -0.3144 -0.3143 -0.2768 -0.3163 -0.3153 -0.3149 -0.3155 -0.3159 -0.316 -0.3159 -0.3159 -0.3159 -0.3159 -0.3159 -0.3159 -0.3158 -0.3158 -0.3157 -0.3156 -0.3157 -0.3157 -0.3157 -0.3117 -0.05 -0.0509 -0.0507 -0.05 -0.05 -0.2266 -0.3033 -0.3038 -0.3043 -0.0951 -0.3142 -0.3181 -0.3184 -0.055 -0.0501 -0.2612 -0.4053 -0.05 -0.4635 -0.2392 -0.05 -0.1344 -0.37032 -0.39025 -0.39015 -0.39015 -0.35462 -0.34992 -0.38985 -0.39675 -0.39795 -0.3473 -0.3477 -0.3479 -0.3478 -0.2445 -0.1132
-9999 -0.9136 -0.3209 -0.3205 -0.32 -0.3198 -0.32 -0.32 -0.3085 -0.1258 -0.3183 -0.318 -0.3182 -0.3181 -0.3153 -0.3161 -0.3162 -0.3162 -0.316 -0.3159 -0.3158 -0.3158 -0.3159 -0.3158 -0.3158 -0.3156 -0.3157 -0.3154 -0.3154 -0.3157 -0.3161 -0.3163 -0.3163 -0.3162 -0.2492 -0.0557 -0.05 -0.1802 -0.3075 -0.3106 -0.3158 -0.3172 -0.3176 -0.318 -0.3181 -0.1049 -0.1178 -0.2753 -0.2671 -0.05 -0.3114 -0.1232 -0.05 -0.1543 -0.37182 -0.39045 -0.39035 -0.39025 -0.2265 -0.05 -0.3078 -0.39755 -0.39825 -0.39855 -0.3481 -0.3487 -0.39945 -0.3743 -0.32872
-9999 -1.0083 -0.3205 -0.3203 -0.3202 -0.3201 -0.3199 -0.3199 -0.3195 -0.3188 -0.3184 -0.318 -0.318 -0.3178 -0.3175 -0.3173 -0.3169 -0.3166 -0.3162 -0.3158 -0.3157 -0.3158 -0.3158 -0.3158 -0.3156 -0.3153 -0.1495 -0.3138 -0.3153 -0.316 -0.3162 -0.3163 -0.3163 -0.3163 -0.269 -0.0714 -0.1157 -0.3074 -0.3155 -0.3157 -0.316 -0.3169 -0.3175 -0.318 -0.318 -0.3177 -0.3162 -0.2298 -0.1406 -0.05 -0.05 -0.05 -0.05 -0.139 -0.36862 -0.39045 -0.39045 -0.39055 -0.3299 -0.2229 -0.2701 -0.33972 -0.39805 -0.39835 -0.39925 -0.39985 -0.40095 -0.40135 -0.39775
-9999 -1.062 -0.3201 -0.32 -0.3199 -0.3198 -0.3196 -0.3195 -0.3194 -0.3194 -0.3188 -0.3181 -0.3179 -0.3176 -0.3175 -0.3173 -0.317 -0.3168 -0.3165 -0.3157 -0.2152 -0.1656 -0.2162 -0.05 -0.3053 -0.3077 -0.3097 -0.3126 -0.315 -0.316 -0.3162 -0.3164 -0.3166 -0.3162 -0.1705 -0.0501 -0.1528 -0.3127 -0.3148 -0.3152 -0.3149 -0.2703 -0.3152 -0.318 -0.318 -0.3181 -0.3182 -0.2278 -0.1815 -0.05 -0.05 -0.05 -0.05 -0.0546 -0.3277 -0.39045 -0.39055 -0.39175 -0.39805 -0.40205 -0.32552 -0.0895 -0.0607 -0.3608 -0.40095 -0.40175 -0.40255 -0.40365 -0.40155
-9999 -1.0474 -0.3198 -0.3198 -0.3197 -0.3196 -0.3194 -0.3194 -0.3193 -0.3193 -0.3191 -0.2616 -0.3176 -0.3174 -0.3173 -0.3173 -0.3171 -0.3169 -0.3167 -0.3153 -0.2185 -0.3106 -0.3206 -0.3208 -0.3209 -0.3211 -0.3139 -0.3141 -0.3157 -0.3163 -0.3167 -0.3169 -0.317 -0.3172 -0.2941 -0.0501 -0.187 -0.3113 -0.3141 -0.3145 -0.3138 -0.1699 -0.183 -0.3174 -0.3181 -0.3181 -0.192 -0.0739 -0.1734 -0.4329 -0.05 -0.05 -0.05 -0.05 -0.2089 -0.38875 -0.38945 -0.38765 -0.40555 -0.41195 -0.41255 -0.32842 -0.2312 -0.40945 -0.40525 -0.40495 -0.40505 -0.40505 -0.40315
-9999 -0.9682 -0.3197 -0.3196 -0.3195 -0.3194 -0.3193 -0.3193 -0.3192 -0.319 -0.3189 -0.3189 -0.3185 -0.3176 -0.3172 -0.3171 -0.3172 -0.3173 -0.3177 -0.3182 -0.3188 -0.3194 -0.3203 -0.3208 -0.321 -0.3211 -0.3194 -0.3164 -0.3163 -0.3167 -0.3169 -0.317 -0.3171 -0.3173 -0.3175 -0.3172 -0.3152 -0.3133 -0.3134 -0.314 -0.2811 -0.05 -0.05 -0.05 -0.0556 -0.05 -0.05 -0.05 -0.05 -0.0501 -0.05 -0.05 -0.05 -0.05 -0.0586 -0.3274 -0.33752 -0.2846 -0.40965 -0.41537 -0.41537 -0.41507 -0.41347 -0.41157 -0.41217 -0.41035 -0.40915 -0.40805 -0.40435
-9999 -0.8768 -0.3193 -0.3193 -0.3193 -0.3193 -0.3191 -0.319 -0.3189 -0.319 -0.3189 -0.3188 -0.3187 -0.3181 -0.3169 -0.317 -0.3173 -0.3175 -0.3177 -0.3181 -0.3186 -0.3195 -0.3206 -0.3211 -0.3213 -0.3215 -0.3214 -0.318 -0.3169 -0.317 -0.317 -0.3169 -0.3169 -0.3171 -0.3174 -0.318 -0.3191 -0.3198 -0.311 -0.2711 -0.0532 -0.05 -0.05 -0.05 -0.05 -0.05 -0.05 -0.0501 -0.0501 -0.0619 -0.05 -0.05 -0.05 -0.05 -0.05 -0.0629 -0.05 -0.184 -0.41165 -0.41527 -0.41507 -0.41507 -0.41517 -0.41457 -0.41377 -0.41277 -0.41207 -0.41177 -0.40605
-9999 -0.8482 -0.3189 -0.3189 -0.3189 -0.3189 -0.3188 -0.3187 -0.3187 -0.3186 -0.3187 -0.3186 -0.3185 -0.3183 -0.3165 -0.3173 -0.3175 -0.3175 -0.3176 -0.3178 -0.3184 -0.32 -0.3211 -0.3215 -0.3218 -0.3219 -0.3219 -0.3033 -0.3181 -0.318 -0.3174 -0.317 -0.3169 -0.3169 -0.3172 -0.3174 -0.3184 -0.321 -0.309 -0.1216 -0.0501 -0.05 -0.0501 -0.05 -0.0501 -0.0507 -0.0509 -0.0501 -0.1504 -0.2345 -0.1082 -0.0501 -0.05 -0.05 -0.05 -0.05 -0.05 -0.0501 -0.2528 -0.4039 -0.41497 -0.41497 -0.41507 -0.41497 -0.41447 -0.41377 -0.41277 -0.41217 -0.3835
-9999 -0.7983 -0.3183 -0.3183 -0.3181 -0.2903 -0.3184 -0.3191 -0.3192 -0.319 -0.3186 -0.3184 -0.3182 -0.3181 -0.318 -0.3177 -0.3176 -0.3175 -0.3173 -0.3172 -0.3151 -0.3213 -0.322 -0.3222 -0.3223 -0.3223 -0.3223 -0.3222 -0.3216 -0.3204 -0.3194 -0.3184 -0.3162 -0.3165 -0.3168 -0.3169 -0.3174 -0.2979 -0.2846 -0.2049 -0.1208 -0.1487 -0.05 -0.11 -0.1869 -0.2694 -0.2837 -0.2741 -0.3261 -0.3262 -0.3262 -0.219 -0.0622 -0.0612 -0.05 -0.05 -0.05 -0.05 -0.2181 -0.35398 -0.41497 -0.41507 -0.41507 -0.41507 -0.41457 -0.41417 -0.41327 -0.41197 -0.33262
-9999 -0.5437 -0.3176 -0.3172 -0.3171 -0.3128 -0.319 -0.3212 -0.321 -0.3209 -0.3207 -0.3193 -0.319 -0.3182 -0.3179 -0.3178 -0.3177 -0.3174 -0.317 -0.317 -0.3186 -0.3227 -0.3226 -0.3226 -0.3226 -0.3226 -0.3225 -0.3224 -0.3223 -0.3216 -0.3211 -0.3212 -0.3078 -0.316 -0.3156 -0.3166 -0.1956 -0.2673 -0.161 -0.0608 -0.2309 -0.2654 -0.3175 -0.3234 -0.3253 -0.326 -0.3262 -0.3263 -0.3262 -0.3262 -0.3263 -0.3262 -0.1798 -0.05 -0.05 -0.05 -0.05 -0.0551 -0.3793 -0.41507 -0.41517 -0.41507 -0.41487 -0.41477 -0.41467 -0.41427 -0.41337 -0.40987 -0.3093
-9999 -0.2322 -0.3175 -0.319 -0.3199 -0.3182 -0.3228 -0.3229 -0.3226 -0.3226 -0.3232 -0.3237 -0.3224 -0.3196 -0.3185 -0.3195 -0.3171 -0.2667 -0.3177 -0.3217 -0.3239 -0.3236 -0.3233 -0.323 -0.3228 -0.3229 -0.3227 -0.3227 -0.3225 -0.3222 -0.322 -0.3219 -0.3217 -0.3219 -0.3216 -0.1279 -0.3231 -0.3233 -0.3249 -0.3249 -0.3251 -0.3251 -0.3251 -0.3252 -0.3255 -0.3259 -0.3262 -0.3262 -0.3262 -0.3262 -0.3263 -0.3262 -0.3005 -0.0716 -0.0501 -0.05 -0.05 -0.05 -0.41497 -0.41507 -0.41507 -0.41507 -0.41487 -0.41487 -0.41467 -0.41457 -0.41377 -0.40087 -0.2868
-9999 -0.2744 -0.3282 -0.3272 -0.3265 -0.3261 -0.3253 -0.3245 -0.3236 -0.3239 -0.3247 -0.325 -0.325 -0.3226 -0.0948 -0.05 -0.244 -0.1679 -0.3227 -0.3247 -0.3244 -0.3239 -0.3236 -0.3233 -0.3231 -0.3231 -0.323 -0.3229 -0.3226 -0.3225 -0.3223 -0.3221 -0.3217 -0.3222 -0.3227 -0.3232 -0.3237 -0.3242 -0.325 -0.3251 -0.3251 -0.3252 -0.3253 -0.3253 -0.3255 -0.3258 -0.326 -0.3261 -0.3263 -0.3262 -0.3262 -0.3263 -0.3262 -0.3259 -0.1924 -0.0954 -0.1703 -0.05 -0.41497 -0.41507 -0.41487 -0.41487 -0.41487 -0.41487 -0.41457 -0.41437 -0.41377 -0.3842 -0.2638
-9999 -0.5888 -0.3294 -0.3284 -0.3282 -0.3278 -0.3274 -0.3271 -0.3254 -0.3261 -0.3263 -0.3264 -0.3264 -0.3255 -0.1732 -0.3244 -0.3267 -0.3264 -0.3262 -0.3257 -0.3249 -0.3243 -0.3239 -0.3235 -0.3234 -0.3234 -0.3232 -0.3231 -0.3229 -0.3226 -0.3224 -0.3223 -0.3224 -0.3223 -0.3226 -0.3231 -0.3239 -0.3248 -0.3251 -0.3251 -0.3252 -0.3251 -0.3252 -0.3253 -0.3255 -0.326 -0.3262 -0.3262 -0.3263 -0.3263 -0.3263 -0.3261 -0.3261 -0.326 -0.3261 -0.2487 -0.36875 -0.05 -0.05 -0.41477 -0.41477 -0.41487 -0.41477 -0.41477 -0.41447 -0.41397 -0.41267 -0.3698 -0.2329
-9999 -0.9367 -0.3303 -0.3302 -0.3299 -0.3297 -0.3295 -0.3295 -0.3296 -0.3289 -0.3284 -0.3281 -0.3281 -0.3283 -0.3282 -0.3275 -0.3271 -0.3267 -0.3263 -0.3259 -0.3251 -0.3249 -0.3242 -0.3239 -0.3237 -0.3236 -0.3235 -0.3234 -0.3232 -0.3225 -0.3225 -0.3225 -0.3224 -0.3224 -0.3223 -0.05 -0.0536 -0.3249 -0.3252 -0.3252 -0.3252 -0.3251 -0.3252 -0.3253 -0.3252 -0.3261 -0.3263 -0.3264 -0.3263 -0.3263 -0.3262 -0.3263 -0.3261 -0.326 -0.326 -0.3154 -0.37605 -0.39557 -0.05 -0.41487 -0.41477 -0.41477 -0.41477 -0.41477 -0.41447 -0.41447 -0.41387 -0.36068 -0.2023
-9999 -1.1555 -0.3308 -0.3307 -0.3306 -0.3305 -0.3303 -0.3302 -0.3299 -0.3295 -0.3293 -0.3289 -0.3287 -0.3286 -0.3285 -0.3281 -0.3275 -0.3269 -0.3264 -0.326 -0.3257 -0.3254 -0.3249 -0.3243 -0.3239 -0.3238 -0.3237 -0.3236 -0.3235 -0.3234 -0.3233 -0.3229 -0.3225 -0.3224 -0.3224 -0.2633 -0.2875 -0.3251 -0.3251 -0.3253 -0.3252 -0.3252 -0.3252 -0.3253 -0.3257 -0.3261 -0.3264 -0.3264 -0.3264 -0.3265 -0.3263 -0.1382 -0.05 -0.05 -0.1836 -0.3419 -0.39467 -0.39467 -0.05 -0.41487 -0.41487 -0.41487 -0.41477 -0.41477 -0.41477 -0.41457 -0.41417 -0.35978 -0.1974
-9999 -1.1794 -0.331 -0.3309 -0.3308 -0.3307 -0.3306 -0.3306 -0.3306 -0.3303 -0.33 -0.3296 -0.3293 -0.3292 -0.3292 -0.3287 -0.3281 -0.3271 -0.3266 -0.3261 -0.3258 -0.3256 -0.3254 -0.3248 -0.3243 -0.3242 -0.3239 -0.3238 -0.3237 -0.3236 -0.3235 -0.3232 -0.3225 -0.3228 -0.3237 -0.3122 -0.3247 -0.3253 -0.3253 -0.3253 -0.3252 -0.3252 -0.3253 -0.3253 -0.3258 -0.3262 -0.3266 -0.3267 -0.3269 -0.3268 -0.3261 -0.1133 -0.05 -0.05 -0.0759 -0.3428 -0.3429 -0.39327 -0.05 -0.05 -0.41497 -0.41477 -0.41497 -0.41497 -0.41477 -0.41477 -0.41447 -0.35898 -0.2172
-9999 -1.123 -0.3314 -0.3312 -0.3311 -0.3309 -0.331 -0.3314 -0.3321 -0.3322 -0.3322 -0.3315 -0.3317 -0.3314 -0.3314 -0.3309 -0.3301 -0.3282 -0.327 -0.3262 -0.3259 -0.3257 -0.3257 -0.3257 -0.3252 -0.3249 -0.3244 -0.324 -0.3237 -0.3236 -0.3235 -0.3234 -0.3236 -0.3239 -0.3253 -0.3263 -0.3257 -0.3254 -0.3253 -0.3253 -0.3252 -0.3252 -0.3252 -0.3253 -0.3278 -0.3275 -0.3273 -0.3274 -0.3276 -0.3278 -0.328 -0.3278 -0.05 -0.05 -0.0547 -0.2872 -0.3428 -0.3541 -0.38537 -0.05 -0.41487 -0.41497 -0.41497 -0.41497 -0.41497 -0.41487 -0.41477 -0.35848 -0.2065
