data/entities/Measures_gates_embank_pumps_5m3s/CaseDifferenceDuration_fraction.asc
ncols         98 
nrows         130 
xllcorner     530385.4375 
yllcorner     504074.10385949 
cellsize      100 
NODATA_value -9999 
[rows 0 to 35 of 130, columns 0 to 79 of 98]
1 1 1 1 1 1 1 1 1 1 1 1 1 1 1 1 1 1 1 1 1 1 1 1 1 1 1 1 1 1 1 1 1 1 1 1 1 1 1 1 1 1 1 1 1 1 1 1 1 1 1 1 1 1 1 1 1 1 1 1 1 1 1 1 1 1 1 1 1 1 1 1 1 1 1 1 1 1 1 1
1 1 1 1 1 1 1 1 1 1 1 1 1 1 1 1 1 1 1 1 1 1 1 1 0 0 0 0 0 0 0 0 0 0 0 0 0 0 0 1 1 1 1 1 1 1 1 1 1 1 1 1 1 1 1 1 1 1 1 1 1 1 1 1 1 1 1 1 1 1 1 1 1 1 1 1 1 1 1 1
1 1 1 1 1 1 1 1 1 1 1 1 1 1 1 1 1 1 1 1 1 1 0 0 0 0.13043 0.15385 0.090909 0.10526 0.066667 0.2 0 0 0 1 1 1 1 1 1 0 0 0 0 0 0 0 1 1 1 1 1 1 1 1 1 1 1 1 1 1 1 1 1 1 1 1 1 1 1 1 1 1 1 1 1 1 1 1 1
1 1 1 1 1 1 1 1 1 1 1 1 1 1 1 1 1 1 1 1 1 1 1 0 0.10526 0.095238 0.10526 0.2 0 0 0.125 0.095238 0.10526 0.2 0.2 0 0 1 1 1 1 1 1 1 1 1 1 1 1 1 1 1 0 0 1 1 1 1 1 1 1 1 1 1 1 1 1 1 1 1 1 1 1 1 1 1 1 1 1 1
1 1 1 1 1 1 1 1 1 1 1 1 1 1 1 1 1 1 1 1 1 1 1 0.25 0.125 0.10526 0 0 0 0 0.066667 0.090909 0.095238 0.2 0 0.66667 0.66667 0.33333 0 1 1 1 1 1 1 1 1 1 1 1 1 1 1 1 1 1 1 1 1 1 1 1 1 1 1 1 1 1 1 1 1 1 1 1 1 1 1 1 1 1
1 1 1 1 1 1 1 1 1 1 1 1 1 1 1 1 1 1 1 1 1 1 1 1 0.33333 0.066667 0.095238 0.10526 0.125 0.125 0.10526 0.090909 0.10526 0 0 0 0.33333 0.125 0.5 0 1 1 1 1 1 1 1 1 1 1 1 1 1 1 1 1 1 0 0 0 0 0 1 1 1 1 1 1 1 1 1 1 1 1 1 1 1 1 1 1
1 1 1 1 1 1 1 1 1 1 1 1 1 1 1 1 1 1 1 1 1 1 1 1 0 0.095238 0.125 0.13043 0.095238 0.10526 0.095238 0.1 0.125 0 1 0 0.25 1 0.33333 0 0 1 1 1 1 1 1 1 1 1 1 1 1 1 1 0.5 0.10526 0.25 0.11765 0.25 0.28571 0.4 0 0 1 1 1 1 1 1 1 1 1 1 1 1 1 1 1 1
1 1 1 1 1 1 1 1 1 1 1 1 1 1 1 1 1 1 1 1 1 1 1 1 1 0.125 0.225 0.20513 0.225 0.20513 0.10345 0.13043 0.11111 0 1 1 1 0.4 0 0 0 0 0 1 1 1 1 1 1 1 1 1 1 0 0.5 0.11111 0.13043 0.25 0.66667 0.66667 0.66667 0.25 0.25 1 0 1 1 1 1 1 1 1 1 1 1 1 1 1 1 1
1 1 1 1 1 1 1 1 1 1 1 1 0 1 1 1 1 1 1 1 1 1 1 1 1 0.10345 0.12 0.21622 0.225 0.21951 0.20513 0.21622 0.095238 0.2 0 0 1 1 1 1 0 0 0 0 1 1 1 1 1 0 0 0 0.5 0.66667 0.10526 0.11111 0.10526 0.66667 1 1 0.5 0.5 0.125 0.28571 0.5 0.5 1 1 1 1 1 1 1 1 1 1 1 1 1 1
1 1 1 1 1 1 1 1 1 1 0 0 0 0 0 1 1 1 1 1 1 1 1 1 1 1 0.1 0.095238 0.13043 0.19355 0.20513 0.225 0.125 0.095238 0.10526 0.13333 0 0 1 1 1 1 1 1 1 1 1 0 0 0 0 0.5 0.5 0.125 0.1 0.11111 0.125 0 1 0 0.5 0.22222 0.090909 0.1 0.125 0.5 0.5 0 1 1 1 1 1 1 1 1 1 1 1 1
1 1 1 1 1 1 1 1 1 1 0 0 0.076923 0 0 0 0 1 1 1 1 1 1 1 1 1 1 0 0.13333 0.125 0.21622 0.23256 0.19355 0.125 0.125 0.13043 0.10526 0 1 1 1 1 1 1 1 1 1 1 0 0 0.5 1 0.25 0.11538 0.13043 0.13636 0.66667 1 1 1 0.66667 0.13043 0.1 0.125 0.090909 0.10526 0.5 0.66667 0.5 0 1 1 1 1 1 1 1 1 1 1
1 1 1 1 1 1 1 1 1 1 0 0 0.068966 0.086957 0 0 0 0 0 1 1 1 1 1 1 1 1 1 0.33333 0.095238 0.125 0.2 0.10345 0.12 0.12 0.12 0.090909 0.095238 1 1 1 1 1 1 1 1 1 1 1 1 0 0.5 0.10526 0.13043 0.13043 0.13043 0.66667 1 1 1 0.5 0.13043 0.10345 0.13043 0.10526 0.25 0.25 0.5 0.66667 0.5 0 1 1 1 1 1 1 1 1 1
1 1 1 1 1 1 1 1 1 0 0 0 0 0.08 0.08 0 0 0.08 0.076923 0.093023 0.10714 0.072289 0.093023 1 1 1 1 0 0.086957 0.125 0.13043 0.13043 0.13043 0.125 0.125 0.10345 0.2 0.10345 0.095238 0 1 1 1 1 1 1 1 1 1 1 0 0.66667 0.28571 0.25 0.5 0.5 0 1 1 0 0.5 0.66667 0.22222 0.5 0.25 0.25 0.25 0.25 0.66667 0.5 0.5 0 1 1 1 1 1 1 1 1
1 1 1 1 1 1 1 1 1 0 1 0 0 0 0 0 0.08 0.075 0.073171 0.072289 0.10714 0.075 0.08 0 0 1 1 1 0.19355 0.10345 0.095238 0.10526 0.095238 0.090909 0.125 0.21429 0.20513 0.19355 0.125 0.1 0.11111 0 0 0 1 1 1 1 1 1 0.5 0.5 0.5 0 0 0 1 1 1 1 1 1 1 1 0 0.25 0.25 0.125 0.5 0.66667 0.5 0 1 1 1 1 1 1 1 1
1 1 1 1 1 1 1 1 1 0 0 0 0 0 1 0 0.068966 0.073171 0.073171 0.073171 0.075 0 1 0 0 0 0 1 0.19355 0.10345 0.10526 0.33333 0.066667 0.095238 0.090909 0.12 0.10345 0.125 0.095238 0.10526 0 0 0 1 1 1 1 1 0 0.66667 0.5 0 1 1 1 0.5 0.5 1 1 1 1 1 1 1 1 1 0 0.25 0.13636 0.25 0.5 0 1 1 1 1 1 1 1 1
1 1 1 1 1 1 1 1 0 0 0.095238 0.075 0.076923 0.051282 0.08 0.08 0.075 0.073171 0.071429 0.073171 0.071429 0 0 0 0 0.08 0.15 1 1 0.10345 0 0 0.33333 0.125 0.086957 0.090909 0.13043 0.090909 0.10526 0.11111 0 0 1 1 1 1 0 0 1 1 1 1 1 1 1 1 1 1 1 1 1 1 1 1 1 1 1 0.5 0.5 0.5 0.5 1 1 1 1 1 1 1 1 1
1 1 1 1 1 1 1 1 0 0 0.11905 0.095238 0.095238 0.090909 0.075 0.095238 0.090909 0.090909 0.059701 0.095238 0.14286 0.071429 0 0 0 0 0.086957 0.10345 1 0.081081 0 0.2 0.10526 0.10526 0.125 0.095238 0.13043 0.095238 0.10526 0.11111 0 1 1 1 1 1 0 0 1 1 1 1 1 0 0 1 1 1 1 1 1 1 1 1 1 1 1 1 1 0 0.66667 0 1 1 1 1 1 1 1 1
1 1 1 1 1 1 1 1 0 0 0.11905 0.11905 0.095238 0.095238 0.095238 0.071429 0.073171 0.073171 0.068966 0.10714 0.095238 0.08 0 0 0 0 0.086957 0.08 1 1 0.225 0.21053 0.10345 0.125 0.10345 0.23333 0.21622 0.13043 0.10526 0.125 0 1 1 1 1 1 0.052632 0.095238 1 1 1 1 0 0.10714 0.052632 0 0 1 1 1 1 1 1 1 1 1 1 1 1 1 1 0 1 1 1 1 1 1 1 1
1 1 1 1 1 1 1 0 0 0.073171 0.095238 0.095238 0.090909 0.093023 0.073171 0.051282 0.071429 0.08 0.071429 0.075 0.068966 0.086957 0 0 0 0.08 0.086957 0.043478 0.083333 1 0.2093 0.12048 0.225 0.10345 0.13043 0.21622 0.21951 0.086957 0.2 0 1 0.066667 0 0 0 0 0.13636 0.13043 0.125 0 1 1 0.0625 0.25806 0 1 0 0 1 1 1 1 1 1 1 1 1 1 1 1 1 1 1 1 1 1 1 1 1 1
1 1 1 1 1 1 1 0 0 0.058824 0.071429 0.071429 0.051282 0.054054 0.071429 0.071429 0.043478 0 0 1 0 0 0.076923 0.076923 0.071429 0 0 0 0 1 0.12048 0.13253 0.12 0.10526 0.10526 0.090909 0.090909 0.11111 1 1 1 1 0 0 1 1 0 0.066667 0.052632 0.10526 0.125 0.125 0.13043 0.125 0 1 0 0 0 0 0 0 1 1 1 1 1 1 1 1 1 1 1 1 1 1 1 1 1 1
1 1 1 1 1 1 1 0 0 0.083333 0.073171 0 0.054054 0.051282 0.075 0.071429 0 0 1 1 1 1 0.073171 0.095238 0.071429 0 1 1 0 1 0.21429 0.21951 0.2 0 0.33333 0.10526 0 1 1 1 1 0 0.052632 0.0625 0.052632 1 1 1 0 0 0.10526 0.086957 0.125 0.13043 0.066667 0 0 0.052632 0.086957 0.086957 0.095238 0.10526 0 0 0 1 1 1 1 1 1 1 1 1 1 1 1 1 1 1
1 1 1 1 1 1 0 0 0.071429 0.083333 0.071429 0.073171 0.071429 0.054054 0.090909 0.071429 0 0 1 1 1 1 0.08 0.090909 0.071429 0 1 1 0 1 1 0.20513 0.12 0.2 0 1 1 1 1 1 0 0.10526 0.090909 0.13043 0.125 0 1 1 0 0.0625 0.13043 0.13043 0.13043 0.095238 0.11111 0 0 0.095238 0.2 0.14815 0.1 0.18605 0.125 0.095238 0 1 1 1 1 1 1 1 1 1 1 1 1 1 1 1
1 1 1 1 1 1 0 0 0.090909 0.095238 0.073171 0.073171 0.076923 0 1 1 0 0 0 0 0 0 0.071429 0.075 0.075 0.054054 0.076923 0.043478 0.043478 0.076923 1 0.086957 0.095238 0.125 0 1 0 0 0.095238 0 0.066667 0.10526 0.095238 0.086957 0.125 0.125 0.24138 0.21053 0.125 0.23333 0.2069 0.095238 0.052632 0 0.066667 0.095238 0.095238 0.125 0.10256 0.10256 0.1 0.086957 0.10714 0.090909 0.095238 0.052632 0 0.052632 0.1 0 0 0 1 1 1 1 1 1 1 1
1 1 1 1 1 1 0 0 0.083333 0.095238 0.073171 0.073171 0.071429 0 0 0 0.08 0.090909 0.095238 0.075 0.073171 0.073171 0.073171 0.073171 0.073171 0.073171 0.073171 0.068966 0 0 0 1 0.090909 0.10526 0.33333 0 0 0 0.11111 0.095238 0.10526 0.10526 0.052632 0.095238 0.125 0.24138 0.21622 0.225 0.225 0.225 0.26667 0.052632 0 1 0 0 0.090909 0.125 0.1 0.12698 0.086957 0.10526 0.095238 0.095238 0.095238 0.052632 0.052632 0.10526 0.10526 0.052632 0.052632 0.0625 0 0 1 1 1 1 1 1
1 1 1 1 1 0 0 0.047619 0.095238 0.095238 0.073171 0.073171 0.071429 0 1 0.090909 0.095238 0.095238 0.090909 0.093023 0.073171 0.071429 0.095238 0.093023 0.095238 0.073171 0.073171 0.071429 0 0 0 1 0.10526 0.25 0 0 1 0 0 0 0.0625 0.066667 0.052632 0.095238 0.125 0.10345 0.25806 0.20513 0.225 0.225 0.2069 0.052632 0 1 1 0 0.052632 0.052632 0.052632 0 0 0 0 0.052632 0.095238 0.090909 0.095238 0.095238 0.095238 0.0625 0 0 0 0.095238 0 1 1 1 1 1
1 1 1 1 1 0 0 0.095238 0.10714 0.095238 0.090909 0.071429 0.071429 0 1 0 0.08 0.075 0.093023 0.093023 0.093023 0.093023 0.093023 0.095238 0.095238 0.073171 0.075 0.068966 0 0 0 1 1 1 1 0.052632 0.0625 0.125 0 0.11111 0.10526 0.090909 0.095238 0.095238 0.090909 0.13043 0.2069 0.21429 0.21622 0.26667 0.13043 0.095238 0.052632 1 1 1 0 0 1 1 0 0 0 0.0625 0.052632 0.095238 0.095238 0.095238 0.090909 0 1 1 1 0 1 1 1 1 1 1
1 1 1 1 1 0 0 0.095238 0.10714 0.095238 0.083333 0.093023 0.051282 0 0 0.071429 0.054054 0.075 0.071429 0.090909 0.095238 0.095238 0.058824 0.068966 0.090909 0.093023 0.090909 0.076923 0.08 0 0 1 1 1 1 0.052632 0.0625 0.095238 0.225 0.2 0.095238 0.095238 0 0 0.052632 0.10526 0.066667 0 0.095238 0.125 0.13043 0.095238 0.10526 0 1 1 1 1 1 1 0 0 0.095238 0.095238 0.10526 0.052632 0.095238 0.052632 0 0 1 1 1 0.052632 0 1 1 1 1 1
1 1 1 1 0 0 0.095238 0.10714 0.11905 0.10714 0.095238 0.058824 0.071429 0.073171 0.095238 0.095238 0.090909 0.073171 0.073171 0.075 0.068966 0.073171 0.073171 0.090909 0.090909 0.090909 0.093023 0.076923 0 0 1 1 1 1 0 1 0 0.066667 0.10526 0 0 1 1 0 0.066667 0 1 1 0 0.125 0.095238 0 0 0 0 0 0.052632 0 1 1 0 0.052632 0.083333 0.090909 0.086957 0.125 0.090909 0.095238 0.095238 0 0 0 0 0.086957 0.086957 0 0 1 1 1
1 1 1 1 0 0 0.095238 0.10714 0.12941 0.12941 0.10714 0.095238 0.095238 0.10714 0.10714 0.10714 0.068966 0.095238 0.054054 0 1 0 0.071429 0.073171 0.095238 0.095238 0.093023 0.068966 0 1 1 0 0.071429 1 1 0.13636 0.052632 0.052632 0 0 0 1 0 0 0.086957 0 1 1 1 0 1 1 1 1 0 0.095238 0.086957 0 1 1 0 0 0 0.052632 0.095238 0.086957 0.095238 0.052632 0 0 0 0 0.052632 0.086957 0.086957 0.052632 0 0 1 1
1 1 1 1 0 0 0.10714 0.10714 0.12644 0.12941 0.10714 0.10714 0.10714 0.11905 0.12791 0.047619 0.08 1 0 0 0 0 0.08 0.073171 0.071429 0.073171 0.073171 0.075 0.051282 0.073171 0.08 0.086957 0 0 1 1 1 0.11111 0.12 0 0 0.052632 0.047619 0.08 0.075 0.052632 1 1 1 1 1 1 1 0 0.095238 0.078947 0.078947 0.095238 0 0 0 0 0 0 0.052632 0.052632 0 0 0 0.052632 0.1 0.086957 0.083333 0.1 0.12 0.095238 0 0 0 0
1 1 1 0 0 0.095238 0.10714 0.095238 0.073171 0.071429 0.08 0 0.093023 0.10714 0.12941 0.068966 0 0 1 0 1 0 0 0.076923 0.075 0.076923 0.071429 0.075 0.058824 0.11905 0.093023 0 0 1 1 1 1 1 1 0 0 0.047619 0.08 0.081081 0.075 0.052632 1 1 1 1 1 1 0 0.095238 0.083333 0.2 0.19512 0.10345 0.086957 0.095238 0 0 0 0 0 0 0 0 0 0.1 0.052632 0.095238 0.086957 0.075 0.11538 0.052632 0 0 0 0
1 1 1 0 0 0.10714 0.10714 0.090909 1 0 0 0 0.073171 0.095238 0.12941 0.083333 0.068966 1 0 0 1 0 0 0.073171 0.076923 0.083333 0 0.08 0.075 0.10714 0.068966 1 1 1 1 1 1 1 1 0 0.05 0.071429 0.076923 0.10345 0.073171 0 1 1 1 1 1 1 0 0 0 0.083333 0.10345 0.10714 0.10714 0.086957 0 0 1 0 0 0.052632 0 0 0.052632 0.052632 0 0 0 0.052632 0 1 1 1 1 0
1 1 1 0 0 0.10714 0.095238 0.054054 1 0 0 0 0.071429 0.095238 0.12791 0.12941 0.059524 0.095238 0.071429 0 1 0 0.08 0.093023 0 0 1 0 0 0.071429 0 1 1 1 1 1 1 1 1 0 0.08 0.095238 0.081081 0.086957 0 0 1 1 1 1 1 1 0 0 1 0 0 0 0.095238 0.095238 0.052632 0 0 0 0 0 0 0 0 0 1 1 0 0 1 1 1 1 1 1
1 1 0 0 0.10714 0.10714 0.058824 0 0 0.071429 0.047619 0.12941 0.10714 0.12941 0.13636 0.13793 0.12941 0.10714 0.090909 0.071429 0 0.04 0 0 1 1 0 1 0 1 0 0 0 1 1 1 1 1 1 1 0.086957 0.081081 0.081081 0.08 0.08 0 1 1 1 1 1 1 1 0 1 1 1 1 0 0.095238 0.090909 0.090909 0.095238 0 0 1 0 0 0 1 1 1 1 0 1 1 1 1 1 1
1 1 0 0 0.10714 0.095238 0.073171 0 0.095238 0.10714 0.12791 0.14607 0.14607 0.13636 0.12644 0.12941 0.10714 0.095238 0.047619 0.090909 0.11905 0.068966 0 1 1 1 1 1 1 0 0 0 0 1 1 1 1 1 1 1 1 0.073171 0.073171 0.073171 0.073171 0.086957 0 0 0 1 1 1 1 0 1 1 1 1 1 0 0.05 0.095238 0.086957 0.052632 0 0 0 0 0 1 1 1 0 0 0 1 1 1 1 1
1 1 0 0 0.10714 0.083333 0.075 0.071429 0.10714 0.12941 0.13793 0.1573 0.1573 0.13636 0.12791 0.10714 0.090909 0.071429 0.051282 0.073171 0.071429 0 0 1 1 1 1 1 1 1 1 1 1 1 1 1 1 1 0 0.074074 1 0.093023 0.071429 0.071429 0.076923 0.08 0.047619 0.086957 0.05 0.047619 1 1 1 1 1 1 1 1 1 0 0 0 0.052632 0.095238 0.095238 0 0 0 1 1 1 0 0 0 0 1 1 1 0 0
