data/entities/Measures_gates_embank_pumps_5m3s/CaseDifferenceDepth_m.asc
ncols         98 
nrows         130 
xllcorner     530385.4375 
yllcorner     504074.10385949 
cellsize      100 
NODATA_value -9999 
[rows 90 to 119 of 130, columns 0 to 68 of 98]
-9999 -9999 -9999 -9999 -9999 -9999 -9999 -9999 -9999 -9999 -9999 -9999 -0.7896 -0.6549 -0.5767 -0.1073 -0.3854 -0.3847 -0.3844 -0.3844 -0.2996 -0.3566 -0.3896 -0.3894 -0.3891 -0.3889 -0.3887 -0.3886 -0.3885 -0.3882 -0.388 -0.3877 -0.3872 -0.3866 -0.3862 -0.3858 -0.3856 -0.3855 -0.3853 -0.3851 -0.3851 -0.3851 -0.3848 -0.3846 -0.3845 -0.3842 -0.3841 -0.3838 -0.3838 -0.3839 -0.3837 -0.3837 -0.3836 -0.3836 -0.3835 -0.3834 -0.3833 -0.1428 -0.05 -0.05 -0.05 -0.0501 -0.0504 -0.20815 -0.34492 -0.4268 -0.05 -0.05 -0.05
-9999 -9999 -9999 -9999 -9999 -9999 -9999 -9999 -9999 -9999 -9999 -9999 -9999 -9999 -0.9705 -0.5487 -0.4026 -0.3853 -0.3847 -0.3846 -0.3179 -0.3991 -0.3922 -0.3906 -0.3899 -0.3896 -0.3893 -0.3892 -0.3891 -0.389 -0.3888 -0.3886 -0.3881 -0.3875 -0.3869 -0.3866 -0.3863 -0.3862 -0.3861 -0.3859 -0.3858 -0.3856 -0.3854 -0.3853 -0.385 -0.3847 -0.3844 -0.3841 -0.384 -0.3839 -0.3839 -0.3838 -0.3837 -0.3836 -0.3836 -0.3127 -0.0546 -0.0587 -0.0501 -0.0501 -0.0501 -0.0501 -0.0501 -0.19765 -0.34572 -0.4254 -0.092949 -0.05 -0.05
-9999 -9999 -9999 -9999 -9999 -9999 -9999 -9999 -9999 -9999 -9999 -9999 -9999 -9999 -9999 -0.8291 -0.5076 -0.05 -0.0501 -0.183 -0.4123 -0.4033 -0.3958 -0.3918 -0.3905 -0.3901 -0.39 -0.3899 -0.3897 -0.3897 -0.3895 -0.3893 -0.3888 -0.3881 -0.3873 -0.3868 -0.3866 -0.3864 -0.3863 -0.3863 -0.386 -0.3857 -0.3856 -0.3854 -0.3852 -0.3849 -0.3847 -0.3845 -0.3842 -0.3841 -0.384 -0.3839 -0.3838 -0.3837 -0.3838 -0.151 -0.05 -0.0501 -0.24845 -0.25895 -0.28845 -0.36802 -0.28845 -0.34615 -0.34512 -0.4273 -0.32835 -0.0501 -0.05
-9999 -9999 -9999 -9999 -9999 -9999 -9999 -9999 -9999 -9999 -9999 -9999 -9999 -9999 -9999 -9999 -9999 -0.5359 -0.0998 -0.0501 -0.261 -0.4095 -0.3975 -0.3923 -0.391 -0.3907 -0.3907 -0.3909 -0.3909 -0.3908 -0.3904 -0.3902 -0.3899 -0.389 -0.3877 -0.3869 -0.3868 -0.3867 -0.3866 -0.3865 -0.3863 -0.3861 -0.3859 -0.3857 -0.3855 -0.3853 -0.3849 -0.3847 -0.3845 -0.3842 -0.3841 -0.384 -0.3838 -0.3837 -0.35247 -0.05 -0.0501 -0.19305 -0.32035 -0.38712 -0.39322 -0.37382 -0.37182 -0.36312 -0.35662 -0.4072 -0.42 -0.34522 -0.05
-9999 -9999 -9999 -9999 -9999 -9999 -9999 -9999 -9999 -9999 -9999 -9999 -9999 -9999 -9999 -9999 -9999 -9999 -9999 -0.5705 -0.3208 -0.05 -0.2836 -0.3955 -0.391 -0.391 -0.3916 -0.3929 -0.3936 -0.3938 -0.392 -0.3918 -0.3915 -0.3909 -0.3895 -0.299 -0.3871 -0.3871 -0.387 -0.3867 -0.3866 -0.3864 -0.3861 -0.3859 -0.3856 -0.3854 -0.3851 -0.3849 -0.3846 -0.3844 -0.3841 -0.384 -0.3839 -0.05 -0.05 -0.05 -0.18635 -0.18715 -0.21895 -0.27305 -0.36812 -0.37342 -0.36412 -0.36272 -0.35902 -0.3783 -0.4203 -0.4085 -0.34392
-9999 -9999 -9999 -9999 -9999 -9999 -9999 -9999 -9999 -9999 -9999 -9999 -9999 -9999 -9999 -9999 -9999 -9999 -9999 -9999 -0.8466 -0.4791 -0.2213 -0.0503 -0.1959 -0.3969 -0.3928 -0.3965 -0.3981 -0.3967 -0.3952 -0.3942 -0.3939 -0.3936 -0.392 -0.3384 -0.388 -0.3876 -0.3874 -0.3872 -0.3869 -0.3867 -0.3864 -0.3861 -0.3859 -0.3857 -0.3854 -0.385 -0.3847 -0.3845 -0.3844 -0.3733 -0.05 -0.05 -0.05 -0.05 -0.12685 -0.13635 -0.11875 -0.10575 -0.28335 -0.36542 -0.36312 -0.36132 -0.35912 -0.35002 -0.3888 -0.4165 -0.4154
-9999 -9999 -9999 -9999 -9999 -9999 -9999 -9999 -9999 -9999 -9999 -9999 -9999 -9999 -9999 -9999 -9999 -9999 -9999 -9999 -9999 -9999 -0.4623 -0.1136 -0.05 -0.1295 -0.2925 -0.404 -0.4003 -0.4014 -0.4002 -0.398 -0.397 -0.3964 -0.3954 -0.3928 -0.3903 -0.3886 -0.3879 -0.3876 -0.3873 -0.387 -0.3866 -0.3865 -0.3862 -0.3859 -0.3855 -0.3833 -0.3848 -0.3792 -0.2649 -0.0501 -0.0501 -0.05 -0.05 -0.05 -0.0531 -0.0514 -0.10995 -0.15215 -0.14255 -0.21425 -0.36292 -0.35952 -0.34472 -0.34482 -0.386 -0.4219 -0.4079
-9999 -9999 -9999 -9999 -9999 -9999 -9999 -9999 -9999 -9999 -9999 -9999 -9999 -9999 -9999 -9999 -9999 -9999 -9999 -9999 -9999 -9999 -9999 -9999 -0.2981 -0.2329 -0.0283 -0.05 -0.4103 -0.4038 -0.4035 -0.4031 -0.4042 -0.3997 -0.3974 -0.394 -0.3909 -0.3893 -0.3885 -0.3879 -0.3875 -0.3873 -0.387 -0.3868 -0.3864 -0.3863 -0.3859 -0.3859 -0.3854 -0.0501 -0.0501 -0.2567 -0.0501 -0.05 -0.05 -0.05 -0.0501 -0.0501 -0.11515 -0.17165 -0.05 -0.05 -0.21415 -0.33712 -0.34922 -0.34562 -0.379 -0.43302 -0.4164
-9999 -9999 -9999 -9999 -9999 -9999 -9999 -9999 -9999 -9999 -9999 -9999 -9999 -9999 -9999 -9999 -9999 -9999 -9999 -9999 -9999 -9999 -9999 -9999 -9999 -9999 -0.5429 -0.3454 -0.4302 -0.4054 -0.4052 -0.4065 -0.408 -0.4053 -0.4024 -0.3979 -0.3925 -0.3899 -0.3891 -0.3882 -0.3877 -0.3875 -0.3872 -0.387 -0.3867 -0.3864 -0.3862 -0.386 -0.05 -0.05 -0.5577 -0.5046 -0.4437 -0.1084 -0.0501 -0.0501 -0.12365 -0.23235 -0.28645 -0.28965 -0.29345 -0.20745 -0.18845 -0.34045 -0.35532 -0.34632 -0.34432 -0.3863 -0.3784
-9999 -9999 -9999 -9999 -9999 -9999 -9999 -9999 -9999 -9999 -9999 -9999 -9999 -9999 -9999 -9999 -9999 -9999 -9999 -9999 -9999 -9999 -9999 -9999 -9999 -9999 -9999 -9999 -0.561 -0.7254 -0.4086 -0.4127 -0.4116 -0.4116 -0.4113 -0.4111 -0.4046 -0.1321 -0.3728 -0.3881 -0.3878 -0.3875 -0.3874 -0.3872 -0.3871 -0.3868 -0.3865 -0.0501 -0.05 -0.3674 -0.3655 -0.6537 -0.7941 -0.7955 -0.42862 -0.0501 -0.36292 -0.36262 -0.36112 -0.35742 -0.35042 -0.35242 -0.35322 -0.35112 -0.35442 -0.34802 -0.34362 -0.35032 -0.34692
-9999 -9999 -9999 -9999 -9999 -9999 -9999 -9999 -9999 -9999 -9999 -9999 -9999 -9999 -9999 -9999 -9999 -9999 -9999 -9999 -9999 -9999 -9999 -9999 -9999 -9999 -9999 -9999 -0.4803 -0.05 -0.2183 -0.4214 -0.4122 -0.4119 -0.4118 -0.4118 -0.4105 -0.3673 -0.39 -0.3887 -0.3881 -0.3878 -0.3876 -0.3874 -0.3873 -0.3871 -0.05 -0.05 -0.7175 -0.4725 -0.4089 -0.6301 -0.7948 -0.7969 -0.7904 -0.0501 -0.36292 -0.36232 -0.35952 -0.35192 -0.35092 -0.34942 -0.35122 -0.34832 -0.34792 -0.34322 -0.35052 -0.35792 -0.0501
-9999 -9999 -9999 -9999 -9999 -9999 -9999 -9999 -9999 -9999 -9999 -9999 -9999 -9999 -9999 -9999 -9999 -9999 -9999 -9999 -9999 -9999 -9999 -9999 -9999 -9999 -9999 -9999 -9999 -0.0503 -0.0503 -0.2365 -0.4122 -0.4121 -0.4122 -0.4124 -0.4131 -0.4161 -0.4 -0.3905 -0.3884 -0.388 -0.3877 -0.3876 -0.3875 -0.0501 -0.05 -0.8504 -0.8437 -0.5266 -0.4091 -0.6885 -0.7967 -0.7979 -0.7153 -0.0501 -0.05 -0.18285 -0.34072 -0.34072 -0.35 -0.34172 -0.34182 -0.34192 -0.34212 -0.34242 -0.34942 -0.063349 -0.05
-9999 -9999 -9999 -9999 -9999 -9999 -9999 -9999 -9999 -9999 -9999 -9999 -9999 -9999 -9999 -9999 -9999 -9999 -9999 -9999 -9999 -9999 -9999 -9999 -9999 -9999 -9999 -9999 -0.195 -0.05 -0.05 -0.0503 -0.4125 -0.4123 -0.4124 -0.4127 -0.4143 -0.4477 -0.4005 -0.389 -0.3881 -0.3878 -0.3877 -0.3877 -0.05 -0.05 -0.8508 -0.8504 -0.8501 -0.8497 -0.7933 -0.7847 -0.8044 -0.8042 -0.7078 -0.0501 -0.05 -0.15235 -0.31035 -0.33792 -0.34422 -0.30955 -0.34702 -0.34752 -0.35242 -0.35032 -0.34232 -0.05 -0.3766
-9999 -9999 -9999 -9999 -9999 -9999 -9999 -9999 -9999 -9999 -9999 -9999 -9999 -9999 -9999 -9999 -9999 -9999 -9999 -9999 -9999 -9999 -9999 -9999 -9999 -9999 -9999 -9999 -0.05 -0.05 -0.05 -0.05 -0.05 -0.0505 -0.05 -0.0501 -0.0501 -0.05 -0.0501 -0.0501 -0.0501 -0.0501 -0.0501 -0.05 -0.0501 -0.8615 -0.855 -0.8508 -0.8478 -0.7979 -0.6513 -0.806 -0.8083 -0.8086 -0.7807 -0.0504 -0.4169 -0.4171 -0.32905 -0.33155 -0.33175 -0.16175 -0.071349 -0.31415 -0.35392 -0.48 -0.0501 -0.1702 -9999
-9999 -9999 -9999 -9999 -9999 -9999 -9999 -9999 -9999 -9999 -9999 -9999 -9999 -9999 -9999 -9999 -9999 -9999 -9999 -9999 -9999 -9999 -9999 -9999 -9999 -9999 -9999 -0.05 -0.05 -0.05 -0.05 -0.3241 -0.503 -0.6925 -0.673 -0.6568 -0.6101 -0.5689 -0.6231 -0.6251 -0.6433 -0.8305 -0.9063 -0.9408 -0.9079 -0.8762 -0.8737 -0.8748 -0.8512 -0.8178 -0.8295 -0.8219 -0.8199 -0.8186 -0.0502 -0.0501 -0.418 -0.4181 -0.4182 -0.4189 -0.418 -0.4051 -0.3604 -0.374 -0.4257 -0.0903 -0.0501 -9999 -9999
-9999 -9999 -9999 -9999 -9999 -9999 -9999 -9999 -9999 -9999 -9999 -9999 -9999 -9999 -9999 -9999 -9999 -9999 -9999 -9999 -9999 -9999 -9999 -9999 -9999 -9999 -0.3363 -0.5442 -0.4614 -0.5736 -0.7055 -0.7301 -0.7329 -0.6919 -0.6646 -0.6561 -0.6453 -0.6137 -0.6192 -0.5166 -0.2547 -0.5641 -0.8838 -0.9004 -0.8972 -0.8972 -0.9004 -0.903 -0.8625 -0.8429 -0.834 -0.8292 -0.8238 -0.821 -0.0501 -0.0501 -0.418 -0.418 -0.4182 -0.4183 -0.4181 -0.4117 -0.3544 -0.3619 -0.3495 -0.0507 -0.4583 -9999 -9999
-9999 -9999 -9999 -9999 -9999 -9999 -9999 -9999 -9999 -9999 -9999 -9999 -9999 -9999 -9999 -9999 -9999 -9999 -9999 -9999 -9999 -9999 -9999 -9999 -9999 -9999 -0.5505 -0.6926 -0.6488 -0.6784 -0.7609 -0.7778 -0.8195 -0.8153 -0.6647 -0.6555 -0.6495 -0.6264 -0.6241 -0.2634 -0.05 -0.3492 -0.8461 -0.8918 -0.897 -0.8983 -0.923 -0.9117 -0.8557 -0.8393 -0.8323 -0.8284 -0.8243 -0.8219 -0.05 -0.418 -0.418 -0.4182 -0.4182 -0.4183 -0.4181 -0.4084 -0.3523 -0.3587 -0.0737 -0.2906 -9999 -9999 -9999
-9999 -9999 -9999 -9999 -9999 -9999 -9999 -9999 -9999 -9999 -9999 -9999 -9999 -9999 -9999 -9999 -9999 -9999 -9999 -9999 -9999 -9999 -9999 -9999 -9999 -0.6833 -0.6348 -0.6188 -0.6289 -0.6411 -0.6452 -0.6253 -0.6206 -0.6219 -0.6571 -0.6554 -0.6527 -0.6342 -0.3979 -0.05 -0.2899 -0.813 -0.8251 -0.8383 -0.8508 -0.7977 -0.6971 -0.6333 -0.792 -0.8254 -0.8281 -0.8258 -0.8224 -0.8199 -0.05 -0.05 -0.05 -0.418 -0.4159 -0.4069 -0.3657 -0.3855 -0.3561 -0.2025 -0.1801 -9999 -9999 -9999 -9999
-9999 -9999 -9999 -9999 -9999 -9999 -9999 -9999 -9999 -9999 -9999 -9999 -9999 -9999 -9999 -9999 -9999 -9999 -9999 -9999 -9999 -9999 -9999 -9999 -9999 -0.7383 -0.6175 -0.5978 -0.575 -0.5405 -0.7824 -0.6332 -0.6269 -0.6222 -0.9564 -1.0267 -0.8841 -0.6465 -0.3856 -0.4826 -0.7109 -0.8125 -0.8122 -0.812 -0.7269 -0.7723 -0.6414 -0.5015 -0.7065 -0.8006 -0.808 -0.804 -0.79 -0.7534 -0.05 -0.3494 -0.3499 -0.05 -0.3843 -0.1234 -0.1758 -0.2692 -0.309 -0.2057 -0.523 -9999 -9999 -9999 -9999
-9999 -9999 -9999 -9999 -9999 -9999 -9999 -9999 -9999 -9999 -9999 -9999 -9999 -9999 -9999 -9999 -9999 -9999 -9999 -9999 -9999 -9999 -9999 -9999 -9999 -0.6608 -0.5945 -0.5983 -0.5395 -0.4401 -0.5066 -0.6218 -0.6554 -0.6383 -0.8755 -0.6376 -0.6299 -0.6838 -0.5259 -0.4931 -0.7041 -0.8025 -0.8028 -0.7672 -0.6734 -0.8863 -0.9007 -0.777 -0.7903 -0.7913 -0.793 -0.7803 -0.7581 -0.7067 -0.05 -0.2148 -0.3524 -0.3821 -0.3823 -0.3745 -0.2208 -0.2803 -0.2549 -0.3737 -9999 -9999 -9999 -9999 -9999
-9999 -9999 -9999 -9999 -9999 -9999 -9999 -9999 -9999 -9999 -9999 -9999 -9999 -9999 -9999 -9999 -9999 -9999 -9999 -9999 -9999 -9999 -9999 -9999 -9999 -9999 -9999 -9999 -9999 -9999 -9999 -9999 -9999 -9999 -9999 -9999 -9999 -0.8014 -0.4491 -0.6159 -0.7555 -0.7951 -0.7796 -0.7306 -0.6889 -0.8253 -0.9326 -0.8461 -0.8028 -0.7912 -0.7868 -0.7659 -0.7455 -0.6945 -0.0501 -0.2014 -0.0501 -0.3816 -0.3836 -0.3835 -0.1534 -0.3344 -0.306 -9999 -9999 -9999 -9999 -9999 -9999
-9999 -9999 -9999 -9999 -9999 -9999 -9999 -9999 -9999 -9999 -9999 -9999 -9999 -9999 -9999 -9999 -9999 -9999 -9999 -9999 -9999 -9999 -9999 -9999 -9999 -9999 -9999 -9999 -9999 -9999 -9999 -9999 -9999 -9999 -9999 -9999 -9999 -9999 -9999 -1.0451 -1.0248 -0.8009 -0.7224 -0.6918 -0.6853 -0.7706 -0.8554 -0.8347 -0.7914 -0.7702 -0.7537 -0.7364 -0.729 -0.7084 -0.0501 -0.2986 -0.2993 -0.3829 -0.3847 -0.3849 -0.172 -0.3442 -0.5762 -9999 -9999 -9999 -9999 -9999 -9999
-9999 -9999 -9999 -9999 -9999 -9999 -9999 -9999 -9999 -9999 -9999 -9999 -9999 -9999 -9999 -9999 -9999 -9999 -9999 -9999 -9999 -9999 -9999 -9999 -9999 -9999 -9999 -9999 -9999 -9999 -9999 -9999 -9999 -9999 -9999 -9999 -9999 -9999 -9999 -9999 -9999 -0.9339 -0.7031 -0.7013 -0.6818 -0.6832 -0.7102 -0.6902 -0.6996 -0.7001 -0.7044 -0.7195 -0.7202 -0.05 -0.0501 -0.377 -0.3818 -0.3838 -0.3859 -0.3887 -0.3143 -0.4434 -9999 -9999 -9999 -9999 -9999 -9999 -9999
-9999 -9999 -9999 -9999 -9999 -9999 -9999 -9999 -9999 -9999 -9999 -9999 -9999 -9999 -9999 -9999 -9999 -9999 -9999 -9999 -9999 -9999 -9999 -9999 -9999 -9999 -9999 -9999 -9999 -9999 -9999 -9999 -9999 -9999 -9999 -9999 -9999 -9999 -9999 -9999 -9999 -9999 -0.9097 -0.7302 -0.5954 -0.6178 -0.6697 -0.6829 -0.6856 -0.6875 -0.6895 -0.6927 -0.6945 -0.05 -0.0501 -0.3705 -0.3741 -0.369 -0.3739 -0.393 -0.4104 -9999 -9999 -9999 -9999 -9999 -9999 -9999 -9999
-9999 -9999 -9999 -9999 -9999 -9999 -9999 -9999 -9999 -9999 -9999 -9999 -9999 -9999 -9999 -9999 -9999 -9999 -9999 -9999 -9999 -9999 -9999 -9999 -9999 -9999 -9999 -9999 -9999 -9999 -9999 -9999 -9999 -9999 -9999 -9999 -9999 -9999 -9999 -9999 -9999 -9999 -9999 -1.0766 -0.8 -0.6804 -0.6806 -0.6824 -0.6834 -0.6848 -0.685 -0.5029 -0.2557 -0.0501 -0.1857 -0.2023 -0.1675 -0.3321 -0.309 -0.346 -0.6186 -9999 -9999 -9999 -9999 -9999 -9999 -9999 -9999
-9999 -9999 -9999 -9999 -9999 -9999 -9999 -9999 -9999 -9999 -9999 -9999 -9999 -9999 -9999 -9999 -9999 -9999 -9999 -9999 -9999 -9999 -9999 -9999 -9999 -9999 -9999 -9999 -9999 -9999 -9999 -9999 -9999 -9999 -9999 -9999 -9999 -9999 -9999 -9999 -9999 -9999 -9999 -9999 -0.6299 -0.9522 -0.6784 -0.3852 -0.5394 -0.6724 -0.6843 -0.3132 -0.05 -0.0501 -0.0671 -0.3366 -0.5939 -0.3885 -0.3361 -0.5158 -9999 -9999 -9999 -9999 -9999 -9999 -9999 -9999 -9999
-9999 -9999 -9999 -9999 -9999 -9999 -9999 -9999 -9999 -9999 -9999 -9999 -9999 -9999 -9999 -9999 -9999 -9999 -9999 -9999 -9999 -9999 -9999 -9999 -9999 -9999 -9999 -9999 -9999 -9999 -9999 -9999 -9999 -9999 -9999 -9999 -9999 -9999 -9999 -9999 -9999 -9999 -9999 -9999 -1.2854 -0.3147 -0.678 -0.4878 -0.5276 -0.5842 -0.5692 -0.2302 -0.05 -0.0501 -0.0501 -0.2365 -0.4139 -0.4144 -0.3969 -0.8239 -9999 -9999 -9999 -9999 -9999 -9999 -9999 -9999 -9999
-9999 -9999 -9999 -9999 -9999 -9999 -9999 -9999 -9999 -9999 -9999 -9999 -9999 -9999 -9999 -9999 -9999 -9999 -9999 -9999 -9999 -9999 -9999 -9999 -9999 -9999 -9999 -9999 -9999 -9999 -9999 -9999 -9999 -9999 -9999 -9999 -9999 -9999 -9999 -9999 -9999 -9999 -9999 -9999 -0.3153 -0.3083 -0.3109 -0.7706 -0.7878 -0.7303 -0.6012 -0.2698 -0.05 -0.0501 -0.0501 -0.0501 -0.3342 -0.447 -0.6376 -9999 -9999 -9999 -9999 -9999 -9999 -9999 -9999 -9999 -9999
-9999 -9999 -9999 -9999 -9999 -9999 -9999 -9999 -9999 -9999 -9999 -9999 -9999 -9999 -9999 -9999 -9999 -9999 -9999 -9999 -9999 -9999 -9999 -9999 -9999 -9999 -9999 -9999 -9999 -9999 -9999 -9999 -9999 -9999 -9999 -9999 -9999 -9999 -9999 -9999 -9999 -9999 -9999 -9999 -0.3446 -0.3129 -0.3101 -0.3365 -0.8931 -0.8703 -0.6681 -0.2977 -0.05 -0.0501 -0.0501 -0.2597 -0.5861 -0.4675 -0.9529 -9999 -9999 -9999 -9999 -9999 -9999 -9999 -9999 -9999 -9999
-9999 -9999 -9999 -9999 -9999 -9999 -9999 -9999 -9999 -9999 -9999 -9999 -9999 -9999 -9999 -9999 -9999 -9999 -9999 -9999 -9999 -9999 -9999 -9999 -9999 -9999 -9999 -9999 -9999 -9999 -9999 -9999 -9999 -9999 -9999 -9999 -9999 -9999 -9999 -9999 -9999 -9999 -9999 -9999 -9999 -0.3144 -0.3381 -0.895 -0.8945 -0.8979 -0.6915 -0.4239 -0.0853 -0.0501 -0.3049 -0.5494 -0.6419 -0.8617 -9999 -9999 -9999 -9999 -9999 -9999 -9999 -9999 -9999 -9999 -9999
