data/entities/Measures_gates_embank_pumps_5m3s/CaseDifferenceDepth_m.asc
ncols         98 
nrows         130 
xllcorner     530385.4375 
yllcorner     504074.10385949 
cellsize      100 
NODATA_value -9999 
[rows 0 to 29 of 130, columns 0 to 68 of 98]
-9999 -9999 -9999 -9999 -9999 -9999 -9999 -9999 -9999 -9999 -9999 -9999 -9999 -9999 -9999 -9999 -9999 -9999 -9999 -9999 -9999 -9999 -9999 -9999 -9999 -9999 -9999 -9999 -9999 -9999 -9999 -9999 -9999 -9999 -9999 -9999 -9999 -9999 -9999 -9999 -9999 -9999 -9999 -9999 -9999 -9999 -9999 -9999 -9999 -9999 -9999 -9999 -9999 -9999 -9999 -9999 -9999 -9999 -9999 -9999 -9999 -9999 -9999 -9999 -9999 -9999 -9999 -9999 -9999
-9999 -9999 -9999 -9999 -9999 -9999 -9999 -9999 -9999 -9999 -9999 -9999 -9999 -9999 -9999 -9999 -9999 -9999 -9999 -9999 -9999 -9999 -9999 -9999 -0.7544 -0.7833 -0.8224 -0.7595 -0.6857 -0.5539 -0.4855 -0.4346 -0.4096 -0.3805 -0.3408 -0.3375 -0.3442 -0.3506 -0.3588 -9999 -9999 -9999 -9999 -9999 -9999 -9999 -9999 -9999 -9999 -9999 -9999 -9999 -9999 -9999 -9999 -9999 -9999 -9999 -9999 -9999 -9999 -9999 -9999 -9999 -9999 -9999 -9999 -9999 -9999
-9999 -9999 -9999 -9999 -9999 -9999 -9999 -9999 -9999 -9999 -9999 -9999 -9999 -9999 -9999 -9999 -9999 -9999 -9999 -9999 -9999 -9999 -0.7772 -0.7095 -0.6789 -0.1765 -0.1766 -0.1765 -0.1764 -0.1763 -0.176 -0.176 -0.3997 -0.3748 -0.2714 -0.2264 -0.2712 -0.2803 -0.2751 -0.2749 -0.3027 -0.3297 -0.3542 -0.3642 -0.373 -0.3843 -0.3982 -9999 -9999 -9999 -9999 -9999 -9999 -9999 -9999 -9999 -9999 -9999 -9999 -9999 -9999 -9999 -9999 -9999 -9999 -9999 -9999 -9999 -9999
-9999 -9999 -9999 -9999 -9999 -9999 -9999 -9999 -9999 -9999 -9999 -9999 -9999 -9999 -9999 -9999 -9999 -9999 -9999 -9999 -0.05 -0.05 -0.05 -0.5979 -0.1766 -0.1765 -0.1765 -0.1764 -0.1762 -0.1761 -0.1759 -0.1757 -0.1753 -0.173 -0.1699 -0.1528 -0.1334 -0.1239 -0.1171 -0.2202 -0.2305 -0.25 -0.2884 -0.263 -0.2456 -0.2423 -0.243 -0.2449 -0.2504 -0.2594 -0.2714 -0.2866 -0.3051 -0.3277 -9999 -9999 -9999 -9999 -9999 -9999 -9999 -9999 -9999 -9999 -9999 -9999 -9999 -9999 -9999
-9999 -9999 -9999 -9999 -9999 -9999 -9999 -9999 -9999 -9999 -9999 -9999 -9999 -9999 -9999 -9999 -9999 -9999 -9999 -0.05 -0.05 -0.05 -0.05 -0.1766 -0.1766 -0.1765 -0.1765 -0.1765 -0.1762 -0.176 -0.176 -0.1757 -0.1754 -0.1736 -0.1577 -0.1408 -0.129 -0.1225 -0.1133 -0.093 -0.0654 -0.058 -0.0436 0 -0.0152 -0.0339 -0.0448 -0.1372 -0.1135 -0.0932 -0.0781 -0.0679 -0.0621 -0.0582 -0.0516 -0.0506 -0.0509 -0.0658 -0.1083 -0.1507 -0.1881 -0.2263 -9999 -9999 -9999 -9999 -9999 -9999 -9999
-9999 -9999 -9999 -9999 -9999 -9999 -9999 -9999 -9999 -9999 -9999 -9999 -9999 -9999 -9999 -9999 -9999 -0.05 -0.05 -0.05 -0.05 -0.05 -0.05 -0.05 -0.1766 -0.1766 -0.1766 -0.1766 -0.1765 -0.1764 -0.1762 -0.176 -0.1757 -0.173 -0.156 -0.136 -0.1248 -0.1208 -0.1115 -0.0923 -0.0707 -0.0475 -0.0294 -0.0063 -0.0042 -0.0189 -0.0301 -0.0425 -0.052 -0.0584 -0.0697 -0.0735 -0.0675 -0.0618 -0.0542 -0.0568 -0.2057 -0.3224 -0.5031 -0.5346 -0.4633 -0.3881 -0.2813 -0.1411 -9999 -9999 -9999 -9999 -9999
-9999 -9999 -9999 -9999 -9999 -9999 -9999 -9999 -9999 -9999 -9999 -9999 -9999 -9999 -9999 -0.05 -0.05 -0.05 -0.05 -0.05 -0.05 -0.05 -0.05 -0.05 -0.1765 -0.1767 -0.1766 -0.1766 -0.1765 -0.1766 -0.1764 -0.1764 -0.1761 -0.1746 -0.1461 -0.1267 -0.1217 -0.1192 -0.1092 -0.09 -0.0719 -0.0568 -0.0419 -0.0254 -0.0147 -0.0246 -0.0358 -0.0488 -0.0607 -0.073 -0.0883 -0.0888 -0.0892 -0.0898 -0.0901 -0.09 -0.0899 -0.0896 -0.089 -0.0884 -0.088 -0.0864 -0.4965 -0.3234 -0.05 -0.05 -0.05 -9999 -9999
-9999 -9999 -9999 -9999 -9999 -9999 -9999 -9999 -9999 -9999 -9999 -9999 -9999 -9999 -0.05 -0.05 -0.05 -0.05 -0.05 -0.05 -0.05 -0.05 -0.05 -0.05 -0.05 -0.1766 -0.1766 -0.1766 -0.1766 -0.1766 -0.1767 -0.1765 -0.1764 -0.1761 -0.1151 -0.1328 -0.1196 -0.1169 -0.1024 -0.085 -0.07 -0.0601 -0.0527 -0.0454 -0.0405 -0.0407 -0.0532 -0.0672 -0.0839 -0.0907 -0.0905 -0.0905 -0.0903 -0.0902 -0.0901 -0.09 -0.0899 -0.0897 -0.089 -0.0879 -0.0872 -0.0862 -0.0855 -0.0853 -0.4015 -0.2192 -0.0501 -0.05 -0.05
-9999 -9999 -9999 -9999 -9999 -9999 -9999 -9999 -9999 -9999 -9999 -9999 -0.8563 -0.05 -0.05 -0.05 -0.05 -0.05 -0.05 -0.05 -0.05 -0.05 -0.05 -0.05 -0.05 -0.1766 -0.1765 -0.1766 -0.1765 -0.1766 -0.1766 -0.1767 -0.1767 -0.1767 -0.1767 -0.1761 -0.1535 -0.05 -0.0632 -0.0698 -0.0649 -0.0602 -0.057 -0.0544 -0.0536 -0.0555 -0.0669 -0.0814 -0.0912 -0.091 -0.0907 -0.0904 -0.0903 -0.0902 -0.0901 -0.09 -0.09 -0.0899 -0.0895 -0.0877 -0.0864 -0.0861 -0.0858 -0.0857 -0.0857 -0.0858 -0.0853 -0.05 -0.05
-9999 -9999 -9999 -9999 -9999 -9999 -9999 -9999 -9999 -9999 -0.957 -0.8526 -0.7588 -0.747 -0.296 -0.05 -0.05 -0.05 -0.05 -0.05 -0.05 -0.05 -0.05 -0.05 -0.05 -0.05 -0.1766 -0.1765 -0.1766 -0.1767 -0.1767 -0.1768 -0.1766 -0.1767 -0.1768 -0.1767 -0.1767 -0.1767 -0.05 -0.0569 -0.0603 -0.0597 -0.0589 -0.0588 -0.0604 -0.0665 -0.0765 -0.0915 -0.0914 -0.091 -0.0907 -0.0904 -0.0903 -0.0902 -0.0902 -0.0901 -0.0901 -0.09 -0.0894 -0.0875 -0.0862 -0.0859 -0.0859 -0.0858 -0.0859 -0.0858 -0.0858 -0.0858 -0.0858
-9999 -9999 -9999 -9999 -9999 -9999 -9999 -9999 -9999 -9999 -0.8846 -0.8018 -0.2961 -0.2947 -0.296 -0.2961 -0.296 -0.05 -0.05 -0.05 -0.05 -0.05 -0.05 -0.05 -0.05 -0.05 -0.1734 -0.1764 -0.1767 -0.1768 -0.1768 -0.1768 -0.1768 -0.1767 -0.1768 -0.1768 -0.1768 -0.1767 -0.05 -0.05 -0.0588 -0.0603 -0.061 -0.0625 -0.0657 -0.072 -0.0843 -0.0921 -0.0915 -0.0909 -0.0905 -0.0903 -0.0903 -0.0902 -0.0901 -0.0901 -0.0901 -0.0882 -0.05 -0.0875 -0.0858 -0.0858 -0.0858 -0.0858 -0.0858 -0.0858 -0.0858 -0.0858 -0.0857
-9999 -9999 -9999 -9999 -9999 -9999 -9999 -9999 -9999 -9999 -0.8475 -0.7522 -0.296 -0.2961 -0.2965 -0.297 -0.2972 -0.2974 -0.2973 -0.05 -0.05 -0.05 -0.05 -0.05 -0.05 -0.05 -0.05 -0.1762 -0.177 -0.177 -0.1769 -0.1768 -0.1768 -0.1767 -0.1767 -0.1767 -0.1767 -0.1767 -0.171 -0.05 -0.0598 -0.0704 -0.0685 -0.0696 -0.0716 -0.0783 -0.0958 -0.0924 -0.0916 -0.0909 -0.0906 -0.0903 -0.0902 -0.0902 -0.0902 -0.0902 -0.0901 -0.0501 -0.05 -0.0859 -0.0859 -0.0859 -0.0858 -0.0857 -0.0858 -0.0858 -0.0858 -0.0857 -0.0858
-9999 -9999 -9999 -9999 -9999 -9999 -9999 -9999 -9999 -0.9441 -0.6259 -0.2962 -0.2963 -0.2966 -0.2967 -0.2971 -0.2974 -0.2978 -0.2978 -0.2979 -0.298 -0.2979 -0.2979 -0.05 -0.05 -0.05 -0.05 -0.1776 -0.1776 -0.1775 -0.1771 -0.1769 -0.1768 -0.1768 -0.1767 -0.1768 -0.1767 -0.1767 -0.1767 -0.1765 -0.1616 -0.1296 -0.0996 -0.089 -0.0813 -0.0855 -0.0959 -0.1009 -0.0915 -0.0906 -0.0907 -0.0904 -0.0901 -0.0901 -0.0902 -0.0901 -0.0902 -0.0593 -0.05 -0.0858 -0.0857 -0.0858 -0.0858 -0.0857 -0.0858 -0.0858 -0.0857 -0.0857 -0.0858
-9999 -9999 -9999 -9999 -9999 -9999 -9999 -9999 -9999 -0.8381 -0.1335 -0.2961 -0.2969 -0.2977 -0.2969 -0.2974 -0.2979 -0.2978 -0.2978 -0.2979 -0.2979 -0.2979 -0.2975 -0.2929 -0.2685 -0.05 -0.05 -0.05 -0.178 -0.178 -0.1774 -0.1769 -0.1767 -0.1767 -0.1767 -0.1767 -0.1766 -0.1767 -0.1767 -0.1766 -0.1763 -0.1752 -0.1712 -0.1606 -0.1322 -0.1091 -0.0524 -0.05 -0.0501 -0.0918 -0.092 -0.0909 -0.0904 -0.0901 -0.0901 -0.09 -0.0899 -0.0886 -0.0872 -0.086 -0.0854 -0.0501 -0.0836 -0.0856 -0.0857 -0.0857 -0.0857 -0.0857 -0.0857
-9999 -9999 -9999 -9999 -9999 -9999 -9999 -9999 -9999 -0.7623 -0.3346 -0.2989 -0.2987 -0.2985 -0.2804 -0.2977 -0.298 -0.298 -0.2979 -0.2978 -0.2979 -0.2975 -0.063 -0.2554 -0.2526 -0.2489 -0.2482 -0.05 -0.1782 -0.1788 -0.1777 -0.177 -0.1768 -0.1766 -0.1768 -0.1766 -0.1766 -0.1767 -0.1766 -0.1765 -0.1763 -0.1754 -0.1721 -0.1588 -0.1419 -0.1356 -0.1425 -0.1213 -0.109 -0.0984 -0.0951 -0.092 -0.0906 -0.0742 -0.09 -0.0899 -0.0899 -0.089 -0.0879 -0.0501 -0.05 -0.05 -0.05 -0.05 -0.05 -0.0852 -0.0857 -0.0857 -0.0857
-9999 -9999 -9999 -9999 -9999 -9999 -9999 -9999 -0.9616 -0.7156 -0.2997 -0.2996 -0.2996 -0.2992 -0.2989 -0.2986 -0.2981 -0.2981 -0.2979 -0.2979 -0.2979 -0.2973 -0.2638 -0.2531 -0.2506 -0.2487 -0.2481 -0.05 -0.05 -0.1818 -0.1783 -0.1768 -0.1767 -0.1766 -0.1767 -0.1766 -0.1767 -0.1767 -0.1766 -0.1766 -0.1764 -0.1755 -0.1563 -0.0501 -0.0501 -0.139 -0.1997 -0.2077 -0.1285 -0.05 -0.0666 -0.0685 -0.0884 -0.0928 -0.1006 -0.0906 -0.0886 -0.0503 -0.05 -0.05 -0.05 -0.05 -0.05 -0.05 -0.05 -0.05 -0.0853 -0.0857 -0.0856
-9999 -9999 -9999 -9999 -9999 -9999 -9999 -9999 -0.9006 -0.6941 -0.2997 -0.2996 -0.2996 -0.2992 -0.299 -0.2987 -0.2983 -0.2981 -0.298 -0.2979 -0.2978 -0.2978 -0.2669 -0.2534 -0.2517 -0.249 -0.2455 -0.2391 -0.05 -0.1849 -0.18 -0.1775 -0.1768 -0.1768 -0.1767 -0.1766 -0.1766 -0.1767 -0.1766 -0.1766 -0.1765 -0.1755 -0.0745 -0.05 -0.05 -0.0595 -0.2106 -0.2102 -0.05 -0.05 -0.05 -0.05 -0.1026 -0.2069 -0.1888 -0.145 -0.0861 -0.0501 -0.05 -0.05 -0.05 -0.05 -0.05 -0.05 -0.05 -0.05 -0.05 -0.0853 -0.0856
-9999 -9999 -9999 -9999 -9999 -9999 -9999 -9999 -0.8495 -0.7009 -0.2997 -0.2997 -0.2996 -0.2993 -0.2992 -0.2987 -0.2984 -0.2982 -0.2979 -0.2979 -0.2979 -0.2977 -0.2851 -0.2602 -0.2588 -0.2522 -0.2486 -0.246 -0.05 -0.05 -0.1768 -0.1768 -0.1768 -0.1768 -0.1767 -0.1767 -0.1767 -0.1767 -0.1766 -0.1765 -0.1762 -0.177 -0.1425 -0.05 -0.05 -0.2122 -0.2128 -0.2127 -0.1416 -0.05 -0.05 -0.05 -0.2151 -0.2159 -0.2158 -0.2154 -0.2151 -0.1545 -0.05 -0.05 -0.05 -0.05 -0.05 -0.05 -0.05 -0.05 -0.05 -0.05 -0.05
-9999 -9999 -9999 -9999 -9999 -9999 -9999 -0.9728 -0.8092 -0.301 -0.3003 -0.3 -0.2998 -0.2995 -0.2993 -0.2989 -0.2985 -0.2981 -0.2979 -0.2979 -0.2977 -0.2965 -0.2881 -0.2799 -0.2699 -0.2608 -0.2522 -0.2499 -0.2511 -0.05 -0.1767 -0.1767 -0.1768 -0.1767 -0.1767 -0.1766 -0.1767 -0.1768 -0.1767 -0.1764 -0.1771 -0.2139 -0.2136 -0.2136 -0.213 -0.2129 -0.2127 -0.2127 -0.2127 -0.2125 -0.05 -0.1174 -0.2159 -0.2159 -0.2158 -0.2152 -0.2168 -0.2227 -0.2226 -0.1743 -0.1127 -0.1053 -0.05 -0.05 -0.05 -0.05 -0.05 -0.05 -0.05
-9999 -9999 -9999 -9999 -9999 -9999 -9999 -0.9271 -0.7827 -0.3019 -0.3014 -0.3003 -0.2999 -0.2996 -0.2992 -0.2991 -0.2987 -0.2982 -0.2966 -0.2255 -0.2897 -0.2893 -0.2876 -0.2875 -0.2833 -0.2702 -0.2511 -0.25 -0.2521 -0.05 -0.1767 -0.1767 -0.1768 -0.1767 -0.1766 -0.1765 -0.1767 -0.1776 -0.1879 -0.091 -0.05 -0.2097 -0.2149 -0.2149 -0.05 -0.2127 -0.2126 -0.2128 -0.2131 -0.2136 -0.2134 -0.2156 -0.2161 -0.216 -0.2158 -0.2158 -0.2316 -0.2318 -0.2317 -0.2316 -0.2315 -0.2312 -0.1514 -0.05 -0.05 -0.05 -0.05 -0.05 -0.05
-9999 -9999 -9999 -9999 -9999 -9999 -9999 -0.8893 -0.7734 -0.3029 -0.3027 -0.3013 -0.3006 -0.2999 -0.2991 -0.299 -0.2986 -0.2967 -0.172 -0.05 -0.05 -0.264 -0.2888 -0.2891 -0.2881 -0.2731 -0.0501 -0.1616 -0.2593 -0.05 -0.1767 -0.1767 -0.1766 -0.1766 -0.1765 -0.1765 -0.1765 -0.177 -0.05 -0.05 -0.2022 -0.2127 -0.2159 -0.2168 -0.2173 -0.2149 -0.1302 -0.1217 -0.2136 -0.2154 -0.2161 -0.2162 -0.2162 -0.216 -0.2164 -0.2201 -0.2305 -0.2319 -0.232 -0.2319 -0.2318 -0.2318 -0.2317 -0.2316 -0.2316 -0.05 -0.05 -0.05 -0.05
-9999 -9999 -9999 -9999 -9999 -9999 -0.9824 -0.8598 -0.3052 -0.3045 -0.3039 -0.3035 -0.3025 -0.3004 -0.2992 -0.299 -0.2981 -0.2961 -0.2754 -0.1536 -0.0501 -0.2727 -0.2903 -0.2902 -0.2905 -0.2911 -0.1988 -0.1695 -0.2803 -0.05 -0.05 -0.1766 -0.1764 -0.1764 -0.1763 -0.1365 -0.1777 -0.1922 -0.1764 -0.1405 -0.2175 -0.2171 -0.2172 -0.2173 -0.2175 -0.2176 -0.1369 -0.1492 -0.217 -0.2169 -0.2167 -0.2166 -0.2163 -0.2161 -0.2168 -0.2192 -0.2301 -0.2318 -0.2318 -0.2318 -0.2318 -0.2318 -0.232 -0.2323 -0.2324 -0.2244 -0.0506 -0.05 -0.05
-9999 -9999 -9999 -9999 -9999 -9999 -0.9471 -0.8406 -0.3055 -0.3054 -0.3049 -0.3045 -0.3036 -0.3019 -0.1866 -0.2608 -0.2976 -0.2966 -0.2966 -0.2959 -0.2946 -0.2937 -0.2926 -0.2923 -0.2927 -0.2932 -0.2932 -0.2932 -0.2926 -0.2925 -0.05 -0.1765 -0.1763 -0.1761 -0.1758 -0.176 -0.2122 -0.2168 -0.2176 -0.2177 -0.2176 -0.2175 -0.2173 -0.2175 -0.2176 -0.2177 -0.2175 -0.2174 -0.2173 -0.2173 -0.2171 -0.2168 -0.2165 -0.2161 -0.22 -0.2279 -0.2304 -0.2315 -0.2317 -0.2317 -0.2318 -0.2318 -0.2321 -0.2326 -0.2332 -0.2337 -0.2343 -0.2347 -0.2347
-9999 -9999 -9999 -9999 -9999 -9999 -0.9185 -0.8346 -0.3062 -0.3062 -0.3058 -0.3056 -0.3052 -0.3019 -0.2987 -0.2974 -0.2972 -0.297 -0.2969 -0.2964 -0.2957 -0.295 -0.294 -0.2935 -0.2934 -0.2934 -0.2934 -0.2934 -0.293 -0.2917 -0.2911 -0.05 -0.1761 -0.176 -0.176 -0.1809 -0.1983 -0.2167 -0.2176 -0.2178 -0.2176 -0.2177 -0.2176 -0.2178 -0.2178 -0.2177 -0.2176 -0.2175 -0.2173 -0.2173 -0.2172 -0.217 -0.2169 -0.2079 -0.2156 -0.2275 -0.2307 -0.2314 -0.2316 -0.2316 -0.2316 -0.2319 -0.2323 -0.233 -0.2335 -0.2341 -0.2347 -0.2348 -0.2347
-9999 -9999 -9999 -9999 -9999 -0.9918 -0.8978 -0.3076 -0.3072 -0.3071 -0.3068 -0.3066 -0.3063 -0.3053 -0.2065 -0.2974 -0.2974 -0.2972 -0.2969 -0.2965 -0.2958 -0.2951 -0.2944 -0.2939 -0.2936 -0.2935 -0.2935 -0.2935 -0.2933 -0.2921 -0.2898 -0.05 -0.176 -0.176 -0.176 -0.1848 -0.1945 -0.2169 -0.2177 -0.2179 -0.2179 -0.2177 -0.2177 -0.2179 -0.2179 -0.2178 -0.2177 -0.2175 -0.2174 -0.2173 -0.2172 -0.2172 -0.217 -0.05 -0.1361 -0.2278 -0.2305 -0.2314 -0.2314 -0.2314 -0.2315 -0.2321 -0.2332 -0.2338 -0.2343 -0.2347 -0.2348 -0.2348 -0.2347
-9999 -9999 -9999 -9999 -9999 -0.9628 -0.8849 -0.3076 -0.3075 -0.3074 -0.3074 -0.3072 -0.3071 -0.3061 -0.1132 -0.2988 -0.2982 -0.2976 -0.2971 -0.2966 -0.2959 -0.2953 -0.2946 -0.2941 -0.2938 -0.2935 -0.2936 -0.2934 -0.2934 -0.2935 -0.2901 -0.0941 -0.05 -0.05 -0.178 -0.2181 -0.2183 -0.2183 -0.2181 -0.218 -0.218 -0.2178 -0.2179 -0.2181 -0.2184 -0.2182 -0.2177 -0.2175 -0.2174 -0.2173 -0.2172 -0.2173 -0.2178 -0.1386 -0.0926 -0.1715 -0.2302 -0.2366 -0.2365 -0.1637 -0.2353 -0.2348 -0.2349 -0.2347 -0.2349 -0.2349 -0.2349 -0.2348 -0.2348
-9999 -9999 -9999 -9999 -9999 -0.938 -0.8804 -0.3077 -0.3078 -0.3077 -0.3077 -0.3075 -0.3076 -0.307 -0.3056 -0.3029 -0.3011 -0.299 -0.2978 -0.2967 -0.2959 -0.2954 -0.2947 -0.2942 -0.2939 -0.2937 -0.2936 -0.2934 -0.2934 -0.2934 -0.2918 -0.1427 -0.05 -0.05 -0.1678 -0.2182 -0.2182 -0.2184 -0.2181 -0.2181 -0.2179 -0.2179 -0.2178 -0.2205 -0.2224 -0.2205 -0.218 -0.2176 -0.2173 -0.2173 -0.2173 -0.2175 -0.2183 -0.218 -0.2185 -0.2217 -0.2034 -0.2385 -0.2374 -0.2367 -0.2364 -0.236 -0.2357 -0.2354 -0.2353 -0.2351 -0.2351 -0.235 -0.2348
-9999 -9999 -9999 -9999 -0.9997 -0.9176 -0.3083 -0.3081 -0.3081 -0.308 -0.308 -0.308 -0.3079 -0.3078 -0.3073 -0.3062 -0.3038 -0.3012 -0.299 -0.2972 -0.296 -0.2954 -0.2947 -0.2943 -0.2939 -0.2936 -0.2934 -0.2935 -0.2935 -0.2934 -0.2691 -0.2592 -0.1763 -0.05 -0.4009 -0.1899 -0.2186 -0.2187 -0.2182 -0.218 -0.2179 -0.0919 -0.1928 -0.2324 -0.2364 -0.2325 -0.2068 -0.0501 -0.2173 -0.2173 -0.2173 -0.2174 -0.2267 -0.2242 -0.245 -0.2483 -0.2481 -0.248 -0.2386 -0.2366 -0.236 -0.2359 -0.2358 -0.2357 -0.2357 -0.2357 -0.2356 -0.2354 -0.2352
-9999 -9999 -9999 -9999 -0.9728 -0.9034 -0.3083 -0.3082 -0.3081 -0.3081 -0.3081 -0.3081 -0.3082 -0.3083 -0.3078 -0.3071 -0.3047 -0.3026 -0.3001 -0.2985 -0.2921 -0.2962 -0.2947 -0.2941 -0.2938 -0.2936 -0.2933 -0.2933 -0.2933 -0.1245 -0.2707 -0.292 -0.2921 -0.05 -0.05 -0.2196 -0.2196 -0.22 -0.2189 -0.2179 -0.2219 -0.2437 -0.264 -0.2623 -0.2603 -0.2514 -0.0803 -0.05 -0.1175 -0.2169 -0.2126 -0.0502 -0.05 -0.1613 -0.2478 -0.2481 -0.248 -0.2479 -0.2444 -0.2186 -0.2362 -0.2355 -0.236 -0.236 -0.2361 -0.2359 -0.2357 -0.2358 -0.2351
-9999 -9999 -9999 -9999 -0.9503 -0.8995 -0.3086 -0.3085 -0.3081 -0.3081 -0.3082 -0.3082 -0.3085 -0.3088 -0.3089 -0.3085 -0.3068 -0.1756 -0.305 -0.3017 -0.2951 -0.2948 -0.2941 -0.2939 -0.2937 -0.2935 -0.2933 -0.2933 -0.2932 -0.2931 -0.2929 -0.2921 -0.2921 -0.2921 -0.05 -0.05 -0.05 -0.2234 -0.2284 -0.2377 -0.2609 -0.2683 -0.2683 -0.2675 -0.2668 -0.2655 -0.183 -0.05 -0.0876 -0.05 -0.05 -0.05 -0.2343 -0.2458 -0.2479 -0.2478 -0.2477 -0.2475 -0.2471 -0.2461 -0.2433 -0.2396 -0.2374 -0.2369 -0.2374 -0.2368 -0.2364 -0.2363 -0.2348
