data/entities/Measures_gates_embank_pumps_5m3s/CaseDifferenceDuration_fraction.asc
ncols         98 
nrows         130 
xllcorner     530385.4375 
yllcorner     504074.10385949 
cellsize      100 
NODATA_value -9999 
[rows 72 to 107 of 130, columns 0 to 79 of 98]
1 1 1 0 0 0.047619 0.059524 0.095238 0.11364 0.047619 0.052632 0 0.051282 0.059524 0.11236 0.11364 0.082353 0.059524 0.059524 0.091954 0.1236 0.11364 0.091954 0.093023 0.054054 0 0 0 0 0 0.073171 0.058824 0.058824 0.059524 0.047619 0.069767 0.058824 0.047619 0.047619 0.05814 0.079545 0.078652 0.05814 0.047619 0.051282 0.051282 0.073171 0.068182 0.047619 0.05814 0.058824 0.068966 0.068182 0.05814 0.059524 0.068182 0.05814 0.05814 0.058824 0.058824 0.047619 1 1 0 0 0 0.125 0.4 0.4 0.4 0.4 0.4 0.4 0.4 0.4 0.4 0.4 0.4 0.4 0.4
1 1 1 1 0 0 0.047619 0.059524 0.11364 0.094118 0.047619 0 0.054054 0.047619 0.11364 0.091954 0.082353 0.054054 0.047619 0.081395 0.1236 0.11236 0.093023 0.076923 0.073171 0.047619 0.10112 0.058824 0.05814 0.079545 0.068182 0.068966 0.089888 0.089888 0.089888 0.078652 0.068182 0.05814 0.058824 0.068966 0.079545 0.078652 0.05814 0.047619 0.069767 0.069767 0.073171 0.069767 0.047619 0.068966 0.068182 0.079545 0.10112 0.11236 0.068182 0.05814 0.068182 0.05814 0.05814 0.058824 0.047619 1 1 0 0 0 0.10526 0.4 0.4 0.4 0.4 0.4 0.4 0.4 0.4 0.4 0.4 0.4 0.4 0.4
1 1 1 1 0 0 0.069767 0.090909 0.047619 0.059524 0.059524 0.073171 0.073171 0.047619 0.093023 0.091954 0.058824 0.068182 0.047619 0.058824 0.11364 0.093023 0.058824 0.058824 0.059524 0.058824 0.059524 0.058824 0.068966 0.079545 0.079545 0.089888 0.098039 0.1 0.10112 0.10112 0.078652 0.078652 0.078652 0.089888 0.10112 0.078652 0.079545 0.05814 0.058824 0.047619 0.068182 0.047619 0.058824 0.068182 0.079545 0.078652 0.10112 0.078652 0.068966 0.058824 0.047619 0.047619 0.058824 0.058824 0.051724 0 1 0 0 0 0 0.4 0.4 0.4 0.4 0.4 0.4 0.4 0.4 0.4 0.4 0.4 0.4 0.4
1 1 1 1 0 0 0.073171 0.073171 0.073171 0.069767 0.047619 0.059524 0.059524 0.093023 0.11236 0.11236 0.091954 0.081395 0.047619 0.069767 0.073171 0.069767 0.047619 0.058824 0.05814 0.069767 0.068966 0.068182 0.079545 0.079545 0.078652 0.10112 0.10112 0.11111 0.11111 0.10112 0.11111 0.11111 0.1 0.11111 0.11111 0.11111 0.10112 0.078652 0.068182 0.068182 0.068182 0.068182 0.058824 0.047619 0.047619 0.058824 0.068182 0.079545 0.058824 0.047619 0.069767 0.068182 0.068182 0 0 0 1 0 0 0 0 0.4 0.4 0.4 0.25 0.22222 0.4 0.4 0.4 0.4 0.4 0.4 0.4 0.4
1 1 1 1 1 0 0 0.052632 0.035714 0.090909 0.059524 0.090909 0.10112 0.11236 0.10891 0.11236 0.090909 0.081395 0.068966 0.035714 1 0.034483 0.047619 0.089888 0.089888 0.10112 0.10112 0.089888 0.079545 0.068182 0.079545 0.10112 0.10989 0.10989 0.09901 0.11765 0.10784 0.11765 0.1165 0.11765 0.098039 0.09901 0.11111 0.1 0.10112 0.10112 0.10112 0.079545 0.047619 0.034483 0 0.069767 0.058824 0.068966 0.058824 0.059524 0.047619 0.034483 0 0 0 0 1 0 0 0 0 0.4 0.4 0.4 0 0 0.22222 0.4 0.4 0.4 0.4 0.4 0.4 0.22222
1 1 1 1 1 0 0 0.035714 0 0 0.069767 0.082353 0.11236 0.11236 0.11881 0.11236 0.090909 0.058824 0.047619 0.073171 0.076923 0.090909 0.05814 0.1 0.10112 0.10112 0.10112 0.068966 0.058824 0.079545 0.089888 0.10112 0.1 0.10989 0.09901 0.09901 0.098039 0.10784 0.10784 0.10784 0.10784 0.10784 0.09901 0.11111 0.1 0.10112 0.079545 0.068966 0.058824 0.058824 0.058824 0.058824 0.079545 0.057471 0.058824 0.047619 0.051282 0 0.10526 0.125 0.10526 0.10526 1 1 0 0 0.052632 0.4 0.4 0.4 0 0 0.25 0.4 0.4 0.4 0.4 0.4 0.4 0.22222
1 1 1 1 1 0 0 0 1 0 0.075 0.070588 0.11236 0.11236 0.11236 0.10227 0.081395 0.059524 0.058824 0.058824 0.069767 0.08046 0.079545 0.10112 0.078652 0.079545 0.058824 0 0.052632 0.078652 0.10112 0.10112 0.1 0.10112 0.10112 0.098039 0.11111 0.11111 0.098039 0.10989 0.098039 0.098039 0.10989 0.1 0.10112 0.079545 0.05814 0.05814 0.068182 0.10112 0.11236 0.078652 0.078652 0.05814 0.058824 0.051282 0 0.047619 0.4 0.4 0.4 0.4 0.4 1 0 0 0.10526 0.4 0.4 0.4 0 0 0.4 0.4 0.4 0.4 0.4 0.4 0.4 0.25
1 1 1 1 1 1 0 0 1 0 0.054054 0.10112 0.091954 0.090909 0.10227 0.091954 0.081395 0.070588 0.081395 0.08046 0.090909 0.081395 0.058824 0.059524 0.058824 0.05814 0.058824 0.073171 0.047619 0.058824 0.068966 0.068966 0.047619 0.047619 0.047619 0.069767 0.068966 0.047619 0.047619 0.068182 0.10112 0.11111 0.10112 0.10112 0.079545 0.068182 0.05814 0.058824 0.047619 0.047619 0.047619 0.047619 0.058824 0.047619 0 0 0.047619 0.10526 0.4 0.4 0.4 0.4 0.25 1 0 0 0.10526 0.4 0.4 0.4 0 0 0.4 0.4 0.4 0.4 0.4 0.4 0.4 0.4
1 1 1 1 1 1 0 0 0 0 0 0 0.090909 0.059524 0.081395 0.081395 0.081395 0.081395 0.08046 0.079545 0.10112 0.058824 0.090909 0 0.069767 0.059524 0.079545 0.047619 0.069767 0 0 1 0 0 0 0 0 0.068182 0.058824 0.068182 0.078652 0.10112 0.078652 0.079545 0.068182 0.05814 0.05814 0.058824 0.068182 0 0 0.051282 0.073171 0.051282 0 0.045455 0.041667 0.10526 0.4 0.4 0.4 0.4 0.13333 1 1 0 0.052632 0.4 0.4 0.4 0 0 0.4 0.4 0.4 0.4 0.4 0.4 0.4 0.4
1 1 1 1 1 1 0 0 0.054054 0.055556 0.076923 0 0.069767 0.059524 0.090909 0.090909 0.08046 0.081395 0.081395 0.08046 0.069767 0.058824 0.058824 0.076923 0.069767 0.047619 0.047619 0.068182 0.069767 0.075 0.034483 0 1 1 0.058824 0.047619 0.047619 0.068182 0.10784 0.09901 0.1 0.10112 0.078652 0.079545 0.068182 0.068966 0.058824 0.058824 0.047619 0.047619 0.047619 0.069767 0.069767 0.073171 0.034483 0.025641 0.034483 0.10526 0.4 0.4 0.4 0.4 0.25 0 1 0 0 0.4 0.4 0.4 0 0 0.25 0.4 0.4 0.4 0.4 0.4 0.4 0.4
1 1 1 1 1 1 1 0 0 0.068966 0.055556 0.069767 0.059524 0.070588 0.10227 0.090909 0.081395 0.059524 0.058824 0.081395 0.10112 0.070588 0.047619 0.047619 0.047619 0.047619 0.058824 0.069767 0.058824 0.047619 0.054054 0 1 0 0.069767 0.058824 0.05814 0.068182 0.10112 0.078652 0.078652 0.078652 0.078652 0.079545 0.068182 0.068966 0.05814 0.058824 0.058824 0.058824 0.058824 0.047619 0.058824 0.047619 0.069767 0.02439 0.035714 0.095238 0.4 0.4 0.4 0.4 0.4 0 1 0 0.10526 0.4 0.4 0.4 0 0 0 0.4 0.4 0.4 0.4 0.4 0.4 0.4
1 1 1 1 1 1 1 0 0 0 0.068966 0.090909 0.058824 0.082353 0.070588 0.08046 0.08046 0.090909 0.069767 0.081395 0.08046 0.059524 0.058824 0.076923 0.047619 0.059524 0.068966 0.068182 0.068182 0.068182 0.047619 0.051282 0.034483 0.073171 0.047619 0.058824 0.05814 0.068966 0.047619 0 0.073171 0.1 0.068966 0.068966 0.068966 0.068182 0.079545 0.068966 0.068182 0 0.034483 0.073171 0.047619 0.047619 0.022727 0.025641 0.041667 0 0.095238 0.4 0.4 0.4 0.4 0 1 0 0.05 0.4 0.4 0.4 0 0 0 0.125 0.4 0.4 0.4 0.4 0.4 0.4
1 1 1 1 1 1 1 0 0 0 0.076923 0.047619 0.058824 0.081395 0.10112 0.090909 0.091954 0.08046 0.081395 0.070588 0.059524 0.047619 0.069767 0.069767 0.047619 0.059524 0.058824 0.058824 0.058824 0.068182 0.059524 0.047619 0.047619 0.058824 0.058824 0.05814 0.068966 0.068182 0.047619 0 0 0.051282 0.059524 0.058824 0.058824 0.05814 0.068182 0.058824 0.034483 0 0 0 0.054054 0.051282 0.027027 0 0.13333 0 0 0 0.1 0.125 0.22222 0.13333 1 1 0.1 0.4 0.4 0.4 0 0 0 0 0.125 0.4 0.4 0.4 0.4 0.25
1 1 1 1 1 1 1 1 0 0 0.093023 0.059524 0.070588 0.091954 0.1 0.090909 0.070588 0.059524 0.059524 0.059524 0.093023 0.073171 0.090909 0.058824 0.047619 0.068182 0.068182 0.058824 0.068182 0.073171 0.047619 0.047619 0.058824 0.058824 0.068966 0.078652 0.078652 0.078652 0.10112 0.058824 0.058824 0.05814 0.059524 0.047619 0.047619 0.047619 0.058824 0.059524 0.075 0 0 0 0.05 0.051282 0.034483 0 0.095238 0.10526 0 0 0 0.10526 0.13333 0.13333 1 1 0.25 0.4 0.4 0.4 0.25 0 0 0 0.28571 0.4 0.4 0.4 0.4 0
1 1 1 1 1 1 1 1 0 0 0.059524 0.058824 0.058824 0.082353 0.08046 0.081395 0.059524 0.073171 0.058824 0.090909 0.073171 0.051282 0.054054 0 0 0 0.069767 0.047619 0.068966 0.073171 0.047619 0.047619 0.047619 0.058824 0.068182 0.1 0.1 0.078652 0.068182 0.078652 0.078652 0.078652 0.05814 0.047619 0.073171 0.069767 0.047619 0.047619 0.047619 0.047619 0.069767 0.034483 0 0 0.045455 0.125 0.4 0 0 0 0 0.125 0.4 0.125 1 1 0.28571 0.4 0.4 0.4 0.4 0 0 0.25 0.4 0.4 0.4 0.4 0.1 1
1 1 1 1 1 1 1 1 1 0 0 0.076923 0.052632 0.093023 0.070588 0.081395 0.058824 0.059524 0.047619 0.069767 0.051282 0 0 0 0 0.073171 0.058824 0.069767 0.068966 0.068966 0.058824 0.058824 0.047619 0.047619 0.068966 0.089109 0.10112 0.078652 0.078652 0.089888 0.1 0.089109 0.058824 0.047619 0.051282 0.047619 0.047619 0.058824 0.059524 0.047619 0.047619 0.034483 0 1 0 0 0 0 0 0 0.10526 0.25 0.4 0.25 1 0.071429 0.25 0.4 0.4 0.4 0.4 0 0 0.4 0.4 0.4 0.4 0.25 1 1
1 1 1 1 1 1 1 1 1 1 0 1 1 0 0.074074 0.081395 0.058824 0.059524 0.047619 0.076923 0 0 0 0.073171 0.047619 0.058824 0.068966 0.068182 0.068182 0.079545 0.068182 0.069767 0.058824 0.068182 0.059524 0.068182 0.068182 0.068182 0.078652 0.078652 0.05814 0.051282 0.069767 0.047619 0.058824 0.058824 0.068182 0.067416 0.059524 0.075 0 0.054054 0.073171 0.047619 0.073171 0.068182 0.047619 0.051282 0 1 1 0.4 1 1 0.086957 0.027778 0.28571 0.4 0.4 0.4 0.4 0 0.25 0.4 0.4 0.28571 0.125 0 1 1
1 1 1 1 1 1 1 1 1 1 1 0 1 0 0 0.047619 0.090909 0.059524 0.059524 0.076923 0 0 0 0.051282 0.058824 0.058824 0.068182 0.068966 0.05814 0.05814 0.058824 0.047619 0.069767 0.069767 0.047619 0.047619 0.059524 0.059524 0.047619 0.047619 0.073171 0 0.034483 0.073171 0.073171 0.047619 0.068966 0.067416 0.058824 0.069767 0.027027 0.069767 0.047619 0.058824 0.047619 0.047619 0.058824 0 1 1 0.4 1 1 0.125 0.086957 0.034483 0.4 0.4 0.4 0.4 0.4 0.4 0.4 0.4 0.28571 0.11765 0.095238 1 1 1
1 1 1 1 1 1 1 1 1 1 1 1 0 0 0 1 0 0.076923 0.059524 0 1 0 0 0.034483 0.047619 0.058824 0.068966 0.05814 0.058824 0.047619 0.047619 0.068182 0.051282 0.069767 0.047619 0.047619 0.047619 0.047619 0.069767 0.047619 0.068182 0.051282 0.051282 0.073171 0.068182 0.047619 0.068182 0.067416 0.068182 0.05814 0.047619 0.047619 0.058824 0.058824 0.069767 0.034483 0 1 1 1 1 0.4 0.4 0.125 0.086957 0.071429 0.4 0.4 0.4 0.4 0.4 0.4 0.25 0.28571 0.11765 0.22222 1 1 1 1
1 1 1 1 1 1 1 1 1 1 1 1 1 1 0 0 0 0 0 0 0 0 0 0.073171 0.058824 0.058824 0.058824 0.058824 0.058824 0.058824 0.058824 0.047619 0.068182 0.047619 0.047619 0.068182 0.068966 0.068966 0.067416 0.05814 0.058824 0.05814 0.05814 0.05814 0.068182 0.057471 0.05814 0.058824 0.05814 0.068966 0.068182 0.058824 0.047619 0.068182 0 0 0.4 0.4 1 1 0.4 0.4 0.4 0.25 0.086957 0.071429 0.4 0.4 0.4 0.4 0.4 0.125 0.1 0.05 0 0.4 1 1 1 1
1 1 1 1 1 1 1 1 1 1 1 1 1 1 1 0 0 1 1 1 0 0.035714 0.068966 0.073171 0.047619 0.047619 0.047619 0.047619 0.059524 0.058824 0.058824 0.058824 0.047619 0.047619 0.058824 0.05814 0.068966 0.068182 0.068966 0.068966 0.05814 0.058824 0.05814 0.068182 0.068182 0.058824 0.047619 0.047619 0.05814 0.068182 0.068966 0.047619 0.073171 0 0 0.25 1 1 0.125 0.125 0.1 0.090909 0.1 0.095238 0.08 0.068966 0.1 0.4 0.4 0.4 0.28571 0.045455 0.045455 0 0.4 1 1 1 1 1
1 1 1 1 1 1 1 1 1 1 1 1 1 1 1 1 1 0 1 1 1 0 0 0.034483 0.075 0.069767 0.068182 0.047619 0.047619 0.073171 0.047619 0.058824 0.058824 0.047619 0.069767 0.058824 0.058824 0.068966 0.068182 0.05814 0.058824 0.047619 0.05814 0.068182 0.068966 0.068966 0.068182 0.068182 0.05814 0.058824 0.059524 0.047619 0.069767 0 0.095238 1 1 0.125 0.095238 0.043478 0.038462 0.037037 0.038462 0.038462 0.074074 0.071429 0.071429 0.086957 0.4 0.4 0.090909 0.045455 0.045455 0 1 1 1 1 1 1
1 1 1 1 1 1 1 1 1 1 1 1 1 1 1 1 1 1 1 0 0 1 1 0 0.034483 0.052632 0.073171 0.069767 0.076923 0 0.051282 0.047619 0.047619 0.052632 0 1 0.05 0.058824 0.05814 0.068966 0.068182 0.068966 0.068182 0.067416 0.088889 0.067416 0.068182 0.05814 0.047619 0.051282 0 0.073171 0.054054 1 1 1 0.10526 0.10526 0.125 0.10526 0.090909 0.037037 0.037037 0.037037 0.037037 0.035714 0.068966 0.071429 0.090909 0.090909 0.090909 0.4 0.28571 1 1 1 1 1 1 1
1 1 1 1 1 1 1 1 1 1 1 1 1 1 1 1 1 1 1 1 0 0 1 1 1 0 0 0.073171 0.093023 0 0 0.069767 0.069767 0.035714 0 0 0 0.047619 0.068966 0.05814 0.05814 0.05814 0.068966 0.068182 0.068182 0.068966 0.058824 0.047619 0.051282 0 0.051282 0 1 1 1 1 0.13333 0.13333 0.25 0.4 0.1 0.04 0.037037 0.037037 0.037037 0.035714 0.071429 0.068966 0.068966 0.071429 0.086957 0.4 0.4 1 1 1 1 1 1 1
1 1 1 1 1 1 1 1 1 1 1 1 1 1 1 1 1 1 1 1 1 1 0 1 1 1 1 0 0.076923 0.034483 0.034483 0.051282 0.073171 0.054054 0.034483 0.051282 0.069767 0.047619 0.068966 0.068966 0.05814 0.058824 0.057471 0.05814 0.05814 0.047619 0.051282 0 0 0 1 1 1 1 1 1 0.4 0.4 0.25 0.22222 0.25 0.125 0.037037 0.038462 0.074074 0.074074 0.071429 0.066667 0.068966 0.071429 0.076923 0.4 1 1 1 1 1 1 1 1
1 1 1 1 1 1 1 1 1 1 1 1 1 1 1 1 1 1 1 1 1 1 1 1 1 1 1 1 0 0.076923 0.055556 0.034483 0 0.034483 0.034483 0 0.047619 0.068182 0.068182 0.068182 0.067416 0.067416 0.068966 0.05814 0.058824 0.047619 0.069767 0.069767 0 1 1 1 1 1 1 1 0.4 0.4 0.28571 0.125 0.4 0.4 0.125 0.095238 0.086957 0.076923 0.071429 0.055556 0.068966 0.076923 0.1 1 1 1 1 1 1 1 1 1
1 1 1 1 1 1 1 1 1 1 1 1 1 1 1 1 1 1 1 1 1 1 1 1 1 1 0 0 0 0.076923 0.055556 0.034483 0 0 0 0 0.044118 0.068966 0.069767 0.047619 0.058824 0.067416 0.068966 0.059524 0.047619 0.047619 0.068182 0.069767 1 1 0 0 0 1 1 1 0.28571 0.125 0.1 0.1 0.1 0.25 0.25 0.095238 0.086957 0.076923 0.074074 0.071429 0.071429 0.086957 1 1 1 1 1 1 1 1 1 1
1 1 1 1 1 1 1 1 1 1 1 1 1 1 1 1 1 1 1 1 1 1 1 1 1 1 1 1 0 0 0 0 0.034483 0.069767 0.044118 0.05618 0.034483 1 0 0.034483 0.047619 0.057471 0.05814 0.047619 0.068182 0.051282 0 1 1 0 0 0 0 0 0.076923 1 0.038462 0.038462 0.038462 0.071429 0.074074 0.074074 0.076923 0.086957 0.086957 0.086957 0.08 0.076923 0.08 1 1 1 1 1 1 1 1 1 1 1
1 1 1 1 1 1 1 1 1 1 1 1 1 1 1 1 1 1 1 1 1 1 1 1 1 1 1 1 0 1 1 0 0.032258 0.051724 0.05618 0.1 0 0 0 0.051282 0.059524 0.068182 0.068966 0.058824 0.047619 0.068182 1 1 0 0 0 0 0 0 0 1 0.038462 0.043478 0.038462 0.074074 0.074074 0.074074 0.076923 0.076923 0.08 0.086957 0.086957 0.086957 0.4 1 1 1 1 1 1 1 1 1 1 1
1 1 1 1 1 1 1 1 1 1 1 1 1 1 1 1 1 1 1 1 1 1 1 1 1 1 1 1 1 1 1 1 0 0.044118 0.05618 0.1 0.047619 0.051282 0.051282 0.047619 0.05814 0.078652 0.068182 0.05814 0.058824 1 1 0.010989 0 0 0 0 0 0 0 1 1 0.25 0.090909 0.074074 0.074074 0.074074 0.076923 0.074074 0.074074 0.076923 0.086957 0.4 1 1 1 1 1 1 1 1 1 1 1 1
1 1 1 1 1 1 1 1 1 1 1 1 1 1 1 1 1 1 1 1 1 1 1 1 1 1 1 1 1 1 1 1 0 0.051282 0.073171 0.1 0.073171 0 0 0 0.054054 0.058824 0.058824 0.058824 1 1 0 0.0088496 0 0 0 0 0 0 0 1 1 0.28571 0.090909 0.028571 0.037037 0.1 0.090909 0.086957 0.04 0.04 0.090909 1 0 1 1 1 1 1 1 1 1 1 1 1
1 1 1 1 1 1 1 1 1 1 1 1 1 1 1 1 1 1 1 1 1 1 1 1 1 1 1 1 1 1 1 1 1 1 1 1 1 1 1 1 1 1 1 1 1 0 0 0 0 0 0 0 0 0 0 1 0 0 0.027027 0.027027 0.041667 0.28571 0.4 0.1 0.043478 0 1 1 1 1 1 1 1 1 1 1 1 1 1 1
1 1 1 1 1 1 1 1 1 1 1 1 1 1 1 1 1 1 1 1 1 1 1 1 1 1 1 1 1 1 1 0 0 0 0 0 0 0 0 0 0 0 0 0 0 0 0 0 0 0 0 0 0 0 1 1 0.034884 0.023529 0.011765 0.022727 0 0 0 0 0 1 1 1 1 1 1 1 1 1 1 1 1 1 1 1
1 1 1 1 1 1 1 1 1 1 1 1 1 1 1 1 1 1 1 1 1 1 1 1 1 1 0 0 0 0 0 0 0 0 0 0.068182 0 0 0 0 1 0 0 0 0 0 0 0 0 0 0 0 0 0 1 1 0.15909 0.16279 0.023256 0.10465 0 0 0 0 0 1 0 1 1 1 1 1 1 1 1 1 1 1 1 1
1 1 1 1 1 1 1 1 1 1 1 1 1 1 1 1 1 1 1 1 1 1 1 1 1 1 0 0 0 0 0 0 0 0 0 0.072727 0.069767 0.025 0 1 1 0 0 0 0 0 0 0 0 0 0 0 0 0 1 0.16092 0.16279 0.023256 0.023529 0.011905 0 0 0 0 1 1 1 1 1 1 1 1 1 1 1 1 1 1 1 1
1 1 1 1 1 1 1 1 1 1 1 1 1 1 1 1 1 1 1 1 1 1 1 1 1 0 0 0 0 0 0 0 0 0 0.02439 0.05618 0.04878 0 0 1 1 0 0 0 0 0 0 0 0 0 0 0 0 0 1 1 1 0 0 0 0 0 0 1 1 1 1 1 1 1 1 1 1 1 1 1 1 1 1 1
