data/entities/Measures_embankments/CaseDifferenceDepth_m.asc
ncols         98 
nrows         130 
xllcorner     530385.4375 
yllcorner     504074.10385949 
cellsize      100 
NODATA_value -9999 
[rows 0 to 31 of 130, columns 0 to 73 of 98]
-9999 -9999 -9999 -9999 -9999 -9999 -9999 -9999 -9999 -9999 -9999 -9999 -9999 -9999 -9999 -9999 -9999 -9999 -9999 -9999 -9999 -9999 -9999 -9999 -9999 -9999 -9999 -9999 -9999 -9999 -9999 -9999 -9999 -9999 -9999 -9999 -9999 -9999 -9999 -9999 -9999 -9999 -9999 -9999 -9999 -9999 -9999 -9999 -9999 -9999 -9999 -9999 -9999 -9999 -9999 -9999 -9999 -9999 -9999 -9999 -9999 -9999 -9999 -9999 -9999 -9999 -9999 -9999 -9999 -9999 -9999 -9999 -9999 -9999
-9999 -9999 -9999 -9999 -9999 -9999 -9999 -9999 -9999 -9999 -9999 -9999 -9999 -9999 -9999 -9999 -9999 -9999 -9999 -9999 -9999 -9999 -9999 -9999 -0.7044 -0.7333 -0.7724 -0.7095 -0.6357 -0.5039 -0.4355 -0.3846 -0.3596 -0.3305 -0.2908 -0.2875 -0.2942 -0.3006 -0.3089 -9999 -9999 -9999 -9999 -9999 -9999 -9999 -9999 -9999 -9999 -9999 -9999 -9999 -9999 -9999 -9999 -9999 -9999 -9999 -9999 -9999 -9999 -9999 -9999 -9999 -9999 -9999 -9999 -9999 -9999 -9999 -9999 -9999 -9999 -9999
-9999 -9999 -9999 -9999 -9999 -9999 -9999 -9999 -9999 -9999 -9999 -9999 -9999 -9999 -9999 -9999 -9999 -9999 -9999 -9999 -9999 -9999 -0.7272 -0.6595 -0.6289 -0.0268 -0.0269 -0.0269 -0.0268 -0.0269 -0.0268 -0.0269 -0.3497 -0.3248 -0.2214 -0.1764 -0.2212 -0.2304 -0.2252 -0.2249 -0.2527 -0.2797 -0.3043 -0.3142 -0.323 -0.3344 -0.3482 -9999 -9999 -9999 -9999 -9999 -9999 -9999 -9999 -9999 -9999 -9999 -9999 -9999 -9999 -9999 -9999 -9999 -9999 -9999 -9999 -9999 -9999 -9999 -9999 -9999 -9999 -9999
-9999 -9999 -9999 -9999 -9999 -9999 -9999 -9999 -9999 -9999 -9999 -9999 -9999 -9999 -9999 -9999 -9999 -9999 -9999 -9999 0 0 0 -0.5479 -0.0268 -0.0268 -0.0268 -0.0268 -0.0267 -0.0268 -0.0267 -0.0267 -0.0267 -0.0265 -0.0264 -0.0252 -0.0245 -0.0244 -0.0252 -0.1703 -0.1806 -0.2001 -0.2384 -0.213 -0.1957 -0.1924 -0.1931 -0.1949 -0.2004 -0.2094 -0.2214 -0.2366 -0.2551 -0.2777 -9999 -9999 -9999 -9999 -9999 -9999 -9999 -9999 -9999 -9999 -9999 -9999 -9999 -9999 -9999 -9999 -9999 -9999 -9999 -9999
-9999 -9999 -9999 -9999 -9999 -9999 -9999 -9999 -9999 -9999 -9999 -9999 -9999 -9999 -9999 -9999 -9999 -9999 -9999 0 0 0 0 -0.0268 -0.0268 -0.0267 -0.0267 -0.0267 -0.0268 -0.0267 -0.0267 -0.0267 -0.0267 -0.0265 -0.0257 -0.0248 -0.0244 -0.0241 -0.024 -0.0232 -0.0151 -0.0078 0.0065 0.0681 0.0349 0.0162 0.0053 -0.0872 -0.0635 -0.0432 -0.0281 -0.0179 -0.0121 -0.0082 -0.0016 -0.0006 -0.0009 -0.0158 -0.0583 -0.1007 -0.1381 -0.1763 -9999 -9999 -9999 -9999 -9999 -9999 -9999 -9999 -9999 -9999 -9999 -9999
-9999 -9999 -9999 -9999 -9999 -9999 -9999 -9999 -9999 -9999 -9999 -9999 -9999 -9999 -9999 -9999 -9999 0 0 0 0 0 0 0 -0.0268 -0.0268 -0.0267 -0.0267 -0.0266 -0.0266 -0.0267 -0.0267 -0.0267 -0.0265 -0.0255 -0.0246 -0.0243 -0.024 -0.0236 -0.0222 -0.0202 0.0028 0.0208 0.0438 0.046 0.0313 0.0201 0.0077 -0.0016 -0.0081 -0.0121 -0.0104 -0.0086 -0.007 -0.0042 -0.0068 -0.1557 -0.2724 -0.4531 -0.4846 -0.4133 -0.3381 -0.2313 -0.0911 -9999 -9999 -9999 -9999 -9999 -9999 -9999 -9999 -9999 -9999
-9999 -9999 -9999 -9999 -9999 -9999 -9999 -9999 -9999 -9999 -9999 -9999 -9999 -9999 -9999 0 0 0 0 0 0 0 0 0 -0.0267 -0.0267 -0.0266 -0.0266 -0.0265 -0.0266 -0.0266 -0.0266 -0.0266 -0.0265 -0.0251 -0.0243 -0.024 -0.0239 -0.0233 -0.0216 -0.0191 -0.0065 0.0085 0.0249 0.0356 0.0257 0.0145 0.0016 -0.0093 -0.0091 -0.0088 -0.0085 -0.0081 -0.008 -0.0077 -0.0076 -0.0075 -0.0072 -0.0067 -0.0061 -0.0058 -0.0043 -0.4465 -0.2734 0 0 0 -9999 -9999 -9999 -9999 -9999 -9999 -9999
-9999 -9999 -9999 -9999 -9999 -9999 -9999 -9999 -9999 -9999 -9999 -9999 -9999 -9999 0 0 0 0 0 0 0 0 0 0 0 -0.0266 -0.0267 -0.0266 -0.0266 -0.0266 -0.0266 -0.0265 -0.0265 -0.0266 -0.0253 -0.024 -0.024 -0.0238 -0.0227 -0.0206 -0.0181 -0.0097 -0.0023 0.005 0.0098 0.0097 -0.0027 -0.0095 -0.0093 -0.0089 -0.0084 -0.0081 -0.0079 -0.0077 -0.0077 -0.0075 -0.0075 -0.0074 -0.0067 -0.0057 -0.0051 -0.0042 -0.0036 -0.0035 -0.3515 -0.1692 -0.0001 0 0 -9999 -9999 -9999 -9999 -9999
-9999 -9999 -9999 -9999 -9999 -9999 -9999 -9999 -9999 -9999 -9999 -9999 -0.8063 0 0 0 0 0 0 0 0 0 0 0 0 -0.0267 -0.0266 -0.0266 -0.0265 -0.0265 -0.0265 -0.0265 -0.0265 -0.0265 -0.0264 -0.0264 -0.0251 0 -0.0098 -0.0178 -0.0145 -0.0098 -0.0066 -0.004 -0.0031 -0.005 -0.0099 -0.0096 -0.0092 -0.0087 -0.0083 -0.008 -0.0079 -0.0078 -0.0077 -0.0076 -0.0076 -0.0075 -0.0072 -0.0055 -0.0045 -0.0042 -0.004 -0.0039 -0.0039 -0.004 -0.004 0 0 0 -9999 -9999 -9999 -9999
-9999 -9999 -9999 -9999 -9999 -9999 -9999 -9999 -9999 -9999 -0.907 -0.8026 -0.7088 -0.697 0.0312 0 0 0 0 0 0 0 0 0 0 0 -0.0266 -0.0265 -0.0265 -0.0265 -0.0265 -0.0265 -0.0263 -0.0264 -0.0264 -0.0263 -0.0263 -0.0263 0 -0.0067 -0.0099 -0.0093 -0.0085 -0.0084 -0.0099 -0.0105 -0.0101 -0.0097 -0.0092 -0.0086 -0.0082 -0.0079 -0.0078 -0.0078 -0.0078 -0.0077 -0.0077 -0.0076 -0.0073 -0.0052 -0.0044 -0.0041 -0.0041 -0.004 -0.0041 -0.0041 -0.004 -0.004 -0.004 -0.0753 0 0 -9999 -9999
-9999 -9999 -9999 -9999 -9999 -9999 -9999 -9999 -9999 -9999 -0.8346 -0.7518 0.0312 0.0313 0.0312 0.0311 0.0312 0 0 0 0 0 0 0 0 0 -0.0266 -0.0265 -0.0265 -0.0264 -0.0265 -0.0265 -0.0264 -0.0263 -0.0264 -0.0264 -0.0264 -0.0263 0 0 -0.0085 -0.0099 -0.0106 -0.012 -0.0115 -0.0108 -0.0103 -0.0097 -0.0091 -0.0085 -0.008 -0.0079 -0.0079 -0.0078 -0.0077 -0.0077 -0.0077 -0.0079 0 -0.0052 -0.0041 -0.0041 -0.004 -0.004 -0.0041 -0.004 -0.0041 -0.004 -0.004 -0.004 -0.1851 -0.0001 0 0
-9999 -9999 -9999 -9999 -9999 -9999 -9999 -9999 -9999 -9999 -0.7975 -0.7022 0.0313 0.0313 0.0312 0.0312 0.0312 0.0312 0.0312 0 0 0 0 0 0 0 0 -0.0264 -0.0264 -0.0264 -0.0264 -0.0264 -0.0264 -0.0263 -0.0263 -0.0263 -0.0262 -0.0262 -0.0261 0 -0.0085 -0.0148 -0.0136 -0.0129 -0.0118 -0.0109 -0.0105 -0.0097 -0.0092 -0.0085 -0.0081 -0.0078 -0.0078 -0.0078 -0.0078 -0.0078 -0.0077 0 0 -0.0042 -0.0041 -0.0041 -0.004 -0.004 -0.0041 -0.0041 -0.0041 -0.004 -0.0041 -0.004 -0.0041 -0.004 -0.0234 0
-9999 -9999 -9999 -9999 -9999 -9999 -9999 -9999 -9999 -0.8941 -0.5759 0.0313 0.0312 0.0313 0.0313 0.0312 0.0312 0.0312 0.0312 0.0311 0.031 0.031 0.031 0 0 0 0 -0.0263 -0.0263 -0.0263 -0.0263 -0.0263 -0.0263 -0.0263 -0.0262 -0.0263 -0.0263 -0.0263 -0.0263 -0.0262 -0.0255 -0.0214 -0.0192 -0.017 -0.0145 -0.0114 -0.0109 -0.0113 -0.0091 -0.0083 -0.008 -0.0078 -0.0077 -0.0077 -0.0078 -0.0077 -0.0078 -0.0032 0 -0.0042 -0.004 -0.0041 -0.0041 -0.004 -0.004 -0.0041 -0.0041 -0.004 -0.0041 -0.0041 -0.0041 -0.004 -0.004 -0.1208
-9999 -9999 -9999 -9999 -9999 -9999 -9999 -9999 -9999 -0.7881 -0.0835 0.0314 0.0314 0.0314 0.0312 0.0312 0.0311 0.0312 0.0312 0.0311 0.0311 0.031 0.031 0.0303 0.0297 0 0 0 -0.0262 -0.0262 -0.0263 -0.0262 -0.0262 -0.0263 -0.0263 -0.0263 -0.0262 -0.0263 -0.0263 -0.0262 -0.0261 -0.0261 -0.0255 -0.0245 -0.0231 -0.019 -0.0021 0 -0.0001 -0.0084 -0.0082 -0.008 -0.0079 -0.0077 -0.0077 -0.0077 -0.0076 -0.0072 -0.0064 -0.0044 -0.0044 0 -0.004 -0.004 -0.004 -0.0041 -0.004 -0.004 -0.0041 -0.0041 -0.0041 -0.004 -0.0041 -0.1634
-9999 -9999 -9999 -9999 -9999 -9999 -9999 -9999 -9999 -0.7123 -0.2846 0.0318 0.0318 0.0317 0.0314 0.0313 0.0312 0.0311 0.0311 0.0312 0.0311 0.0311 0.0218 0.0294 0.0291 0.0285 0.0285 0 -0.0262 -0.0261 -0.0262 -0.0262 -0.0263 -0.0261 -0.0263 -0.0262 -0.0262 -0.0263 -0.0262 -0.0262 -0.0262 -0.0261 -0.0256 -0.0247 -0.0236 -0.0226 -0.0206 -0.0172 -0.0125 -0.0099 -0.009 -0.0082 -0.0079 -0.0074 -0.0079 -0.0078 -0.0078 -0.0074 -0.0071 0 0 0 0 0 0 -0.004 -0.0041 -0.0041 -0.0041 -0.0041 -0.0041 -0.004 0 0
-9999 -9999 -9999 -9999 -9999 -9999 -9999 -9999 -0.9116 -0.6656 0.0322 0.0321 0.0319 0.0319 0.0317 0.0315 0.0314 0.0312 0.0312 0.0311 0.0311 0.0309 0.0301 0.0293 0.0289 0.0285 0.0285 0 0 -0.0256 -0.026 -0.0261 -0.0262 -0.0261 -0.0263 -0.0262 -0.0263 -0.0262 -0.0262 -0.0262 -0.0261 -0.0261 -0.0254 -0.0001 -0.0001 -0.0239 -0.0265 -0.0264 -0.0157 0 -0.0046 -0.0058 -0.0095 -0.0118 -0.0104 -0.0092 -0.0078 -0.0001 0 0 0 0 0 0 0 0 -0.0041 -0.0041 -0.004 -0.0041 -0.004 -0.0041 0 0
-9999 -9999 -9999 -9999 -9999 -9999 -9999 -9999 -0.8506 -0.6441 0.0322 0.0322 0.032 0.032 0.0318 0.0316 0.0314 0.0312 0.0312 0.0311 0.0312 0.031 0.0301 0.0294 0.0289 0.0284 0.0281 0.0272 0 -0.0249 -0.0258 -0.0261 -0.026 -0.0262 -0.0262 -0.0261 -0.0261 -0.0262 -0.0262 -0.0262 -0.0262 -0.0262 -0.0195 0 0 -0.0091 -0.0268 -0.0266 0 0 0 0 -0.0184 -0.0264 -0.0261 -0.0224 -0.0131 0 0 0 0 0 0 0 0 0 0 -0.004 -0.004 -0.004 -0.004 -0.0041 0 0
-9999 -9999 -9999 -9999 -9999 -9999 -9999 -9999 -0.7995 -0.6509 0.0324 0.0322 0.0321 0.032 0.0318 0.0317 0.0315 0.0313 0.0313 0.0311 0.0311 0.0309 0.0304 0.0297 0.0291 0.0286 0.0283 0.0281 0 0 -0.0261 -0.0261 -0.0261 -0.0262 -0.0262 -0.0262 -0.0262 -0.0262 -0.0262 -0.0262 -0.0261 -0.0263 -0.0268 0 0 -0.027 -0.027 -0.0268 -0.0269 0 0 0 -0.0266 -0.0266 -0.0266 -0.0265 -0.0266 -0.0267 0 0 0 0 0 0 0 0 0 0 0 0 -0.004 -0.0039 -0.0028 -0.0026
-9999 -9999 -9999 -9999 -9999 -9999 -9999 -0.9228 -0.7592 0.0327 0.0324 0.0322 0.0321 0.032 0.0319 0.0318 0.0316 0.0314 0.0312 0.0311 0.0311 0.0309 0.0304 0.03 0.0296 0.0291 0.0285 0.0285 0.0285 0 -0.0261 -0.0261 -0.0261 -0.0261 -0.0262 -0.0261 -0.0262 -0.0262 -0.0261 -0.0262 -0.026 -0.0275 -0.0272 -0.0271 -0.0269 -0.027 -0.0269 -0.0268 -0.0268 -0.0268 0 -0.0263 -0.0266 -0.0266 -0.0266 -0.0266 -0.0269 -0.0269 -0.0267 -0.0264 -0.0264 -0.0261 0 0 0 0 0 0 0 0 0 0 0 0
-9999 -9999 -9999 -9999 -9999 -9999 -9999 -0.8771 -0.7327 0.0328 0.0327 0.0325 0.0324 0.0322 0.032 0.0318 0.0317 0.0316 0.0313 0.0309 0.0309 0.0306 0.0304 0.0304 0.0302 0.0295 0.0287 0.0285 0.0286 0 -0.0261 -0.0261 -0.0261 -0.0261 -0.0261 -0.026 -0.0262 -0.0262 -0.0266 -0.0269 0 -0.0271 -0.0271 -0.0271 0 -0.0269 -0.0268 -0.0269 -0.0268 -0.0267 -0.0266 -0.0267 -0.0267 -0.0266 -0.0266 -0.0266 -0.0272 -0.0271 -0.027 -0.027 -0.0269 -0.0268 -0.0268 0 0 0 0 0 0 0 0 0 0 0
-9999 -9999 -9999 -9999 -9999 -9999 -9999 -0.8393 -0.7234 0.033 0.0329 0.0327 0.0325 0.0322 0.0321 0.0319 0.0317 0.0316 0.0314 0 0 0.0304 0.0304 0.0304 0.0304 0.0301 -0.0001 0.0284 0.0291 0 -0.0261 -0.0261 -0.026 -0.0261 -0.026 -0.0261 -0.0261 -0.026 0 0 -0.0265 -0.0271 -0.0271 -0.0271 -0.0272 -0.0271 -0.0269 -0.0268 -0.0268 -0.0268 -0.0267 -0.0267 -0.0267 -0.0266 -0.0266 -0.0268 -0.027 -0.027 -0.027 -0.0269 -0.0269 -0.0268 -0.0268 -0.0267 -0.0268 0 0 0 0 0 0 0 0 0
-9999 -9999 -9999 -9999 -9999 -9999 -0.9324 -0.8098 0.0332 0.0332 0.0331 0.033 0.0327 0.0324 0.032 0.0319 0.0317 0.0316 0.0316 0.03 -0.0001 0.0305 0.0305 0.0306 0.0305 0.0304 0.0301 0.0292 0.0299 0 0 -0.0261 -0.026 -0.026 -0.026 -0.0261 -0.0257 -0.0273 -0.0267 -0.0275 -0.0272 -0.0271 -0.0271 -0.0271 -0.0272 -0.0271 -0.027 -0.027 -0.0269 -0.0269 -0.0267 -0.0268 -0.0267 -0.0266 -0.0266 -0.0267 -0.027 -0.027 -0.0269 -0.0269 -0.0269 -0.0268 -0.0267 -0.0267 -0.0266 -0.0264 -0.0006 0 0 0 0 0 0 0
-9999 -9999 -9999 -9999 -9999 -9999 -0.8971 -0.7906 0.0336 0.0334 0.0333 0.0333 0.0331 0.0328 0.032 0.0319 0.0317 0.0316 0.0316 0.0315 0.0312 0.031 0.0308 0.0306 0.0306 0.0306 0.0306 0.0305 0.0304 0.0304 0 -0.0261 -0.026 -0.0259 -0.0259 -0.0262 -0.0276 -0.0275 -0.0274 -0.0273 -0.0272 -0.0272 -0.027 -0.0271 -0.027 -0.027 -0.0269 -0.0268 -0.0268 -0.0269 -0.0268 -0.0268 -0.0267 -0.0266 -0.0267 -0.027 -0.0269 -0.0269 -0.0269 -0.0269 -0.0269 -0.0268 -0.0267 -0.0266 -0.0266 -0.0265 -0.0264 -0.0263 -0.0263 -0.0263 -0.0263 -0.0262 -0.0261 -0.0248
-9999 -9999 -9999 -9999 -9999 -9999 -0.8685 -0.7846 0.0339 0.0337 0.0337 0.0336 0.0333 0.0329 0.0321 0.032 0.0318 0.0318 0.0316 0.0314 0.0312 0.0311 0.0309 0.0307 0.0306 0.0305 0.0306 0.0305 0.0305 0.0304 0.0305 0 -0.026 -0.0259 -0.0259 -0.0262 -0.0271 -0.0275 -0.0273 -0.0273 -0.0272 -0.0272 -0.0272 -0.0271 -0.0271 -0.027 -0.027 -0.027 -0.0268 -0.0269 -0.0269 -0.0268 -0.0268 -0.0266 -0.0263 -0.0269 -0.027 -0.027 -0.0269 -0.0269 -0.0268 -0.0268 -0.0266 -0.0266 -0.0265 -0.0265 -0.0264 -0.0264 -0.0263 -0.0263 -0.0263 -0.0262 -0.026 -0.0259
-9999 -9999 -9999 -9999 -9999 -0.9418 -0.8478 0.0339 0.034 0.0339 0.0338 0.0337 0.0336 0.0335 0.032 0.032 0.0319 0.0318 0.0317 0.0315 0.0313 0.0311 0.031 0.0308 0.0308 0.0306 0.0305 0.0305 0.0305 0.0304 0.0304 0 -0.0259 -0.0259 -0.0259 -0.0264 -0.027 -0.0274 -0.0272 -0.0273 -0.0273 -0.0271 -0.0271 -0.0271 -0.027 -0.027 -0.027 -0.0269 -0.0269 -0.0268 -0.0268 -0.0268 -0.0267 0 -0.0266 -0.0268 -0.0269 -0.0269 -0.0268 -0.0268 -0.0268 -0.0267 -0.0267 -0.0266 -0.0265 -0.0264 -0.0264 -0.0264 -0.0263 -0.0262 -0.0262 -0.0262 -0.026 -0.0258
-9999 -9999 -9999 -9999 -9999 -0.9128 -0.8349 0.0343 0.0342 0.0342 0.0341 0.0341 0.0339 0.0339 0.0309 0.0321 0.0321 0.032 0.0318 0.0315 0.0314 0.0311 0.031 0.0308 0.0307 0.0307 0.0305 0.0306 0.0305 0.0304 0.0305 0.0245 0 0 -0.0252 -0.0274 -0.0274 -0.0274 -0.0273 -0.0272 -0.0272 -0.0271 -0.0271 -0.027 -0.027 -0.027 -0.027 -0.0269 -0.0269 -0.0269 -0.0268 -0.0268 -0.0269 -0.0261 -0.0254 -0.0266 -0.0269 -0.027 -0.027 -0.027 -0.0267 -0.0266 -0.0265 -0.0265 -0.0264 -0.0264 -0.0263 -0.0263 -0.0263 -0.0263 -0.0265 0 -0.0259 -0.0254
-9999 -9999 -9999 -9999 -9999 -0.888 -0.8304 0.0346 0.0344 0.0344 0.0343 0.0343 0.0343 0.0341 0.0339 0.0333 0.0327 0.0323 0.0319 0.0316 0.0314 0.0312 0.031 0.0309 0.0307 0.0306 0.0305 0.0306 0.0305 0.0305 0.0304 0.0276 0 0 -0.0255 -0.0274 -0.0273 -0.0273 -0.0272 -0.0273 -0.0272 -0.0271 -0.0271 -0.0269 -0.027 -0.0269 -0.0269 -0.0269 -0.0268 -0.0268 -0.0268 -0.0268 -0.0268 -0.0266 -0.0266 -0.0265 -0.0265 -0.0269 -0.0269 -0.0268 -0.0267 -0.0266 -0.0265 -0.0264 -0.0263 -0.0263 -0.0263 -0.0262 -0.0262 -0.0261 -0.0266 0 -0.0249 -0.0249
-9999 -9999 -9999 -9999 -0.9497 -0.8676 0.0347 0.0347 0.0345 0.0345 0.0345 0.0344 0.0345 0.0343 0.0342 0.0339 0.0333 0.0327 0.0321 0.0318 0.0315 0.0312 0.031 0.0308 0.0307 0.0307 0.0306 0.0305 0.0304 0.0305 0.03 0.0297 0.0295 0 -0.0269 -0.0268 -0.0273 -0.0273 -0.0272 -0.0272 -0.0272 -0.0259 -0.0268 -0.0269 -0.0269 -0.0269 -0.0269 -0.0001 -0.0269 -0.0269 -0.0268 -0.0268 -0.027 -0.0267 -0.0272 -0.0271 -0.027 -0.027 -0.0268 -0.0268 -0.0266 -0.0266 -0.0265 -0.0264 -0.0263 -0.0263 -0.0262 -0.0261 -0.026 -0.0257 -0.0253 -0.0251 -0.0247 -0.0247
-9999 -9999 -9999 -9999 -0.9228 -0.8534 0.035 0.0348 0.0348 0.0346 0.0347 0.0347 0.0347 0.0346 0.0345 0.0344 0.0337 0.033 0.0325 0.0322 0.0316 0.0312 0.031 0.0309 0.0308 0.0306 0.0305 0.0305 0.0304 0.0293 0.0299 0.0297 0.0298 0 0 -0.0272 -0.0272 -0.0272 -0.0271 -0.0271 -0.027 -0.0269 -0.027 -0.0269 -0.0269 -0.0269 -0.0231 0 -0.0276 -0.0269 -0.0269 -0.0002 0 -0.027 -0.027 -0.0271 -0.027 -0.027 -0.0268 -0.0268 -0.0265 -0.0265 -0.0264 -0.0263 -0.0263 -0.0262 -0.0261 -0.0261 -0.0259 -0.0256 -0.0253 -0.0251 -0.0248 -0.0247
-9999 -9999 -9999 -9999 -0.9003 -0.8495 0.0353 0.035 0.0349 0.0348 0.0347 0.0348 0.0349 0.0348 0.0349 0.0347 0.0344 0.0343 0.033 0.0323 0.0315 0.0312 0.031 0.0309 0.0308 0.0307 0.0306 0.0304 0.0303 0.0302 0.03 0.0298 0.0298 0.0297 0 0 0 -0.0271 -0.0271 -0.0269 -0.0269 -0.0269 -0.0269 -0.0268 -0.0269 -0.0269 -0.0262 0 -0.0248 0 0 0 -0.027 -0.0269 -0.027 -0.0269 -0.0269 -0.0269 -0.0268 -0.0267 -0.0266 -0.0265 -0.0264 -0.0263 -0.0262 -0.0261 -0.0261 -0.0259 -0.0257 -0.0254 -0.0252 -0.0249 -0.0247 -0.0247
-9999 -9999 -9999 -0.9571 -0.8838 0.0354 0.0355 0.0353 0.035 0.0348 0.0348 0.0351 0.0353 0.0354 0.0355 0.0354 0.0352 0.035 0.0343 0.0339 0.0306 0.0312 0.0311 0.0309 0.0308 0.0307 0.0305 0.0304 0.0302 0.0302 0.0301 0.03 0.0293 0.0248 0.0003 0 0 0 -0.0269 -0.0268 -0.0268 -0.0268 -0.0268 -0.0268 -0.0269 -0.0269 -0.0264 -0.0267 0 0 0 0 -0.0269 -0.027 -0.027 -0.0269 -0.0269 -0.0268 -0.0267 -0.0267 -0.0266 -0.0264 -0.0263 -0.0263 -0.0261 -0.0261 -0.0259 -0.0258 -0.0255 -0.0253 -0.0252 -0.0249 -0.0246 -0.0246
-9999 -9999 -9999 -0.9334 -0.8758 0.036 0.0358 0.0357 0.0346 0.0354 0.0356 0.0359 0.036 0.036 0.0361 0.0361 0.0362 0.0354 0.036 0.0359 0.0326 0.0316 0.0313 0.0311 0.031 0.0307 0.0305 0.0304 0.0303 0.0302 0.0301 0.0299 0 0 0 0 -0.0081 0 0 -0.0266 -0.0267 -0.0267 -0.0267 -0.0268 -0.0268 -0.0268 -0.0003 0 0 0 0 -0.027 -0.027 -0.0269 -0.027 -0.0269 -0.0268 -0.0268 -0.0266 -0.0266 -0.0265 -0.0265 -0.0262 -0.0261 -0.0261 -0.0261 -0.0259 -0.0257 -0.0255 -0.0253 -0.025 -0.0248 -0.0247 -0.0245
