data/entities/Measures_embankments/CaseDifferenceDuration_fraction.asc
ncols         98 
nrows         130 
xllcorner     530385.4375 
yllcorner     504074.10385949 
cellsize      100 
NODATA_value -9999 
[rows 39 to 77 of 130, columns 0 to 88 of 98]
-9999 0 0.98824 1 1 0.98824 1 0.98876 1 1 1 1 1 0.98864 0.98824 0.98824 1 1 0.98824 0.95238 0.95122 1.3333 1.2 1.3333 1.3333 1 1 0.91304 0.925 1 0.9881 0.97561 0.92 0.95238 1.0667 -9999 1.3333 1 0.92 0.92 1 1 1.3333 1 -9999 -9999 -9999 0.96552 0.95652 0.95238 0.8 0 1 0.83333 1 1 0.95238 0.96429 0.95238 0.97727 0.975 0.95652 0.84211 2 -9999 -9999 -9999 -9999 -9999 -9999 -9999 1 1 0.94737 1.0526 0.84211 0.89474 0.84211 0.53333 1.0667 0.875 0 -9999 -9999 -9999 -9999 -9999 -9999 -9999
-9999 0 -9999 1.7778 0.95652 0.91304 0.925 0.67857 1 1 0.98824 0.98864 0.98824 1 1 1 0.98837 1 1 0.52381 0.75676 0.91304 1.0667 -9999 -9999 1.3333 0.91304 2 0.92 0.52381 0.95455 0.94872 1.04 0.95238 1.125 2 1.4 0.95238 0.96429 0.91304 1 -9999 -9999 1.5 0.91304 0.96296 -9999 -9999 0.77778 0 0 -9999 -9999 -9999 1 0.95652 0.97561 0.97727 0.97727 0.97727 0.925 0.95833 1 1 -9999 -9999 -9999 -9999 -9999 -9999 -9999 0.84211 1 1 1 0.95455 1 0.95238 0.84211 1 1 0.8 1 -9999 -9999 -9999 -9999 -9999 1
-9999 0 1 0.97561 0.925 0.95455 0.97561 0.95238 0.925 0.95349 0.94872 0.95238 0.92 0.67857 1 0.98864 1 0.81081 1 0.98824 1 0.98824 0.97674 0.91304 1 1 -9999 1 1.04 0.95238 0.94872 0.95238 1.4 1.3333 1 0.91304 0.95238 0.92 0.97561 0.78378 0.95238 1 1.3333 1.3333 -9999 1 0.91304 -9999 -9999 0.95455 0.95455 1 1 1 1 0.95 0.64706 0.75862 0.95455 0.95238 0.94872 0.83784 1 1 1 1.3333 -9999 -9999 -9999 -9999 -9999 -9999 0.88889 1 0.84211 0.84211 0.84211 0.5625 0.875 0.8 0.8 0.8 0.57143 1 -9999 -9999 -9999 -9999 1
-9999 0 1 0.9881 1 1 0.79762 0.95238 0.95238 0.92857 1 1 1.0667 0.94872 1 1 0.98864 1 0.98864 1 1 1 0.98876 1 0.79762 0.94872 0.96429 0.96429 0.95122 0.67857 1 Inf -9999 -9999 -9999 -9999 1.3333 0.95238 0.93023 0.94872 1 1 1.3333 0.8 1.0667 1.125 1 0.91304 -9999 -9999 0.95522 0.84211 1 1 1 0.97561 0.64706 0.97561 0.94872 0.96429 0.83784 0.83784 0.83784 0.83784 0.95238 0.96429 0 -9999 -9999 -9999 -9999 1 0.96 1 1 0.875 1 1 1 1 0.8 1.3333 1 1 0.8 0.53333 -9999 1 1
-9999 0 1 0.97561 0.95349 0.97727 0.95349 0.925 0.94872 1.3333 1.3333 Inf 1.0526 1 0.78378 1 0.98837 1 1 1 1 1 1 1 0.98837 1 0.97674 0.64706 0.69048 0.9881 0.92 1 -9999 -9999 -9999 -9999 -9999 -9999 1.125 1.0667 0.8 -9999 1.3333 0.84211 1 -9999 -9999 -9999 1 -9999 0.8 1 -9999 1 0.95238 0.975 0.97619 0.96552 0.95238 0.95238 0.95455 0.96552 0.83784 0.94872 0.97619 0.83784 1.2 -9999 1 1 -9999 1 1 1 1.0526 1 -9999 -9999 -9999 0 0.66667 1 0.8 1 0.95238 1 0.88889 1 1
-9999 0 0.9881 0.95455 0.95238 0.94872 0.96552 0.91304 3 -9999 1 0.9881 0.79762 0.925 1.0526 0.95349 1 1 0.98864 0.98824 1 1 1 0.98837 0.98824 0.79762 1 0.52381 0.95455 0.52381 0.95238 0.81579 0.64706 0.95238 -9999 -9999 -9999 -9999 1 1.125 1 0.92 0.95652 0.92 0.94737 -9999 -9999 Inf -9999 -9999 0 1 -9999 1 0.95238 0.97561 0.97619 0.95833 0.875 -9999 1 0.96429 0.83784 0.83784 0.97619 0.94872 0.96429 0.95238 1 0.84211 1 0.84211 0 0 1 -9999 -9999 -9999 -9999 1 0.8 1 0.66667 -9999 0.8 1 0.95238 1 1
-9999 0 1 1 1 0.69048 0.95349 0.96429 1.3333 1 0.95122 0.98851 1 0.98851 1 0.98851 1 0.98876 0.98837 0.9881 0.69048 0.79487 0.92 0.74138 0.91304 1 -9999 1.0526 0.75676 0.95238 0.95455 0.95238 0.94872 1 Inf -9999 -9999 2 0.95238 0.91304 0.91304 0.95833 1 0.92 0.92 1.3333 1.5 -9999 -9999 -9999 -9999 -9999 -9999 1 0.95238 0.97561 0.97619 0.96552 1.0526 0.875 0.88889 1 0.95652 0.96552 0.83784 0.83784 0.83784 0.95833 0.95455 1 1 1.0667 1 -9999 -9999 -9999 -9999 -9999 -9999 1 1 -9999 -9999 -9999 -9999 1 1 1 1
-9999 0 0.98824 0.98837 0.98864 0.88119 1 0.98837 0.98864 1 0.95455 1 0.9881 1 1 1 0.98876 1 1 0.92 -9999 -9999 -9999 -9999 1.3333 1.3333 2 1 0.96429 0.95455 0.95349 0.95122 0.96552 1 -9999 -9999 -9999 1.3333 0.92 0.91304 1 Inf 1.5 0.95238 0.95 0.92 1 -9999 -9999 -9999 -9999 -9999 -9999 1 1 1 0.95238 1 0.83784 0.92 0.84211 1 1 0.95238 0.96552 0.83784 0.83784 0.96552 0.95833 0.95833 0.95833 1 1 1 -9999 -9999 -9999 -9999 -9999 0.66667 -9999 -9999 -9999 -9999 -9999 1 1 1 1
-9999 0 1 0.98864 1 1 1 1 1 1 0.94872 Inf 0.92857 0.79762 0.98851 1 0.98864 0.98851 0.69048 0.92 -9999 1.5 1 0.64706 1 1 1.125 1.0526 0.92 0.94872 0.95238 0.95349 0.74138 0.95652 Inf -9999 -9999 1 0.81579 0.92 1.4 -9999 -9999 1 0.95833 1.0667 -9999 -9999 -9999 0.95455 -9999 -9999 -9999 -9999 1 0.95652 0.95833 0.95455 1 0.94872 0.95652 0.84211 0.875 0.95455 0.96429 0.83784 0.83784 0.78378 0.96429 1 0.95652 1 1 1 -9999 -9999 1 1 0.53333 0.95455 -9999 -9999 -9999 -9999 -9999 1 1 1 1
-9999 0 1 0.98864 1 1 1 1 1 0.98837 0.9881 0.97727 0.95349 0.79762 0.98837 0.98837 0.98824 1 1 1 1 0.98824 0.98824 0.98824 0.79762 0.81579 1 1 0.92 0.925 0.97674 0.95455 0.52381 0.96552 1 1.3333 1.3333 0.95238 0.93023 1 Inf -9999 -9999 -9999 -9999 -9999 -9999 -9999 -9999 -9999 -9999 -9999 -9999 -9999 1 1 0.95238 0.6 1.08 0.97561 0.94872 0.96552 0.95833 0.96429 0.96552 0.93548 0.96552 0.96429 1 1 1 1 1 1 -9999 -9999 1.3333 1 0.95652 0.95652 0.95652 -9999 -9999 -9999 -9999 1 1 1 1
-9999 0 1 1 0.98824 0.98876 1 1 1 0.98876 1 1 1 0.925 0.91304 0.97561 0.52381 0.9881 1 0.98824 1 1 0.98837 0.98851 1 0.74138 0.97561 0.95455 0.92 0.95349 0.95455 0.97674 0.95122 0.96552 1 1 0.95238 1.0526 1 Inf -9999 -9999 -9999 -9999 -9999 -9999 -9999 -9999 -9999 -9999 -9999 -9999 -9999 -9999 -9999 1 -9999 1 0.95652 0.97561 0.97561 0.97561 0.94872 0.83784 0.83784 0.83784 0.81081 0.96552 0.95652 1 1 1 1 -9999 -9999 -9999 0.95652 0.95652 0.95652 0.95652 0.95652 1 1 -9999 -9999 1 1 1 1
-9999 0 0.95455 0.925 0.94872 0.96552 0.96429 0.97727 0.98824 0.98851 0.98864 1 1 0.96552 1.0667 1.04 0.95349 1 0.9881 0.97674 0.925 0.95455 1 0.98837 1 1 0.96429 3 0.95455 0.95122 0.95455 0.97561 0.95238 0.94872 0.96429 1 0.95238 1.125 1.5 -9999 -9999 -9999 -9999 -9999 -9999 -9999 -9999 -9999 -9999 -9999 -9999 -9999 -9999 -9999 -9999 -9999 -9999 1 1 0.95455 1 0.97561 0.97561 0.925 0.94872 1 0.83784 0.96552 0.95238 1 1 1 1 1 1 1 1 1 0.95652 0.95652 0.95652 1 1 1 1 1 1 1 1
-9999 0 0.98851 0.95455 0.95652 Inf 1.125 0.81579 1 1 0.98824 0.98864 1 0.95455 0.95455 0.52381 1 0.98824 0.95455 1 1 0.95652 0.97727 0.98864 1 0.98824 1 0.925 0.95122 0.9881 0.95349 1 0.95238 0.95652 0.95652 1.04 1.4 Inf Inf -9999 -9999 -9999 -9999 -9999 -9999 Inf Inf Inf 1.6 0.91304 1.0667 -9999 -9999 1 -9999 -9999 -9999 -9999 0.875 1.0526 1 0.97561 0.95238 0.97561 0.925 0.94872 0.83784 0.95833 1 1 1 1 1 1 1 1 1 1 0.6 0.95652 0.95652 1 1 1 1 1 1 1 1
-9999 0 0.95122 1.04 1 1 1 0.93023 0.98824 1 0.52381 1 0.94872 0.95349 0.79762 1 0.79762 1 0.925 0.91304 1 0.92 0.69048 0.98837 1 0.98864 0.98851 1 1 0.52381 0.925 0.92 1.5 1.3333 1.0667 1 -9999 Inf -9999 -9999 -9999 Inf 1.3333 1.5 2 1 0.95652 0.925 0.79762 1 0.94872 1 -9999 1 -9999 -9999 -9999 1 0.95238 0.975 0.97561 0.97619 0.97619 0.95238 0.97561 0.94872 0.96552 1 1 1 1 1 1 1 1 1 1 1 1 0.95652 0.95652 1 1 1 1 1 1 1 1
-9999 -9999 1.3333 1 0.95238 0.92 0.90244 0.79762 1 1 1 1 0.92683 1 0.92857 0.95238 1.0667 Inf 1.3333 0.95238 0.94872 0.95455 1 1 1 1 1 1 0.98824 0.64706 0.95455 0.95349 0.9881 1.04 1 -9999 1.5 0.91304 0.95455 0.91304 0.92 0.95455 0.79487 0.92 1 0.92 0.925 1 0.9881 1 0.9881 0.91304 3 1 1 1 -9999 -9999 1.04 0.97561 0.95238 0.97674 0.97674 0.95238 0.97561 0.94872 0.96429 1 1.0667 1 1 1 1 1 1 1 1 1 0.875 0.95652 0.95652 1 1 1 1 1 1 1 1
-9999 -9999 1 1.04 0.90244 1 1 1 1 1 0.98824 0.98864 0.64706 1 -9999 -9999 -9999 -9999 1.3333 0.96429 1 0.67857 1 1 1 1 1 1 0.98837 1 1 1 0.52381 0.95455 0.94872 0.97561 0.925 1 1 0.98851 1 0.98824 1 1 0.79762 0.97561 0.94872 1.04 0.67857 1 0.63235 1 0.95238 1.5 1.0667 1 1.7778 -9999 1 1 0.97674 0.97674 0.97674 0.97619 0.97561 0.94872 0.96429 0.95238 0.88889 1 1 1 1 1 1 1 1 1 0.95238 0.95652 1 1 1 1 1 1 1 1 1
-9999 0 0.94872 0.925 0.97674 0.97674 0.95238 0.97727 0.95455 0.97561 1 1 0.95455 0.95238 -9999 1.6 1 0.98837 0.98824 0.98824 1 0.64706 1 0.98824 0.98851 1 1 1 1 1 0.79762 1 0.98864 1 1.04 1 1 0.97561 0.98837 1 0.98864 1 0.98837 1 0.98824 1 1 1 1 0.98824 0.9881 0.97561 0.95122 0.78378 2 1 0.95652 -9999 -9999 0.97674 0.97674 0.97674 0.97674 0.97619 0.95238 0.94872 0.96429 0.95238 1 1 1 1 1 1 1 1 1 1 0.95652 0.95652 0.95238 1 1 1 1 1 1 1 1
-9999 0 0.95455 1 1 1 1 0.98824 0.98876 1 1 0.98837 0.98824 0.9881 1 1 0.98851 1 1 1 1 0.98837 1 1 1 1 1 1 0.9881 1.125 1.04 1 1 0.97674 1.1429 -9999 -9999 0.95238 1 1 1 1 1 0.69048 2 0.925 1 0.98864 0.98851 1 1 1 2 0.92 1.0667 1 0.95833 0.96552 -9999 0.97674 0.97619 0.97619 0.97619 0.97619 0.95238 0.95122 0.96429 0.95238 1 1 1 1 1 1 1 1 1 1 0.95652 0.95652 0.95238 1 1 1 1 1 1 1 1
-9999 0 1 1 1 1 1 1 0.98864 0.98851 0.98837 0.98864 0.98851 1 1 0.98876 1 1 1 1 1 1 0.92683 1 1 1 1 1 0.98824 1 0.52381 0.69048 0.98837 0.95238 1 Inf Inf 1 1 0.98851 1 1 0.98824 0.69048 0.52381 0.97727 0.98824 1 1 0.97727 1 -9999 -9999 -9999 -9999 2 0.96552 0.96552 -9999 0.95238 0.97619 0.97619 0.97619 0.97619 0.95238 0.925 0.95833 1.0526 1 1 1 1 1 1 1 1 1 1 0.95652 0.95652 1 1 1 1 1 1 1 1 1
-9999 0 1 1 1 1 1 1 1 1 0.9881 0.52381 1 1 1 1 0.98851 1 1 1 1 1 0.925 0.95238 0.98837 1 1 1 1 1 1 0.97561 2 1 1 1.5 1.3333 1.04 1 0.98837 1 0.98837 1 0.97561 0.92857 0.78378 0.64706 1 0.67857 0.95122 1 -9999 -9999 -9999 -9999 0.95652 1 0.96552 -9999 -9999 0.97619 0.97619 0.97619 0.95238 0.95238 0.925 0.95833 1.0526 0.875 1 1 1 1 1 1 1 1 1 1 1 1 1 1 1 1 1 1 1 1
-9999 0 1 1 1 1 0.98851 1 0.67857 0.95122 0.83784 1 0.96429 0.97561 0.69048 0.67857 0.95349 0.96552 0.95238 1 0.98851 0.98837 1 1 0.98837 0.98837 0.98824 1 0.98837 1 1 0.94872 1 1 0.91304 0.78378 1 1 0.9881 0.69048 0.92683 0.97727 0.92 1 1 1 0.96429 0.95238 0.79762 1 0.52381 1.4 -9999 -9999 -9999 Inf 2 0.95455 0.97561 -9999 0.97619 0.95238 0.95238 0.95238 0.95238 0.975 0.95833 1.0526 0.75 1 1 1 1 1 1 1 1 1 1 1 1 1 1 1 1 1 1 1 1
-9999 0 1 1 0.95349 1.04 0.96429 0.925 0.93023 0.97561 0.94872 1 1 0.97561 0.67857 0.75862 0.97561 0.92 0.95833 0.95652 0.96429 1 0.94872 1 1 1 1 0.64706 0.97561 0.79762 0.96429 0.95652 0.925 1 0.92 0.925 0.925 0.92 0.92 1.3333 -9999 -9999 -9999 1.4 1.1875 0.92857 0.93023 1 1 0.98837 1 1 -9999 -9999 -9999 -9999 Inf 1.0526 0.97561 -9999 0.95238 0.95238 0.95238 0.95238 0.95238 0.97561 1.04 0.95238 1 1 1 1 1 1 1 1 1 1 1 1 1 1 1 1 1 1 1 1 1
-9999 0 0.98824 0.79762 0.94872 1 1.04 0.94872 0.97674 0.97727 1 1 0.79762 1 1 0.98824 1 0.98824 0.925 1 -9999 -9999 0.95238 0.93023 0.69048 0.97561 0.69048 1 -9999 -9999 -9999 -9999 -9999 1.3333 1.3333 -9999 1.4 Inf -9999 -9999 -9999 Inf 1.3333 0.95238 0.95238 0.95455 0.79762 0.98824 1 1 0.95349 1.0667 -9999 -9999 -9999 -9999 1.5 1.0526 0.96552 -9999 -9999 0.95238 0.95238 0.95238 0.95238 0.97561 1.04 0.95238 0.6 1 1 1 1 1 1 1 1 1 1 1 1 1 1 1 1 1 1 1 1
-9999 0 1 0.67857 0.95238 0.97674 0.97674 0.95455 0.67857 0.79762 1 1 1 0.98824 0.98864 0.98837 1 0.95455 0.83784 0.96429 0.97674 1 0.92 0.95349 0.94872 0.95652 -9999 -9999 -9999 -9999 -9999 -9999 0.95833 0.95652 1.1875 1.0667 1 1.1875 1 Inf -9999 -9999 2 1 0.94872 0.95455 0.96429 0.95455 1 0.97674 1 -9999 -9999 -9999 -9999 1.5 1.1875 0.95833 0.94872 0.94872 -9999 0.95238 0.95238 0.95238 0.95238 0.97561 0.92 1.0526 1 1 1 1 1 1 1 1 1 1 1 1 1 1 1 1 1 1 1 1 1
-9999 0 0.95455 0.97561 0.97674 1 0.67857 0.80952 1 1 1 1 1 1 1 0.98837 0.67857 0.94872 0.92857 0.95238 0.98837 1 0.92857 1.1875 0.95833 1.04 0.97561 1 1 0.96296 1 1.0526 1.04 1 1.04 1.069 0.81579 0.97561 0.92683 -9999 -9999 -9999 1 1.3333 -9999 -9999 1.0667 0.92 0.94872 0.925 0.95652 -9999 -9999 -9999 -9999 0.95833 1 0.97674 0.94872 0.97727 -9999 0.95238 0.95238 0.95238 0.95238 0.97561 0.92 1.0526 1 0.625 1 1 1 1 1 1 1 1 1 1 1 1 1 1 1 1 1 1 1
-9999 0 0 0.79762 0.95455 0.79762 1 1 1 1 1 0.98824 1 1 1 1 0.83784 1 1.0526 0.97368 1 0.97674 1.04 1.0667 1 0.97674 1 0.52381 0.83784 1 0.95833 1 1.3333 1.0526 0.95455 0.95833 1 0.96552 0.96552 Inf 1.6 1 0.95238 1.3333 -9999 -9999 1.0667 0.95833 1.04 1 0.95238 1.3333 -9999 -9999 1.3333 0.83784 1 1 1 1 -9999 -9999 0.95238 0.95238 0.95238 0.97561 0.95833 1 1 1 1 1 1 1 1 1 1 1 1 1 1 1 1 1 1 1 1 1 1
-9999 0 0 1 1 1 1 0.98824 0.98824 1 0.79762 1.04 0.92 1.04 0.96296 1 1 Inf 2 1 1 1 0.69048 1 1 1 0.98851 1 0.95 1 0.95455 0.83784 1 0.97561 1 1.3333 1.3333 0.95833 0.9881 1 1.0526 1.1875 1 1.3333 -9999 1.6 0.95833 0.93023 0.92857 1 0.95238 1 1 1.4 1 0.93023 1 0.98824 0.98837 1 1 -9999 0.95238 0.95238 0.95238 0.925 1 1 1 1 1 1 1 1 1 1 1 1 1 1 1 1 1 1 1 1 1 1 1
-9999 0 0 1 0.98824 1 1 1 1 1 1 0.83784 1 1.0526 -9999 1.5 1 0.95652 0.94872 0.97674 0.80952 1 1 1 0.98824 0.98837 1 1 1 1 1.069 0.97674 1 0.67857 0.83784 1.0526 0.95238 1 0.9881 0.925 1.0526 -9999 -9999 1.4 1.0526 1.0833 0.97674 1 0.83784 1 -9999 2 1.3333 1.4 1.1875 0.95455 1 0.97674 0.98837 1 1 -9999 0.97561 0.95238 0.95238 0.925 0.95238 1 1 1 1 1 1 1 1 1 1 1 1 1 1 1 1 1 1 1 1 1 1
-9999 -9999 0 0 1 1 0.98824 1 1 1 1 1 0.80952 0.94872 1.1176 1 1.04 1 1 1 1 1 0.69048 0.97561 0.80952 1 0.98864 0.98837 0.98837 0.98851 0.98837 0.98824 1 1 0.97674 0.97674 1 1 1 1 1 0.925 1.3333 1.2857 1.2857 1.0833 0.52381 0.98837 1 0.94872 0.94872 1.6 -9999 -9999 Inf 1.6 0.95238 0.95122 0.98837 0.98837 1 -9999 0.925 0.97561 0.95238 0.94872 1 1 1 1 1 1 1 1 1 1 1 1 1 1 1 1 1 1 1 1 1 1 1
-9999 -9999 0 0 0.98824 1 1 1 1 1.0116 1 1 0.98837 1 1 0.64706 1 1 0.98824 1 1 1 1 0.97674 0.64706 1 1 1 1 0.98824 0.98824 1 0.98824 1 0.97674 0.95455 1 0.95833 1.0833 1 0.96429 1.125 0.95455 0.95833 0.96552 0.97561 0.98824 0.98876 0.98864 0.98837 1 1.125 -9999 -9999 -9999 1.0667 0.83784 0.95455 0.98837 0.98851 1 -9999 -9999 0.97561 0.97561 0.97368 1 1 1 1 1 1 1 1 1 1 1 1 1 1 1 1 1 1 -9999 1 1 1 -9999
-9999 -9999 0 0 1 0.98824 1 1 1 1 1 1 1 1 1 1 1 1 1 1 0.98876 0.98851 0.98824 1 1 0.97561 1 0.92857 1.069 0.95455 1 1 0.97674 0.80952 1 1 0.97674 0.97674 0.53571 0.98824 0.98824 0.98851 0.98824 1 1 0.97561 1 1 1 1 0.98824 1.0526 -9999 -9999 Inf 1 0.97561 0.80952 0.98837 0.98851 1 -9999 -9999 0.975 0.97561 0.81081 1 1 1 1 1 1 1 1 1 1 1 1 1 1 1 1 1 1 -9999 -9999 1 -9999 -9999
-9999 -9999 -9999 0 0 1 0.98824 1 1 1 1 1 0.98824 1 1 1 1 1 1 1 1 0.98837 1 1 0.97674 0.96552 1 1.0667 2 1 0.96296 0.97674 0.98824 0.52381 1 1 0.98851 0.98851 1 1 1 1 0.98876 0.98824 0.95833 1.6 0.83784 0.98824 1 1 1 0.97561 1 1.1875 0.95833 0.97561 1 1 0.98824 0.98851 1 -9999 -9999 0.925 0.97561 0.95833 1 1 1 1 1 1 1 1 1 1 1 1 1 1 1 1 1 1 -9999 -9999 -9999 -9999 -9999
-9999 -9999 -9999 0 0 1 1 0.98837 1 1 0.94872 1.0526 0.97674 1 1 1 1 1 0.98864 1 0.98837 0.98851 1 0.98824 0.925 1.0455 1.5 1.4 1.5 -9999 2 1.0667 0.94872 0.97561 0.94872 1 0.98824 0.98851 1 1 1 1 0.98864 1 1 1 0.925 0.98824 1 1 0.98864 0.98824 0.98824 1 1 1 0.98837 1 1 0.98824 0.64706 -9999 -9999 0.925 0.975 1 1 1 1 1 1 1 1 1 1 1 1 1 1 1 1 1 1 1 -9999 -9999 -9999 -9999 -9999
-9999 -9999 -9999 0 0 1 1 1 1 1 0.97368 0.92857 0.94872 1 1 1 1 1 1 1 1 1 1 1 0.83784 0.96429 0.96429 0.92857 0.95833 1 0.97561 1 0.98824 1 1 1 0.98824 1 1 0.98837 1 0.98876 0.98837 1 0.94872 0.94872 0.97561 0.95455 1 0.98837 1 0.98851 0.98864 0.98837 1 0.97727 0.98837 1 1 0.98824 0.67857 -9999 -9999 0.925 0.97561 0.95833 1 1 1 1 1 1 1 1 1 1 1 1 1.6 1 1 1 1 -9999 -9999 -9999 -9999 -9999 -9999
-9999 -9999 -9999 -9999 0 0 0.79762 1 1 0.98824 1 1 1 0.80952 1 1 1 0.83784 0.52381 0.98837 1 0.98876 1 0.94872 0.97561 1 1 1 0.98837 1 0.98864 1 1 1 1 0.98876 0.98864 0.98837 0.98824 1 1 0.98876 0.98837 1 0.97674 0.93023 0.97561 0.97674 1 0.98851 1 1 1 1 0.98864 1 0.98864 0.98837 0.98837 0.98824 0.67857 -9999 -9999 0.925 0.97561 0.96429 1 1 1 1 1 1 1 1 1 1 1 1 1.6 1.6 1.6 1.6 1 -9999 -9999 -9999 -9999 -9999 -9999
-9999 -9999 -9999 -9999 0 0 0.97674 1 1 1 1 0.97561 0.95122 1 0.98837 0.98851 0.98824 0.95455 1 0.98824 1 0.98837 1 0.98824 1 0.98824 1 1 0.98851 1 1 1 1 1 1 1 1 0.98876 1 1 1 1 1 1 1 1 0.95455 0.67857 1 1 1 0.98876 1 1 1 0.98824 1 1 0.98824 0.98824 0.75862 0.97727 -9999 0.925 0.97561 0.83784 0.95238 1 1 1 1 1 1 1 1 1 1 1 1.6 1.8 3 1.8 1.6 -9999 -9999 -9999 -9999 -9999 -9999
-9999 -9999 -9999 -9999 0 0 0.97561 0.97561 0.97561 0.97674 1 1 1 1 1 0.98876 0.98851 1 1 0.97674 0.97561 0.97674 1 0.98824 0.98837 1 0.98851 0.98864 0.98864 1 0.98876 1 1 1 1 1 1 1 1 1 1 1 1 0.98876 0.98864 0.98864 0.98864 0.98864 0.98824 1 1 0.98824 0.98864 1 1 1 0.97674 0.97727 1 1 0.97674 0.97561 -9999 0.94872 0.975 0.975 0.95455 1 1 1 1 0.88889 1 1 1 1 1 1 1.6 3 2 1.8 3 -9999 -9999 -9999 -9999 -9999 -9999
-9999 -9999 -9999 -9999 -9999 0 0 0.97368 1 1 1 0.98864 0.98876 1 1 1 1 0.98837 0.75862 1 Inf 0.96552 1 0.98876 1 1 1 1 1 0.98864 1 1 1.1099 1 1 1 1 1 1 1 1 1 1.0111 0.98889 1 1 1 1 1 0.96552 1 0.97674 0.98824 0.98851 1 1 0.52381 1.069 1 1 1 0.96429 -9999 0.96552 0.94872 0.975 1 1 1 1 1 1 0.88889 1 1 1 1 1 1 1.7778 1.0667 3 -9999 -9999 -9999 -9999 -9999 -9999 -9999
-9999 -9999 -9999 -9999 -9999 0 0 1 1.0526 1.0833 0.97674 1 1 1 1 1 1 1 1 0.97561 0.94872 1 0.98837 1 1 1 1 1 0.98824 1 1 1 1 1.1099 1 1 1 1 1 1 1 1 1 1 1 1 1 0.98851 1 0.98824 1 1 1 0.98851 0.98824 1 0.94872 0.96429 1.0526 1.1875 1 1 -9999 -9999 0.83784 0.94872 1.0526 1 1 1 1 1 1 1 1 1 1 1 1 1.7778 2 3.2 -9999 -9999 -9999 -9999 -9999 -9999 -9999
