data/entities/Measures_embankments/CaseDifferenceDepth_m.asc
ncols         98 
nrows         130 
xllcorner     530385.4375 
yllcorner     504074.10385949 
cellsize      100 
NODATA_value -9999 
[rows 64 to 95 of 130, columns 0 to 73 of 98]
-9999 -0.9896 -0.91 0.0415 0.0416 0.0416 0.0415 0.0414 0.0414 0.0414 0.0415 0.0417 0.0419 0.0419 0.042 0.0421 0.0418 0.0415 0.0406 0.0399 0.0397 0.0396 0.0396 0.0393 0.039 0.0386 0.0384 0.0384 0.0383 0.0383 0.0383 0.0383 0.0385 0.0385 0.0387 0.0387 0.0387 0.0385 0.0386 0.0385 0.0386 0.0387 0.0389 0.039 0.0407 0.0402 0.0401 0.0402 0.0405 0.0407 0.0406 0.0403 0.0358 0 0.039 0.039 0.039 0.039 0.039 0.031367 0 0 -0.0012334 -0.0013334 -0.0013334 -0.0012334 -0.0014334 -0.0185 -0.0189 -0.0188 -0.0216 -0.0202 -0.0024 -0.0001
-9999 -0.9963 -0.9637 0.0413 0.0412 0.0412 0.0411 0.041 0.0409 0.0409 0.041 0.0411 0.0413 0.0413 0.0416 0.0416 0.041 0.0404 0.0395 0.0391 0.039 0.0388 0.0386 0.0384 0.0384 0.0383 0.0383 0.0382 0.0381 0.0381 0.038 0.0379 0.0379 0.0379 0.0381 0.0383 0.0383 0.0382 0.0382 0.0382 0.0382 0.0385 0.0386 0.0386 0.0387 0.0387 0.0387 0.0389 0.0393 0.0397 0.04 0.0396 0.0395 0.0393 0.039 0.039 0.039 0.039 0.031267 0.031267 0.031267 0 -0.00093341 -0.00073341 -0.00083341 -0.00073341 -0.0013334 -0.0183 -0.0188 -0.0197 -0.0023 0 0 0
-9999 -1.0106 -0.9684 0.0412 0.0409 0.0407 0.0407 0.0406 0.0404 0.0404 0.0403 0.0402 0.0402 0.0401 0.04 0.0399 0.0391 0.0383 0.0383 0.0383 0.0384 0.0384 0.0382 0.0382 0.0382 0.0382 0.038 0.038 0.0379 0.0379 0.0378 0.0377 0.0378 0.0377 0.0378 0.0377 0.0377 0.0379 0.0379 0.0379 0.0379 0.039 0.0383 0.038 0.038 0.038 0.0382 0.0383 0.0385 0.0385 0 0.0392 0.0393 0.0392 0.039 0.0389 0.0388 0.0388 0.031267 0.031267 0.031367 0 -0.00043341 -0.00013341 -3.3406e-05 -0.00023341 0.0021953 -0.0192 -0.0052 -0.0001 0 0 0 0
-9999 -9999 -0.9534 -0.9508 0.0405 0.0404 0.0402 0.0401 0.04 0.0399 0.0397 0.0394 0.0391 0.0388 0.0385 0.0382 0.038 0.0378 0.0378 0.0378 0.0379 0.0379 0.0379 0.0379 0.0379 0.0379 0.0379 0.0379 0.0378 0.0377 0.0376 0.0376 0.0376 0.0376 0.0375 0.0375 0.0375 0.0375 0.0375 0.0375 0.0375 0.0374 0.038 0.0378 0.0377 0.0378 0.0379 0.038 0.0379 0.0379 0.038 0.0385 0.0392 0.0392 0.0389 0.0387 0.0387 0.0387 0.031367 0.031267 0.031167 0 -3.3406e-05 0.00066659 0.00086659 0.00086659 -0.0158 0 0 0 0 0 0 0
-9999 -9999 -0.96 -0.9332 0.0401 0.04 0.0399 0.0397 0.0396 0.0395 0.0393 0.039 0.0386 0.0381 0.0379 0.0377 0.0376 0.0375 0.0376 0.0376 0.0375 0.0376 0.0376 0.0376 0.0377 0.0377 0.0377 0.0378 0.0377 0.0376 0.0375 0.0375 0.0374 0.0373 0.0373 0.0372 0.0372 0.0372 0.0371 0.0371 0.0371 0.0371 0.0373 0.0373 0.0374 0.0376 0.0376 0.0377 0.0377 0.0377 0.0377 0.0379 0 0 0.0383 0.0384 0.0385 0.0385 0.031367 0.031167 0.031267 0 0 0.0023666 0.0022666 0.0019666 -0.0142 0 0 0 0 0 0 0
-9999 -9999 -1.0025 -0.9078 0.04 0.0397 0.0395 0.0394 0.0392 0.0391 0.0389 0.0386 0.0382 0.0378 0.0376 0.0375 0.0373 0.0373 0.0373 0.0373 0.0372 0.0373 0.0372 0.0373 0.0374 0.0374 0.0375 0.0374 0.0375 0.0374 0.0374 0.0373 0.0371 0.037 0.0368 0.0369 0.0368 0.0369 0.0367 0.0367 0.0367 0.0368 0.0368 0.037 0.0372 0.0374 0.0375 0.0375 0.0375 0.0376 0.0376 0.0376 0.038 -0.0001 0.0381 0.0382 0.0382 0.0384 0.031167 0.031267 0.031167 0 0 0.0041666 0.0039666 0.0031666 -0.0122 0 0 0 0 0 0 0
-9999 -9999 -9999 -0.904 -0.8911 0.0392 0.0392 0.039 0.0389 0.0387 0.0386 0.0382 0.0379 0.0375 0.0373 0.0372 0.0371 0.0371 0.037 0.037 0.037 0.0369 0.0369 0.0369 0.037 0.0371 0.0371 0.0372 0.0371 0.037 0.037 0.0369 0.0368 0.0367 0.0366 0.0366 0.0366 0.0365 0.0366 0.0366 0.0366 0.0367 0.0368 0.0368 0.0369 0.0372 0.0373 0.0373 0.0374 0.0374 0.0375 0.0375 0.0374 0.0376 0.0377 0.038 0.038 0.0381 0.0382 0.031267 0.031267 0 0 0.0073666 0.0060666 0.0045666 -0.0099 0 0 0 0 0 0 0
-9999 -9999 -9999 -0.9376 -0.86 0.0389 0.0387 0.0386 0.0384 0.0384 0.0381 0.0378 0.0373 0.0371 0.0369 0.0368 0.0368 0.0368 0.0368 0.0366 0.0366 0.0365 0.0366 0.0365 0.0365 0.0365 0.0365 0.0365 0.0362 0.0361 0.0362 0.0362 0.0362 0.0363 0.0362 0.0363 0.0364 0.0364 0.0365 0.0364 0.0365 0.0365 0.0366 0.0366 0.0368 0.0368 0.037 0.0372 0.0373 0.0373 0.0373 0.0374 0.0374 0.0374 0.0376 0.0378 0.0379 0.0379 0.0381 0.0382 0.0382 0 0 0.0072666 0.0069666 0.0052666 -0.0079 -0.0001 0 0 0 0 0 0
-9999 -9999 -9999 -0.9951 -0.84 0.0386 0.0383 0.0381 0.0379 0.0378 0.0375 0.0371 0.0368 0.0366 0.0365 0.0364 0.0364 0.0364 0.0363 0.0362 0.0362 0.0361 0.0361 0.0361 0.0359 0.0357 0.0354 0.0354 0.0355 0.0354 0.0355 0.0355 0.0356 0.0358 0.0358 0.0359 0.036 0.0361 0.0361 0.0363 0.0363 0.0364 0.0364 0.0365 0.0365 0.0366 0.0368 0.0369 0.037 0.0371 0.0372 0.0374 0.0374 0.0374 0.0375 0.0377 0.0378 0.0379 0.0379 0.038 0.0381 0 0 0.0073666 0.0073666 0.0066666 -0.0064 -0.0059 0 0 0 0 0 0
-9999 -9999 -9999 -9999 -0.8624 -0.8083 0.0378 0.0377 0.0375 0.0372 0.0369 0.0366 0.0362 0.036 0.036 0.0359 0.036 0.036 0.0359 0.0359 0.0359 0.0359 0.0357 0.0356 0.0353 0.0352 0.035 0.035 0.0351 0.0351 0.0352 0.0354 0.0355 0.0355 0.0357 0.0357 0.0359 0.0359 0.0359 0.036 0.0361 0.0362 0.0362 0.0362 0.0364 0.0364 0.0367 0.0367 0.0369 0.0369 0.0371 0.0371 0.0372 0.0373 0.0374 0.0376 0.0378 0.0378 0.0379 0.038 0.038 0 0 0.0076666 0.0077666 0.0077666 -0.0056 -0.0101 0 0 -0.0001 -0.0001 -0.0001 -0.0001
-9999 -9999 -9999 -9999 -0.9146 -0.7724 0.0374 0.0373 0.037 0.0367 0.0363 0.0357 0.0356 0.0355 0.0354 0.0355 0.0354 0.0354 0.0354 0.0355 0.0356 0.0354 0.0353 0.035 0.0349 0.0348 0.0348 0.0349 0.035 0.0351 0.0352 0.0352 0.0354 0.0354 0.0354 0.0356 0.0356 0.0357 0.0358 0.0358 0.0358 0.0359 0.036 0.036 0.0361 0.0363 0.0364 0.0366 0.0368 0.0369 0.037 0.0371 0.0371 0.0373 0.0373 0.0375 0.0376 0.0378 0.0378 0.0379 0.038 0.031167 0 0.0079666 0.0079666 0.0080666 0.0067154 -0.0091 -0.0001 0 0 -0.0003 0 0
-9999 -9999 -9999 -9999 -0.988 -0.7718 0.037 0.0367 0.0365 0.036 0.0355 0.0351 0.0348 0.0347 0.0347 0.0347 0.0347 0.0346 0.0348 0.035 0.0352 0.0348 0.0347 0.0346 0.0345 0.0346 0.0346 0.0347 0.0348 0.0349 0.035 0.0351 0.0352 0.0353 0.0353 0.0353 0.0355 0.0355 0.0356 0.0356 0.0356 0.0357 0.0358 0.0359 0.0359 0.036 0.0362 0.0362 0.0365 0.0367 0.0369 0.037 0.037 0.0371 0.0372 0.0373 0.0375 0.0376 0.0378 0.031167 0.031067 0.031167 0 0.0082666 0.0083666 0.0083666 0.011067 -0.009 -0.0001 0 0.0007 0.0007 -0.0009 -0.0001
-9999 -9999 -9999 -9999 -9999 -0.8137 -0.7069 0.036 0.0359 0.0354 0.0348 0.0344 0.0344 0.0341 0.0342 0.0341 0.0341 0.0342 0.0342 0.0342 0.0338 0.034 0.0341 0.0341 0.0341 0.0343 0.0344 0.0345 0.0346 0.0348 0.0349 0.035 0.035 0.0351 0.0352 0.0353 0.0354 0.0354 0.0354 0.0355 0.0356 0.0357 0.0356 0.0357 0.0359 0.036 0.036 0.0361 0.0363 0.0364 0.0366 0.0368 0.0369 0.0369 0.037 0.0372 0.0373 0.0374 0.031067 0.031167 0.031167 0.031167 0 0.0084666 0.0086666 0.0084666 0.011095 -0.0082 0 0 0.0007 0.0008 0.0006 -0.0021
-9999 -9999 -9999 -9999 -9999 -0.886 -0.6724 0.0356 0.0353 0.0347 0.0341 0.034 0.0337 0.0338 0.0337 0.0336 0.0336 0.0335 0.0335 0.0334 0.0332 0.0333 0.0336 0.0338 0.0339 0.034 0.0341 0.0344 0.0344 0.0345 0.0347 0.0348 0.0349 0.035 0.0351 0.0351 0.0352 0.0353 0.0353 0.0353 0.0353 0.0355 0.0355 0.0356 0.0356 0.0357 0.0359 0.036 0.0361 0.0362 0.0362 0.0364 0.0366 0.0368 0.0369 0.037 0.0371 0.031451 0.0736 0.0733 0.0732 0.073 0 0 0.0084666 0.0083666 -0.0041 -0.0004 0 -0.0002 0.0007 0.0007 0.0009 -0.0003
-9999 -9999 -9999 -9999 -9999 -0.9805 -0.6819 0.0352 0.0348 0.0337 0.0334 0.0333 0.0332 0.0331 0.0331 0.0331 0.0329 0.0328 0.0327 0.0327 0.0329 0.033 0.0331 0.0334 0.0335 0.0336 0.0337 0.0339 0.0341 0.0344 0.0344 0.0347 0.0349 0.035 0.035 0.0351 0.0351 0.0351 0.0351 0.0352 0.0351 0.0352 0.0354 0.0354 0.0355 0.0356 0.0357 0.0357 0.0359 0.036 0.0362 0.0363 0.0364 0.0366 0.0367 0.0369 0.032051 0.043351 0.0667 -0.0001 0.0226 0.0367 0.0299 0 0.0082666 0.0081666 -0.0039 -0.0001 0 -0.0003 0.0008 0.0008 -0.001 -0.0001
-9999 -9999 -9999 -9999 -9999 -9999 -0.7458 -0.5885 0.0329 0.0321 0.0324 0.0327 0.0324 0.0324 0.0323 0.0323 0.0322 0.0322 0.0323 0.0323 0.0324 0.0326 0.0327 0.0331 0.033 0.0332 0.0332 0.0332 0.0334 0.034 0.0342 0.0346 0.0347 0.0348 0.0347 0.0348 0.0348 0.0348 0.0348 0.0348 0.0349 0.035 0.035 0.0351 0.0352 0.0352 0.0355 0.0356 0.0357 0.0358 0.036 0.0361 0.0363 0.0363 0.0364 0.0365 0.049051 0.0738 0.0431 0 0 0.0343 0.0272 0 0.0080666 0.0080666 -0.0038 -0.0001 0 0 0.0007 0.0007 -0.0012 0
-9999 -9999 -9999 -9999 -9999 -9999 -0.8464 -0.5841 0.0301 0.0303 0.0308 0.0312 0.0313 0.0314 0.0314 0.0315 0.0315 0.0316 0.0317 0.0319 0.0319 0.032 0.0323 0.0324 0.0324 0.0326 0.0327 0.0327 0.0328 0.033 0.0332 0.0339 0.0345 0.0345 0.0341 0.0341 0.0342 0.0342 0.0343 0.0345 0.0346 0.0347 0.0348 0.0348 0.035 0.0351 0.0351 0.0352 0.0354 0.0356 0.0357 0.0358 0.0359 0.0359 0.0359 0.034551 0.034851 0.0724 0.0351 0 0 0.0201 0.0258 0 0 0.0079666 -0.0034 0 0 0 0.0008 0.0008 0.0008 0
-9999 -9999 -9999 -9999 -9999 -9999 -0.9728 -0.5723 0.0295 0.0293 0.0294 0.0296 0.0301 0.0304 0.0305 0.0306 0.0309 0.031 0.0312 0.0314 0.0314 0.0316 0.0317 0.0318 0.032 0.032 0.0321 0.0322 0.0321 0.0321 0.0321 0.0325 0.0327 0.0333 0.033 0.033 0.0333 0.0336 0.0339 0.034 0.0343 0.0344 0.0345 0.0346 0.0347 0.0347 0.0349 0.035 0.0351 0.0351 0.0352 0.0354 0.0355 0.0355 0.0356 0.034451 0.034551 0.0751 0 0 -0.0003 0.015 0.028 0.0315 0 0.0076666 -0.003 0 0 0 0.0009 0.0009 0.001 -0.0002
-9999 -9999 -9999 -9999 -9999 -9999 -9999 -0.6471 -0.6216 0.028 0.0284 0.0287 0.029 0.0294 0.0298 0.03 0.0302 0.0304 0.0306 0.0308 0.0309 0.031 0.0312 0.0313 0.0314 0.0314 0.0314 0.0315 0.0315 0.0315 0.0316 0.0315 0.0319 0.0322 0.0325 0.0327 0.0329 0.0331 0.0335 0.0339 0.034 0.0342 0.0343 0.0343 0.0344 0.0345 0.0345 0.0347 0.0349 0.0351 0.0352 0.0352 0.0353 0.0353 0.0353 0.034351 0.034451 0.057851 0.0719 0 0 0.0054 0.0295 0.0316 0 0.0074666 -0.0023 0 0 0 0.001 0.0009 0.001 0
-9999 -9999 -9999 -9999 -9999 -9999 -9999 -0.786 -0.577 0.0256 0.0271 0.0278 0.0282 0.0286 0.029 0.0292 0.0296 0.0297 0.0301 0.0303 0.0305 0.0306 0.0308 0.0308 0.0309 0.031 0.0311 0.0311 0.0311 0.0311 0.0311 0.0311 0.0313 0.0315 0.0318 0.0321 0.0324 0.0325 0.0327 0.0333 0.0337 0.0338 0.0339 0.034 0.0341 0.0342 0.0342 0.0343 0.0345 0.0349 0.0349 0.0351 0.0351 0.0351 0.034251 0.034251 0.034451 0.037851 0.062851 0 0.0644 0.0488 0.0356 0.032 0 0.0071666 0.0013 0 0 0 0.0011 0.0009 0.001 0.0002
-9999 -9999 -9999 -9999 -9999 -9999 -9999 -0.959 -0.552 0.0242 0.0255 0.0269 0.0275 0.0279 0.0283 0.0286 0.0289 0.0293 0.0295 0.0298 0.03 0.0301 0.0303 0.0303 0.0305 0.0306 0.0305 0.0306 0.0307 0.0307 0.0307 0.0308 0.031 0.0311 0.0314 0.0316 0.0318 0.0321 0.0322 0.0326 0.0329 0.0332 0.0334 0.0336 0.0337 0.0338 0.0338 0.0339 0.034 0.0343 0.0346 0.0347 0.0347 0.0348 0.034151 0.038751 0.0762 0.045051 0.036351 0.035351 0.065451 0.077551 0.0491 0.0357 0 0 0.015871 -0.0001 0 0 0.001 0.001 0.001 0.0009
-9999 -9999 -9999 -9999 -9999 -9999 -9999 -9999 -0.4737 -0.7072 0.0259 0.0265 0.027 0.0274 0.0277 0.028 0.0283 0.0287 0.029 0.0292 0.0294 0.0296 0.0298 0.03 0.03 0.03 0.0299 0.0299 0.03 0.0302 0.0302 0.0304 0.0307 0.0308 0.0311 0.0312 0.0314 0.0317 0.0318 0.0319 0.0322 0.0324 0.0328 0.0331 0.0333 0.0335 0.0336 0.0335 0.0335 0.0335 0.0336 0.0341 0.0343 0.0345 0.034051 0.036251 0.065551 0.0773 0.036051 0.035151 0.034951 0.072051 0.0549 0.0438 0 0 0.015471 0 0 -0.0001 0.0011 0.0011 0.001 0.0009
-9999 -9999 -9999 -9999 -9999 -9999 -9999 -9999 -0.7182 -0.882 0.0252 0.026 0.0266 0.0268 0.027 0.0272 0.0275 0.0279 0.0283 0.0285 0.0288 0.0289 0.0291 0.0292 0.0291 0.029 0.0289 0.0291 0.0293 0.0294 0.0296 0.0299 0.0302 0.0305 0.0308 0.031 0.0311 0.0313 0.0315 0.0317 0.032 0.0322 0.0324 0.0326 0.0328 0.0329 0.033 0.0331 0.0331 0.0332 0.0332 0.0335 0.0338 0.0341 0.034951 0.0773 0.076 0.037251 0.035751 0.035251 0.034451 0.060051 0.0593 0.0427 0 0 0.015071 0 0 0 0.0012 0.0011 0.0011 0.001
-9999 -9999 -9999 -9999 -9999 -9999 -9999 -9999 -9999 -0.9366 -0.8126 0.0255 0.0262 0.0263 0.026 0.0264 0.0268 0.0272 0.0276 0.0279 0.0282 0.0283 0.0281 0.028 0.0278 0.0279 0.0279 0.0281 0.0283 0.0286 0.0289 0.0293 0.0297 0.0302 0.0304 0.0306 0.0309 0.031 0.0313 0.0314 0.0317 0.0318 0.0321 0.0321 0.0324 0.0325 0.0326 0.0327 0.0328 0.0328 0.033 0.0331 0.0332 0.0334 0.0331 0.0328 0.037451 0.037051 0.036251 0.035951 0.0756 0.0698 0 0.022171 0 0.0396 0.014771 0 0 0 -0.0003 0.0012 0.0012 0
-9999 -9999 -9999 -9999 -9999 -9999 -9999 -9999 -9999 -9999 -0.5019 -0.1579 0.0246 0.0255 0.0242 0.0255 0.0263 0.0267 0.027 0.0273 0.0274 0.0274 0.0272 0.0268 0.0268 0.027 0.0273 0.0276 0.0278 0.0281 0.0284 0.0288 0.0292 0.0296 0.03 0.0303 0.0306 0.0307 0.031 0.0311 0.0314 0.0316 0.0318 0.0319 0.032 0.0321 0.0322 0.0323 0.0325 0.0326 0.0327 0.0327 0.0326 0.0325 0.0327 0.0326 0.0327 0.0326 0.0323 0.032 0.0326 0.0615 0 0 0.035685 0.04748 0.014671 0 0 0 0 0.0013 0.0014 0
-9999 -9999 -9999 -9999 -9999 -9999 -9999 -9999 -9999 -9999 -9999 -0.6349 -0.1941 -0.2842 0.0221 0.0244 0.0258 0.0264 0.0266 0.0269 0.0266 0.0265 0.0263 0.0264 0.0266 0.0267 0.0269 0.0271 0.0272 0.0276 0.0279 0.0282 0.0286 0.0291 0.0295 0.0298 0.03 0.0303 0.0305 0.0307 0.0308 0.0311 0.0313 0.0315 0.0317 0.0318 0.032 0.032 0.0321 0.0322 0.0324 0.0324 0.0325 0.0325 0.0326 0.0326 0.0327 0.0326 -0.0001 -0.0001 -0.0001 0 0 0.014071 0.035285 0.04918 0.0082201 0 0 0 0 0.0045488 0.0132 0.0051
-9999 -9999 -9999 -9999 -9999 -9999 -9999 -9999 -9999 -9999 -9999 -9999 -0.7396 -0.6049 -0.5267 0.024 0.0255 0.0262 0.0265 0.0264 0.0254 0.0257 0.0259 0.0261 0.0263 0.0265 0.0266 0.0268 0.0269 0.0271 0.0273 0.0275 0.0279 0.0284 0.0289 0.0293 0.0296 0.0297 0.03 0.0303 0.0304 0.0306 0.0309 0.0311 0.0313 0.0315 0.0316 0.0319 0.032 0.032 0.0322 0.0322 0.0323 0.0323 0.0325 0.0326 0.0326 0.033 0 0 0 0 0.0004 0.013671 0.0181 0.0416 0 0 0 0 0 0.0056713 0.0040713 0.0012713
-9999 -9999 -9999 -9999 -9999 -9999 -9999 -9999 -9999 -9999 -9999 -9999 -9999 -9999 -0.9205 -0.4987 -0.3526 0.0257 0.0262 0.0259 0.0251 0.0251 0.0255 0.0258 0.026 0.0261 0.0263 0.0264 0.0266 0.0268 0.0269 0.0271 0.0275 0.0278 0.0283 0.0288 0.0291 0.0293 0.0295 0.0298 0.03 0.0301 0.0304 0.0306 0.0309 0.0311 0.0314 0.0317 0.0318 0.0319 0.032 0.0321 0.0322 0.0323 0.0323 0.0325 0.0441 0.0395 -0.0001 -0.0001 0 0 0 0.012971 0.017405 0.0449 0.013171 0 0 0 0 0.0042713 0.0054713 0.0054713
-9999 -9999 -9999 -9999 -9999 -9999 -9999 -9999 -9999 -9999 -9999 -9999 -9999 -9999 -9999 -0.7791 -0.4576 0 -0.0001 0.0251 0.0244 0.0245 0.0252 0.0256 0.0259 0.026 0.0261 0.0262 0.0264 0.0264 0.0266 0.0269 0.0271 0.0274 0.0279 0.0285 0.0289 0.0292 0.0294 0.0294 0.0297 0.03 0.0302 0.0305 0.0307 0.0309 0.0311 0.0313 0.0316 0.0318 0.0319 0.032 0.0321 0.0322 0.0322 0.0789 0 -0.0001 0.014071 0.013671 0.013171 0.0217 0.012571 0.014571 0.017105 0.0478 0.012571 0 0 0 0.0096713 0.010271 0.010271 -0.46965
-9999 -9999 -9999 -9999 -9999 -9999 -9999 -9999 -9999 -9999 -9999 -9999 -9999 -9999 -9999 -9999 -9999 -0.4859 -0.0498 -0.0001 0.0213 0.0231 0.0248 0.0255 0.0258 0.0259 0.026 0.0259 0.026 0.0262 0.0262 0.0265 0.0267 0.027 0.0276 0.0284 0.0286 0.0288 0.0291 0.0292 0.0295 0.0297 0.0299 0.0302 0.0304 0.0306 0.0309 0.0311 0.0313 0.0316 0.0318 0.0319 0.0321 0.0322 0.050451 0 -0.0001 0.015671 0.019571 0.019905 0.0218 0.0216 0.0214 0.0213 0.033885 0.048 0.0481 0.017805 0 0 0.0087 0.010771 0.010371 -0.63085
-9999 -9999 -9999 -9999 -9999 -9999 -9999 -9999 -9999 -9999 -9999 -9999 -9999 -9999 -9999 -9999 -9999 -9999 -9999 -0.5205 -0.2708 0 0.0246 0.0256 0.0258 0.0258 0.0257 0.0255 0.0255 0.0257 0.026 0.0261 0.0263 0.0265 0.0268 0.0275 0.0284 0.0285 0.0287 0.029 0.0292 0.0294 0.0297 0.0299 0.0302 0.0305 0.0307 0.0309 0.0312 0.0315 0.0317 0.0319 0.032 0 0 0 0.022671 0.018471 0.015471 0.014071 0.0217 0.0214 0.0214 0.0212 0.020405 0.0482 0.0478 0.0476 0.0135 0.0206 0.0195 0 -0.070449 0
-9999 -9999 -9999 -9999 -9999 -9999 -9999 -9999 -9999 -9999 -9999 -9999 -9999 -9999 -9999 -9999 -9999 -9999 -9999 -9999 -0.7966 -0.4291 -0.1713 -0.0003 0.0257 0.0256 0.0252 0.0249 0.0247 0.0251 0.0255 0.0258 0.0259 0.0261 0.0263 0.0269 0.0277 0.0281 0.0284 0.0286 0.0289 0.0292 0.0295 0.0297 0.0299 0.0301 0.0304 0.0307 0.031 0.0313 0.0315 0.0317 0 0 0 0 0.020271 0.019271 0.015971 0.013471 0.012671 0.0214 0.0212 0.0211 0.020305 0.046485 0.0479 0.0476 0.047 0.0476 0.020305 -0.0001 0 -9999
