data/entities/Measures_embankments/CaseDifferenceDepth_m.asc
ncols         98 
nrows         130 
xllcorner     530385.4375 
yllcorner     504074.10385949 
cellsize      100 
NODATA_value -9999 
[rows 32 to 63 of 130, columns 0 to 73 of 98]
-9999 -9999 -9999 -0.9146 -0.8785 0.0363 0.0362 0.0361 0.0024 0.0365 0.0368 0.0367 0.0366 0.0366 0.0365 0.0366 0.0368 0.0368 0.0367 0.0367 0.0331 0.033 0.0321 0.0314 0.0311 0.0309 0.0034 0.0302 0.0301 0.0301 0.0301 0.0299 0 0 0 0 0.0104 0.0023 0 -0.026 -0.0266 -0.0267 -0.0267 -0.0267 -0.0267 -0.0268 -0.0083 0 0 0 -0.0148 -0.0271 -0.0269 -0.027 -0.0244 -0.0269 -0.0269 -0.0268 -0.0266 -0.0264 -0.0264 -0.0262 -0.026 -0.0262 -0.026 -0.026 -0.026 -0.0258 -0.0255 -0.0252 -0.0249 -0.0246 -0.0246 -0.0246
-9999 -9999 -0.9648 -0.903 0.0365 0.0366 0.0366 0.0368 0.0374 0.0374 0.0373 0.0374 0.0371 0.0369 0.0368 0.0369 0.0369 0.0369 0.0369 0.0368 0.0363 0.0352 0.0335 0.0318 0.0312 0.0303 0.0301 0.03 0.0301 0.0299 0.0299 0.0298 0.0297 0.0252 0.0016 -0.0014 0.0037 0.0025 0 0 -0.0266 -0.0267 -0.0267 -0.0266 -0.0268 -0.0267 -0.0267 -0.0266 -0.0227 -0.0001 0 0 -0.0269 -0.027 0 0 0 -0.027 -0.0265 -0.0263 -0.0261 -0.026 -0.026 -0.0261 -0.026 -0.0259 -0.026 -0.0261 -0.0262 -0.0265 -0.0265 -0.0262 -0.0251 -0.0254
-9999 -9999 -0.9442 -0.9037 0.0368 0.0369 0.037 0.0372 0.0375 0.0374 0.0374 0.0375 0.0373 0.0373 0.0372 0.0371 0.0371 0.0371 0.037 0.037 0.0369 0.0363 0.0354 0.0309 0.0031 0.0151 0.0001 0.0252 0.0297 0.03 0.0299 0.0298 0.0297 0.0282 0.0016 0 0 -0.0001 0 0 0 -0.0267 -0.0267 -0.0267 -0.0267 -0.0266 -0.0267 -0.0267 -0.0267 -0.0266 0 0 -0.0276 -0.0269 0 0 0 0 -0.0256 -0.026 -0.026 -0.0261 -0.026 -0.0261 -0.026 -0.026 -0.026 -0.026 -0.0258 -0.0252 -0.0262 -0.0256 -0.0253 -0.0253
-9999 -9999 -0.9312 -0.9167 0.0373 0.0372 0.0373 0.0375 0.0375 0.0375 0.0375 0.0376 0.0375 0.0374 0.0374 0.0374 0.0374 0.0374 0.0374 0.0373 0.0372 0.0369 0.0366 0.0345 0.0343 0.0317 0 -0.0001 -0.0001 0 -0.0002 -0.0012 0 0 0.0065 0 0.0153 0.0305 0.0329 0.0328 0 -0.0266 -0.0268 -0.0266 -0.0267 -0.0267 -0.0266 -0.0267 -0.0267 -0.0266 -0.0267 -0.0249 -0.006 -0.029 0 0 0 0 -0.0201 -0.0258 -0.0258 -0.0258 -0.0258 -0.0259 -0.0259 -0.026 -0.0259 -0.0259 -0.0257 -0.0252 -0.0259 -0.0254 -0.0251 -0.0249
-9999 -0.9736 -0.9325 0.0374 0.0374 0.0375 0.0376 0.0377 0.0377 0.0376 0.0377 0.0376 0.0377 0.0376 0.0377 0.0377 0.0377 0.0379 0.0378 0.0377 0.0376 0.0377 0.0379 0.0379 0.0379 0.038 0.038 0.038 0.0356 -0.0001 -0.0001 0 0 0.0107 0.0343 0.0341 0.0332 0.033 0.0329 0.0328 0.0328 0 -0.0267 -0.0266 -0.0266 -0.0266 -0.0266 -0.0266 -0.0266 -0.0266 -0.0266 -0.0266 -0.0265 0 0 0 0 0 -0.0278 -0.0257 -0.0257 -0.0256 -0.0256 -0.0258 -0.0259 -0.0259 -0.0259 -0.0259 -0.0257 -0.0239 -0.0252 -0.0248 -0.0246 -0.0243
-9999 -0.9594 -0.9502 0.0376 0.0376 0.0377 0.0378 0.0378 0.0378 0.0378 0.0377 0.0378 0.0378 0.0378 0.0379 0.038 0.0381 0.0381 0.038 0.0381 0.038 0.0379 0.038 0.038 0.038 0.038 0.038 0.0379 0.0379 0.0379 0.0376 0.0374 0.037 0.0362 0.0355 0.0343 0.0335 0.033 0.033 0.0329 0.0329 0 0 -0.0266 -0.0266 -0.0266 -0.0266 -0.0266 -0.0266 -0.0266 -0.0266 -0.0266 -0.0266 0 0 0 0 0 -0.0251 -0.0253 -0.0254 -0.0255 -0.0256 -0.0254 -0.0068 -0.026 -0.0259 -0.0261 -0.0079 -0.0251 -0.0245 -0.0244 -0.0242 -0.0241
-9999 -0.9648 -0.955 0.0378 0.0379 0.0379 0.0378 0.0379 0.0379 0.0378 0.0379 0.0379 0.0379 0.038 0.0381 0.0382 0.0383 0.0384 0.0384 0.0383 0.0382 0.038 0.038 0.038 0.038 0.038 0.0381 0.038 0.038 0.0379 0.0379 0.0376 0.0373 0.0367 0.0357 0.0347 0.0336 0.0332 0.033 0.0328 0.0329 0.0328 0 0 0 -0.0259 -0.0265 -0.0266 -0.0266 -0.0266 -0.0267 -0.0266 -0.0264 0 0 0 0 -0.0248 -0.025 -0.025 -0.0252 -0.0252 -0.0252 -0.0254 -0.0255 -0.0278 -0.027 -0.0266 -0.0271 -0.0248 -0.0245 -0.0243 -0.0241 -0.0241
-9999 -0.9733 0.0379 0.0379 0.0379 0.0379 0.0379 0.0379 0.0379 0.038 0.038 0.038 0.038 0.0382 0.0383 0.0384 0.0386 0.0386 0.0387 0.0389 0.039 0.0387 0.0384 0.0382 0.0382 0.0381 0.0382 0.0381 0.0382 0.0381 0.038 0.0378 0.0374 0.0367 0.0359 0.0348 0.0336 0.0331 0.033 0.0328 0.0328 0.0317 0.0278 0.0227 0 0 0 -0.0266 -0.0266 -0.0266 -0.0266 -0.0267 -0.0253 -0.0235 -0.0128 -0.0246 -0.0040047 -0.013033 -0.013133 -0.013133 -0.013133 -0.0249 -0.025 -0.0251 -0.0259 -0.0273 -0.0135 -0.0001 0 -0.0026 -0.0243 -0.0241 -0.0241 -0.024
-9999 -0.8059 0.0379 0.0385 0.0386 0.0385 0.0384 0.0383 0.0382 0.0382 0.038 0.038 0.0381 0.0384 0.0388 0.0389 0.0389 0.039 0.0392 0.0394 0.0395 0.0398 0.0396 0.038 0.0387 0.0387 0.0384 0.0385 0.0386 0.0384 0.0383 0.0379 0.0374 0.0368 0.0359 0.0341 0.0334 0.0332 0.0331 0.0328 0.0327 0.0301 0.0288 0.0281 0.03 0.03 0 0 -0.0267 -0.0266 -0.0267 -0.0265 0 0 -0.0246 -0.012833 -0.013129 -0.013033 -0.013033 -0.013129 -0.012933 -0.013033 -0.0248 -0.0246 -0.0239 -0.0001 0 0 0 0 -0.0239 -0.024 -0.024 -0.0239
-9999 -0.7954 0.0403 0.0403 0.0399 0.0398 0.0393 0.0389 0.0386 0.0383 0.0382 0.0383 0.0385 0.0389 0.0391 0.0393 0.0394 0.0395 0.0398 0.0401 0.0402 0.0403 0.0404 0.0404 0.0404 0.0402 0.0391 0.0395 0.0394 0.0392 0.0389 0.0382 0.0375 0.0363 0.0351 0.034 0.0334 0.0332 0.033 0.033 0.0328 0.0324 0.0316 0.0306 0.0301 0.0301 0.0301 0 0 -0.0266 -0.0266 -0.0266 -0.0261 -0.0274 -0.020985 -0.012933 -0.013033 -0.013033 -0.012933 -0.013029 -0.012733 -0.011833 -0.0242 -0.0239 -0.0238 -0.0238 -0.0241 0 0 0 -0.0001 -0.0239 -0.0239 -0.0239
-9999 -0.9162 0.0406 0.0406 0.0405 0.0403 0.04 0.0396 0.0392 0.0386 0.0385 0.0388 0.0393 0.0395 0.0396 0.0398 0.04 0.0403 0.0403 0.0403 0.0403 0.0404 0.0404 0.0405 0.0404 0.0404 0.0404 0.0403 0.0403 0.0403 0.04 0.0392 0 -0.0001 0.0267 0.0331 0.0331 0.0332 0.033 0.033 0.0328 0.0326 0.0317 0.0312 0.0311 0.0303 0.0302 0.0301 0 0 -0.0266 -0.0267 -0.0271 -0.0231 -0.0043047 -0.012933 -0.012933 -0.012833 -0.012933 -0.012929 -0.012133 -0.011033 -0.010233 -0.0239 -0.0238 -0.0237 -0.0236 -0.0001 0 0 -0.0238 -0.024 -0.024 -0.0239
-9999 -0.8267 0.0412 0.0411 0.0411 0.0408 0.0406 0.0402 0.0397 0.039 0.0396 0.04 0.041 0.0406 0.0402 0.0405 0.0405 0.0406 0.0406 0.0405 0.0404 0.0404 0.0404 0.0404 0.0405 0.0405 0.0405 0.0407 0.0408 0.041 0.0411 0.0414 0 -0.0001 0.0005 0 0 0.0331 0.0331 0.033 0.0329 0.0302 0.0318 0.0317 0.0317 0.0115 -0.0001 0.0298 0.0298 0 -0.0266 -0.0266 0 -0.0251 -0.0041047 -0.012833 -0.012733 -0.012833 -0.0037047 -0.0036047 -0.010333 -0.010533 -0.010033 -0.0238 -0.0237 -0.0236 -0.0235 -0.0234 -0.0235 -0.0234 -0.0235 -0.024 -0.0239 -0.0239
-9999 -0.8636 0.042 0.0419 0.0419 0.0418 0.0419 0.0419 0.0422 0.0389 0.0425 0.0428 0.0426 0.0423 0.0416 0.0414 0.0413 0.0411 0.041 0.0407 0.0406 0.0405 0.0404 0.0405 0.0405 0.0406 0.0406 0.041 0.0413 0.0418 0.0425 0.0431 0.0434 0.0434 0.0432 0.0114 0 0.0332 0.0335 0.0333 0.033 0.0324 0.0321 0.0319 0.0318 0.0278 0.0282 0.0298 0.0297 0 -0.0266 -0.0265 0 -0.0248 -0.0041047 -0.012833 -0.012733 -0.012833 -0.0243 0 -0.024 -0.010433 -0.0098334 -0.0098334 -0.0236 -0.0234 -0.0094334 -0.0023047 -0.023 -0.023 -0.0231 -0.0044047 -0.0239 -0.024
-9999 -0.9583 0.0425 0.0426 0.0426 0.0426 0.0427 0.0429 0.0432 0.043 0.043 0.0429 0.0428 0.0427 0.0428 0.0424 0.0421 0.0418 0.0416 0.0411 0.0408 0.0405 0.0404 0.0405 0.0406 0.0407 0.0406 0.0422 0.0425 0.0427 0.0431 0.0434 0.0435 0.0435 0.0432 0.0258 0.0351 0.0351 0.0348 0.0345 0.0336 0.0327 0.0322 0.0319 0.0319 0.0317 0.0316 0.0301 0.0278 0 0 0 0 -0.0246 -0.0038047 -0.012833 -0.012733 -0.012633 -0.0066846 -0.0237 -0.0237 -0.0238 -0.0099334 -0.0097334 -0.0095334 -0.0092334 -0.0090334 -0.0083334 -0.0063334 -0.0030334 -0.0042334 -0.0229 0 0
-9999 -1.012 0.0428 0.0429 0.0431 0.0433 0.0434 0.0436 0.0437 0.0436 0.0434 0.0429 0.0429 0.0429 0.0429 0.0427 0.0426 0.0425 0.0424 0.0422 0.042 0.0405 0.0425 0 0.0424 0.0428 0.0432 0.0431 0.0434 0.0435 0.0437 0.0439 0.0438 0.0439 0.0433 -0.0001 0.0357 0.0357 0.0356 0.0352 0.0346 0.0327 0.0321 0.0318 0.0318 0.0318 0.0317 0.0302 0.0273 0 0 0 0 -0.0046 -0.0244 -0.012733 -0.012633 -0.012033 -0.0098334 -0.0084334 -0.0232 -0.0225 -0.0107 -0.0025047 -0.0087334 -0.0086334 -0.0082334 -0.0081334 -0.0066334 -0.0057334 -0.0056334 -0.0228 0 0
-9999 -0.9974 0.0432 0.0431 0.0433 0.0435 0.0437 0.0437 0.0439 0.044 0.044 0.0433 0.0434 0.0433 0.0431 0.0431 0.0431 0.0431 0.0431 0.0432 0.0427 0.0427 0.0464 0.0463 0.0464 0.0465 0.0451 0.0445 0.0443 0.0443 0.0443 0.0443 0.0444 0.0444 0.0444 0 0.0365 0.0365 0.0362 0.036 0.0354 0.0317 0.0318 0.0318 0.0317 0.0317 0.0314 0.0231 0.0247 0.0246 0 0 0 0 -0.0243 -0.011833 -0.012233 -0.0097334 -0.0077334 -0.0061334 -0.0057334 -0.0225 -0.0224 -0.0066334 -0.0072334 -0.0075334 -0.0075334 -0.0075334 -0.0071334 -0.0062334 -0.0056334 -0.0229 0 0
-9999 -0.9182 0.0433 0.0434 0.0435 0.0436 0.0438 0.0439 0.0442 0.0444 0.0446 0.0446 0.0443 0.0438 0.0435 0.0435 0.0436 0.0439 0.0445 0.0454 0.0461 0.0463 0.0463 0.0463 0.0462 0.0462 0.0464 0.0457 0.0453 0.0451 0.0449 0.0448 0.0446 0.0447 0.0445 0.0436 0.0414 0.0383 0.0369 0.0365 0.0367 0.0142 0 0 0.0055 0 0 0 0 -0.0001 0 0 0 0 -0.0085 -0.0242 -0.0035047 -0.0237 -0.0067334 -0.0051334 -0.0049334 -0.0046334 -0.0049334 -0.0057334 -0.0054334 -0.0061334 -0.0064334 -0.0063334 -0.0072334 -0.0228 -0.0207 0 0 0
-9999 -0.8268 0.0436 0.0436 0.0437 0.0438 0.044 0.0443 0.0446 0.0448 0.0449 0.045 0.0449 0.0445 0.044 0.0441 0.0443 0.0445 0.0449 0.0455 0.0463 0.0463 0.0461 0.0461 0.0461 0.0461 0.0461 0.0463 0.0461 0.0458 0.0456 0.0453 0.0451 0.0449 0.0448 0.0443 0.0433 0.0412 0.0386 0.0367 0.0082 0 0 0 0 0 0 0 0 0.0188 0 0 0 0 0 -0.0129 0 -0.023 -0.0062334 -0.0049334 -0.0045334 -0.0043334 -0.0044334 -0.0044334 -0.0046334 -0.0047334 -0.0049334 -0.0051334 -0.0069334 -0.0222 0 0 0 0
-9999 -0.7982 0.0439 0.0439 0.044 0.0441 0.0447 0.0451 0.0453 0.0455 0.0454 0.0454 0.0453 0.0452 0.0448 0.0448 0.0448 0.0451 0.0452 0.0456 0.0463 0.0461 0.0461 0.046 0.0459 0.0459 0.0459 0.046 0.0462 0.0462 0.0462 0.0459 0.0454 0.0452 0.0449 0.0447 0.0439 0.0429 0.0408 0.0369 0 0 0 0 -0.0001 0 0.0005 0.0004 0.0434 0.0434 0.0434 -0.0001 0 0 0 0 0 -0.0001 -0.0222 -0.00083341 -0.0043334 -0.0038334 -0.0038334 -0.0039334 -0.0040334 -0.0040334 -0.0039334 -0.0041334 -0.0011047 0 0 0 -0.0005 0
-9999 -0.7483 0.0443 0.0443 0.0446 0.045 0.0459 0.0459 0.0459 0.0459 0.046 0.0457 0.0458 0.0457 0.0457 0.0455 0.0453 0.0453 0.0455 0.0458 0.0461 0.046 0.0458 0.0458 0.0457 0.0458 0.0458 0.0458 0.0458 0.046 0.0461 0.0462 0.0459 0.0454 0.0452 0.045 0.0446 0.0448 0.0419 0.0412 0.0418 0.0432 0.0303 0.0431 0.0436 0.0435 0.0434 0.0434 0.0433 0.0433 0.0433 0.0434 0.0239 0.0052 0 0 0 0 -0.0215 -0.0214 -0.0036334 -0.0035334 -0.0036334 -0.0037334 -0.0036334 -0.0036334 -0.0036334 -0.0020334 -0.0217 -0.0163 0 0 0 0
-9999 -0.4937 0.0448 0.0453 0.0457 0.0457 0.0456 0.0455 0.0456 0.0456 0.0456 0.0456 0.0458 0.0459 0.0459 0.0457 0.0454 0.0455 0.0457 0.046 0.0458 0.0456 0.0457 0.0457 0.0457 0.0456 0.0456 0.0457 0.0456 0.0458 0.0457 0.0458 0.0459 0.0461 0.046 0.0451 0.0453 0.0455 0.0425 0.0372 0.044 0.0439 0.0438 0.0436 0.0435 0.0434 0.0433 0.0433 0.0433 0.0433 0.0432 0.0433 0.0433 0 0 0 0 -0.0051 -0.00010472 -0.0030334 -0.0031334 -0.0033334 -0.0032334 -0.0031334 -0.0031334 -0.0033334 -0.0032334 -0.00043341 -0.0216 -0.023 0 0 0.0001 0
-9999 -0.1822 0.0452 0.0454 0.0455 0.0458 0.0455 0.0453 0.0453 0.0453 0.0453 0.0453 0.0454 0.0457 0.0459 0.046 0.0458 0.0457 0.0457 0.0455 0.0453 0.0454 0.0454 0.0454 0.0455 0.0454 0.0455 0.0455 0.0456 0.0456 0.0456 0.0457 0.0457 0.0456 0.0456 0.045 0.0446 0.0444 0.044 0.0439 0.0438 0.0437 0.0436 0.0436 0.0435 0.0435 0.0433 0.0434 0.0433 0.0433 0.0432 0.0433 0.0433 0.0445 -0.0001 0 0 0 -0.0028334 -0.0028334 -0.0029334 -0.0031334 -0.0029334 -0.0031334 -0.0030334 -0.0032334 -0.0031334 0.00029528 -0.0216 -0.0223 0 0 0 -0.0001
-9999 -0.2244 0.044 0.0446 0.0448 0.0448 0.045 0.045 0.0451 0.0451 0.045 0.045 0.045 0.0451 0.0448 0.0327 0.0454 0.0453 0.0451 0.0451 0.0451 0.0453 0.0453 0.0453 0.0454 0.0454 0.0454 0.0454 0.0455 0.0455 0.0455 0.0456 0.0456 0.0454 0.0452 0.0449 0.0445 0.0442 0.0439 0.0438 0.0437 0.0437 0.0436 0.0436 0.0435 0.0435 0.0434 0.0434 0.0432 0.0433 0.0433 0.0432 0.0432 0.0433 0.0547 0.0523 0.0535 0 -0.0028334 -0.0028334 -0.0027334 -0.0027334 -0.0028334 -0.0028334 -0.0027334 -0.0027334 -0.0026334 -0.00020472 -0.0217 -0.0204 0 0 0 0
-9999 -0.5388 0.0442 0.0443 0.0444 0.0444 0.0446 0.0446 0.0447 0.0447 0.0447 0.0447 0.0447 0.0448 0.0447 0.0446 0.0444 0.0445 0.0446 0.0447 0.045 0.0451 0.0452 0.0452 0.0453 0.0452 0.0453 0.0453 0.0454 0.0454 0.0455 0.0454 0.0453 0.0454 0.0452 0.0449 0.0444 0.044 0.0438 0.0438 0.0437 0.0438 0.0437 0.0436 0.0435 0.0433 0.0433 0.0433 0.0432 0.0432 0.0432 0.0433 0.0432 0.0433 0.0431 0.0549 0.023467 0 0 -0.0025334 -0.0026334 -0.0027334 -0.0027334 -0.0027334 -0.0026334 -0.0022334 -0.0010334 -0.00090472 -0.0216 0 0 0 0 -0.0001
-9999 -0.8867 0.0441 0.0441 0.0442 0.0442 0.0443 0.0443 0.0442 0.0444 0.0444 0.0444 0.0444 0.0443 0.0442 0.0442 0.0444 0.0445 0.0445 0.0446 0.0448 0.0449 0.0451 0.0451 0.0451 0.0451 0.0452 0.0452 0.0453 0.0453 0.0453 0.0453 0.0453 0.0452 0.0451 0 0.0439 0.0438 0.0437 0.0436 0.0437 0.0437 0.0437 0.0436 0.0435 0.0433 0.0432 0.0431 0.0432 0.0432 0.0433 0.0432 0.0432 0.0433 0.0432 0.0428 0.023867 0.027267 0 -0.0026334 -0.0025334 -0.0025334 -0.0025334 -0.0025334 -0.0024334 -0.0025334 -0.0025334 -0.011085 -0.0203 -0.0002 0 0 0 0
-9999 -1.1055 0.044 0.044 0.044 0.044 0.0441 0.044 0.0442 0.0442 0.0442 0.0441 0.0442 0.0442 0.0441 0.0442 0.0443 0.0444 0.0445 0.0445 0.0446 0.0447 0.0448 0.0449 0.0449 0.045 0.045 0.045 0.0451 0.0452 0.0451 0.0451 0.0452 0.0451 0.0448 0.0442 0.0439 0.0438 0.0437 0.0436 0.0437 0.0436 0.0437 0.0435 0.0434 0.0433 0.0431 0.0432 0.0431 0.043 0.043 0.0432 0 0 0.043 0.0421 0.027467 0.027567 0 -0.0026334 -0.0025334 -0.0026334 -0.0024334 -0.0025334 -0.0025334 -0.0025334 -0.0023334 -0.0201 -0.0202 0 0 0 0.0001 0
-9999 -1.1294 0.0439 0.0439 0.0439 0.0439 0.044 0.044 0.044 0.044 0.0439 0.044 0.044 0.044 0.0439 0.0441 0.044 0.0443 0.0444 0.0445 0.0445 0.0446 0.0446 0.0447 0.0448 0.0448 0.045 0.0449 0.0449 0.045 0.045 0.0451 0.0449 0.0448 0.0444 0.0439 0.0438 0.0437 0.0436 0.0436 0.0437 0.0436 0.0435 0.0435 0.0433 0.0431 0.043 0.043 0.0429 0.043 0.0429 0.0432 0 0 0.041 0.0418 0.0417 0.027867 0 0 -0.0024334 -0.0023334 -0.0025334 -0.0024334 -0.0023334 -0.0023334 -0.0024334 -0.0199 -0.02 0 0 0 0 0.0001
-9999 -1.073 0.0438 0.0438 0.0438 0.0438 0.0438 0.0437 0.0436 0.0436 0.0436 0.0436 0.0435 0.0436 0.0436 0.0437 0.0438 0.044 0.0441 0.0443 0.0444 0.0445 0.0444 0.0444 0.0445 0.0445 0.0448 0.0448 0.045 0.045 0.045 0.045 0.0447 0.0444 0.0439 0.0436 0.0436 0.0435 0.0436 0.0436 0.0437 0.0436 0.0435 0.0434 0.043 0.0429 0.0428 0.0427 0.0427 0.0426 0.0425 0.0425 0 0 0.0197 0.0417 0.0413 0.0409 0.030667 0 -0.0023334 -0.0025334 -0.0023334 -0.0023334 -0.0023334 -0.0022334 -0.0023334 -0.0197 -0.0196 -0.001 0 0 0 0
-9999 -1.0167 0.0435 0.0436 0.0436 0.0436 0.0434 0.0432 0.0432 0.0431 0.0431 0.0432 0.0432 0.0432 0.0432 0.0431 0.0433 0.0434 0.0435 0.0438 0.0443 0.0442 0.0441 0.044 0.0442 0.0443 0.0444 0.0447 0.0449 0.045 0.0449 0.0449 0.0446 0.0439 0.0436 0.0434 0.0434 0.0434 0.0435 0.0436 0.0434 0 0.0432 0.0429 0.0425 0.0425 0.0424 0.0425 0.0425 0.0424 0.0425 0.0424 0.0439 0 0.0028 0.0415 0.0406 0.0402 0.030867 0 -0.0024334 -0.0022334 -0.0022334 -0.0022334 -0.0021334 -0.0022334 -0.0022334 -0.0079846 -0.0194 -0.0153 0 0 0 0
-9999 -0.9633 0.0433 0.0432 0.0432 0.0431 0.0428 0.0428 0.0427 0.0427 0.0426 0.0426 0.0426 0.0427 0.0427 0.0428 0.0427 0.0426 0.0427 0.0427 0 0.0427 0.043 0.0434 0.0435 0.0438 0.0441 0.0442 0.0441 0 -0.0001 0.0447 0 0.042 0.0419 0.0422 0.0422 0.0424 0 0.0434 0.0433 0.0415 0.0418 0.0421 0.0421 0.0422 0.0422 0.0422 0.0423 0.0423 0.0423 0.0424 0.0435 0 0.001 0.0403 0.0398 0.0397 0.0397 0 0 -0.0019334 -0.0019334 -0.0020334 -0.0020334 -0.0021334 -0.0019334 -0.0065846 -0.0194 -0.0206 0 0 0 0
-9999 -0.9193 0.0431 0.0429 0.0425 0.0423 0.0422 0.0422 0.0423 0.0423 0.0422 0.0423 0.0423 0.0424 0.0424 0.0424 0.0424 0.0423 0.0419 0.0415 0.0406 0.0407 0.0413 0.0423 0.0422 0.042 0.0432 0.0423 0.0387 0 0 0.0394 0.0393 0.0396 0.0396 0.0394 0.0396 0.0393 0.039 0.0394 0.0399 0.0409 0.0414 0.0418 0.0421 0.0422 0.0421 0.042 0.0419 0.0419 0.0418 0.0422 0 -0.0003 0.0404 0.0392 0.0393 0.0392 0.0393 0.0391 0 -0.0018334 -0.0018334 -0.0018334 -0.0018334 -0.0017334 -0.0017334 -0.019 -0.0193 -0.0196 -0.0149 0 -0.0001 -0.0001
-9999 -0.9243 0.0429 0.0424 0.0422 0.0419 0.0419 0.0418 0.0418 0.0418 0.0418 0.042 0.0422 0.0422 0.0422 0.0422 0.0422 0.042 0.0414 0.0406 0.0402 0.0401 0.0404 0.0407 0.0403 0.0396 0.0387 0.0385 0.0383 0.0384 0.0385 0.0386 0.0389 0.039 0.039 0.0389 0.0389 0.0388 0.0388 0.0391 0.0395 0.04 0.0404 0.0407 0.0417 0.0417 0.0413 0.0412 0.0413 0.0414 0.0414 0.0415 0 0 0.0391 0.039 0.0391 0.0391 0.0391 0.031367 0 -0.0018334 -0.0015334 -0.0016334 -0.0016334 -0.0015334 -0.0016334 -0.0187 -0.0192 -0.0193 -0.0213 -0.0199 -0.0028 -0.0002
