data/entities/Measures_khals_deepened_1m/CaseDifferenceDuration_fraction.asc
ncols         98 
nrows         130 
xllcorner     530385.4375 
yllcorner     504074.10385949 
cellsize      100 
NODATA_value -9999 
[rows 0 to 34 of 130, columns 0 to 77 of 98]
1 1 1 1 1 1 1 1 1 1 1 1 1 1 1 1 1 1 1 1 1 1 1 1 1 1 1 1 1 1 1 1 1 1 1 1 1 1 1 1 1 1 1 1 1 1 1 1 1 1 1 1 1 1 1 1 1 1 1 1 1 1 1 1 1 1 1 1 1 1 1 1 1 1 1 1 1 1
1 1 1 1 1 1 1 1 1 1 1 1 1 1 1 1 1 1 1 1 1 1 1 1 0.91667 0.73333 0.24 0.88 0.86364 0.2 0.66667 0.33333 0 0 0 0 0 0 0 1 1 1 1 1 1 1 1 1 1 1 1 1 1 1 1 1 1 1 1 1 1 1 1 1 1 1 1 1 1 1 1 1 1 1 1 1 1 1
1 1 1 1 1 1 1 1 1 1 1 1 1 1 1 1 1 1 1 1 1 1 0.75862 0.95455 0.90476 0.91304 0.58974 0.86364 0.42105 0.2 0.6 0.33333 0 0 1 1 1 1 1 1 0 0 0 0 0 0 0.5 1 1 1 1 1 1 1 1 1 1 1 1 1 1 1 1 1 1 1 1 1 1 1 1 1 1 1 1 1 1 1
1 1 1 1 1 1 1 1 1 1 1 1 1 1 1 1 1 1 1 1 1 1 1 0.42105 0.42105 0.90476 0.42105 0.6 0.33333 0.33333 0.375 0.7619 0.78947 0.6 0.6 0 0 1 1 1 1 1 1 1 1 1 1 1 1 1 1 1 0 0 1 1 1 1 1 1 1 1 1 1 1 1 1 1 1 1 1 1 1 1 1 1 1 1
1 1 1 1 1 1 1 1 1 1 1 1 1 1 1 1 1 1 1 1 1 1 1 0.5 0.375 0.26316 0.33333 0.33333 0 0 0.2 0.90909 0.7619 0.6 0 0.66667 0.66667 0.33333 0 1 1 1 1 1 1 1 1 1 1 1 1 1 1 1 1 1 1 1 1 1 1 1 1 1 1 1 1 1 1 1 1 1 1 1 1 1 1 1
1 1 1 1 1 1 1 1 1 1 1 1 1 1 1 1 1 1 1 1 1 1 1 1 0.66667 0.26667 0.90476 0.26316 0.375 0.375 0.42105 0.86364 0.26316 0.33333 0 0.5 0.71429 0.5 0.5 0 1 1 1 1 1 1 1 1 1 1 1 1 1 1 1 1 1 0 0.33333 0.25 0 0 1 1 1 1 1 1 1 1 1 1 1 1 1 1 1 1
1 1 1 1 1 1 1 1 1 1 1 1 1 1 1 1 1 1 1 1 1 1 1 1 0.33333 0.90476 0.91667 0.91304 0.90476 0.78947 0.7619 0.75 0.375 0 1 0 0.375 0.59292 0.66667 0 0 1 1 1 1 1 1 1 1 1 1 1 1 1 1 0 0.31579 0.375 0.35294 0.5 0.42857 0.6 0.33333 0 1 1 1 1 1 1 1 1 1 1 1 1 1 1
1 1 1 1 1 1 1 1 1 1 1 1 1 1 1 1 1 1 1 1 1 1 1 1 1 0.875 0.725 0.71795 0.775 0.71795 0.7931 0.91304 0.33333 0 1 1 1 0.6 0 0 0 0 0 1 1 1 1 1 1 1 1 1 1 0 0 0.77778 0.65217 0.375 0.33333 0.33333 0.33333 0.375 0.375 0.5 0 1 1 1 1 1 1 1 1 1 1 1 1 1
1 1 1 1 1 1 1 1 1 1 1 1 0.4881 1 1 1 1 1 1 1 1 1 1 1 1 0.7931 0.92 0.67568 0.775 0.90244 0.71795 0.64865 0.90476 0.6 0.33333 0 1 1 1 1 0 0 0 0 1 1 1 1 1 0 0 0 0 0.33333 0.36842 0.77778 0.26316 0.33333 1 1 0 0.25 0.25 0.42857 0.25 0 1 1 1 1 1 1 1 1 1 1 1 1
1 1 1 1 1 1 1 1 1 1 1 0.4881 0.90244 0.70732 0.90476 1 1 1 1 1 1 1 1 1 1 1 0.75 0.7619 0.91304 0.77419 0.71795 0.725 0.91667 0.90476 0.42105 0.33333 0 0 1 1 1 1 1 1 1 1 1 0 0 0 0 0 0.25 0.25 0.4 0.77778 0.3125 0 1 0 0 0.33333 0.68182 0.4 0.1875 0.5 0 0 1 1 1 1 1 1 1 1 1 1
1 1 1 1 1 1 1 1 1 1 0.5119 0.90698 0.71795 0.90476 0.7619 0.2 0 1 1 1 1 1 1 1 1 1 1 0 0.33333 0.875 0.67568 0.90698 0.77419 0.875 0.875 0.91304 0.78947 0 1 1 1 1 1 1 1 1 1 1 0 0 0 0.5 0.375 0.76923 0.82609 0.68182 0.33333 1 1 1 0.33333 0.65217 0.86667 0.875 0.68182 0.26316 0.75 0.33333 0 0 1 1 1 1 1 1 1 1
1 1 1 1 1 1 1 1 1 1 0.4881 0.70732 0.7931 0.91304 0.90476 0.86957 0.86957 0.75 0.6 1 1 1 1 1 1 1 1 1 0.66667 0.90476 0.875 0.76667 0.7931 0.92 0.92 0.92 0.90909 0.7619 1 1 1 1 1 1 1 1 1 1 1 1 0 0.5 0.36842 0.86957 0.65217 0.73913 0.33333 1 1 1 0.25 0.86957 0.89655 0.86957 0.26316 0.375 0.375 0.25 0.33333 0 0 1 1 1 1 1 1 1
1 1 1 1 1 1 1 1 1 0.80952 0.88 0.7619 0.90476 0.84 0.84 0.86364 0.7619 0.92 0.71795 0.90698 0.52381 0.49398 0.90698 1 1 1 1 0.33333 0.86957 0.875 0.91304 0.91304 0.91304 0.875 0.91667 0.7931 0.76667 0.7931 0.90476 0 1 1 1 1 1 1 1 1 1 1 0 0.33333 0.42857 0.375 0.75 0.5 0 1 1 0 0 0.33333 0.33333 0.75 0.375 0.375 0.375 0.375 0.33333 0 0 0 1 1 1 1 1 1
1 1 1 1 1 1 1 1 1 0.60294 1 0 0.2 0.375 0.375 0.75 0.92 0.7 0.95122 0.49398 0.52381 0.7 0.84 0.75 0.375 1 1 1 0.77419 0.7931 0.90476 0.42105 0.90476 0.86364 0.875 0.90476 0.71795 0.77419 0.875 0.75 0.33333 0.33333 0 0 1 1 1 1 1 1 0 0 0 0 0 0 1 1 1 1 1 1 1 1 0 0.375 0.375 0.25 0.5 0.33333 0 0 1 1 1 1 1 1
1 1 1 1 1 1 1 1 1 0.90244 0 0.3125 0.75 0.75 1 0.3125 0.7931 0.90244 0.90244 0.90244 0.7 0.375 1 0 0.375 0.3125 0.7619 1 0.77419 0.7931 0.26316 0.66667 0.26667 0.7619 0.86364 0.92 0.7931 0.875 0.90476 0.26316 0.66667 0 0 1 1 1 1 1 0 0.33333 0.5 0 1 1 1 0 0 1 1 1 1 1 1 1 1 1 0 0.375 0.68182 0.375 0.25 0 1 1 1 1 1 1
1 1 1 1 1 1 1 1 1 0.71795 0.5119 0.7 0.71795 0.64103 0.92 0.92 0.7 0.95122 0.92857 0.95122 0.82143 0.4 0.33333 0.6 0.42105 0.88 0.7 1 1 0.7931 0 0 0.66667 0.3125 0.86957 0.90909 0.91304 0.86364 0.42105 0.33333 0.33333 0 1 1 1 1 0 0.33333 1 1 1 1 1 1 1 1 1 1 1 1 1 1 1 1 1 1 1 0 0.25 0.75 0.75 1 1 1 1 1 1 1
1 1 1 1 1 1 1 1 0.5119 0.65789 0.69048 0.5119 0.4881 0.90909 0.7 0.92857 0.90909 0.90909 0.61194 0.5119 1 0.82143 0 0.4 0.42105 0.7619 0.91304 0.7931 1 0.64865 0 0.6 0.26316 0.47368 0.3125 0.90476 0.91304 0.90476 0.42105 0.33333 0.33333 1 1 1 1 1 0 0.33333 1 1 1 1 1 0 0 1 1 1 1 1 1 1 1 1 1 1 1 1 1 0 0.33333 0 1 1 1 1 1 1
1 1 1 1 1 1 1 1 0.4881 0.64103 0.52381 0.69048 0.5119 0.4881 0.4881 0.92857 0.70732 0.90244 0.7069 0.52381 0.5119 0.92 0.6 0 0.33333 0.90476 0.91304 0.84 1 1 0.7 0.65789 0.7931 0.875 0.7931 0.76667 0.67568 0.91304 0.47368 0.375 0.33333 1 1 1 1 1 0.42105 0.7619 1 1 1 1 0 0.78571 0.42105 0.375 0 1 1 1 1 1 1 1 1 1 1 1 1 1 1 0 1 1 1 1 1 1
1 1 1 1 1 1 1 1 0.88636 0.70732 0.5119 0.4881 0.90909 0.90698 0.70732 0.64103 0.82143 0.92 0.82143 0.7 0.82759 0.91304 0.42105 0.26316 0.90476 0.88 0.91304 0.82609 0.875 1 0.90698 0.50602 0.7 0.7931 0.91304 0.67568 0.90244 0.86957 0.4 0 1 0.2 0 0 0.375 0.33333 0.86364 0.33333 0.375 0 1 1 0.3125 0.77419 0.375 1 0 0 1 1 1 1 1 1 1 1 1 1 1 1 1 1 1 1 1 1 1 1
1 1 1 1 1 1 1 0.52381 0.92857 0.60294 0.92857 0.82143 0.64103 0.67568 0.82143 0.82143 0.91304 0.7619 0 1 0 0.42105 0.71795 0.71795 0.82143 0.82609 0 0.6 0.7619 1 0.49398 0.51807 0.88 0.42105 0.42105 0.86364 0.90909 0.33333 1 1 1 1 0.33333 0 1 1 0.33333 0.2 0.26316 0.42105 0.375 0.375 0.91304 0.91667 0.6 1 0.33333 0.5 0.33333 0 0 0 1 1 1 1 1 1 1 1 1 1 1 1 1 1 1 1
1 1 1 1 1 1 1 0.5119 0.92857 0.4881 0.90244 0.86957 0.67568 0.64103 0.7 0.82143 0.86957 0 1 1 1 1 0.90244 0.4881 0.82143 0 1 1 0.375 1 0.92857 0.90244 0.6 0.33333 0.66667 0.42105 0.33333 1 1 1 1 0.33333 0.42105 0.3125 0.26316 1 1 1 0 0.4 0.78947 0.82609 0.875 0.91304 0.2 0.33333 0.375 0.42105 0.91304 0.91304 0.90476 0.78947 0.375 0 0 1 1 1 1 1 1 1 1 1 1 1 1 1
1 1 1 1 1 1 0.98824 0.4881 0.92857 0.4881 0.92857 0.70732 0.92857 0.67568 0.88636 0.82143 0.90476 0.86364 1 1 1 1 0.92 0.88636 0.82143 0.3125 1 1 0.26316 1 1 0.64103 0.92 0.6 0 1 1 1 1 1 0 0.42105 0.86364 0.91304 0.91667 0.6 1 1 0.33333 0.3125 0.86957 0.86957 0.91304 0.90476 0.33333 0 0 0.7619 0.6 0.64198 0.6 0.65116 0.91667 0.90476 0.375 1 1 1 1 1 1 1 1 1 1 1 1 1
1 1 1 1 1 1 1 0.4881 0.88636 0.4881 0.95122 0.90244 0.71795 0.91304 1 1 0.2 0.42105 0.7619 0.26316 0.26667 0.90476 0.82143 0.725 0.7 0.67568 0.64103 0.91304 0.91304 0.64103 1 0.86957 0.90476 0.3125 0 1 0 0.5 0.90476 0.375 0.2 0.78947 0.90476 0.86957 0.875 0.875 0.7931 0.65789 0.875 0.76667 0.7931 0.90476 0.42105 0.4 0.2 0.7619 0.90476 0.875 0.61538 0.61538 0.76667 0.91304 0.78571 0.86364 0.90476 0.42105 0.6 0.42105 0.75 0.6 0.2 0 1 1 1 1 1 1
1 1 1 1 1 1 0.52381 0.60294 0.4881 0.5119 0.90244 0.90244 0.82143 0.42105 0.90476 0.26316 0.84 0.88636 0.92857 0.725 0.90244 0.90244 0.90244 0.90244 0.90244 0.90244 0.90244 0.7931 0.82609 0.4 0.6 1 0.86364 0.78947 0.66667 0 0 0.33333 0.33333 0.90476 0.78947 0.47368 0.42105 0.90476 0.875 0.7931 0.64865 0.7 0.7 0.725 0.76667 0.42105 0 1 0 0.2 0.86364 0.875 0.6 0.44444 0.91304 0.78947 0.7619 0.90476 0.90476 0.26316 0.78947 0.78947 0.78947 0.47368 0.42105 0.3125 0.26667 0.2 1 1 1 1
1 1 1 1 1 0.98824 0.5119 0.4881 0.52381 0.5119 0.92683 0.95122 0.82143 0.42105 1 0.88636 0.92857 0.4881 0.88636 0.90698 0.90244 0.92857 0.92857 0.90698 0.92857 0.90244 0.90244 0.82143 0.7619 0 0 1 0.78947 0.5 0 0 1 0 0.33333 0.375 0.3125 0.33333 0.42105 0.90476 0.875 0.7931 0.77419 0.71795 0.7 0.725 0.7931 0.42105 0 1 1 0 0.42105 0.42105 0.42105 0.375 0.6 0.4 0.2 0.42105 0.7619 0.86364 0.90476 0.90476 0.7619 0.3125 0.33333 0.33333 0.33333 0.7619 0 1 1 1
1 1 1 1 1 1 0.5119 0.5119 0.52381 0.5119 0.88636 0.92857 0.82143 0.42105 1 0.4 0.88 0.7 0.90698 0.90698 0.90698 0.90698 0.90698 0.92857 0.92857 0.90244 0.7 0.7931 0.86957 0.75 0 1 1 1 1 0.26316 0.3125 0.375 0.33333 0.33333 0.42105 0.86364 0.90476 0.90476 0.86364 0.91304 0.7931 0.88095 0.67568 0.76667 0.91304 0.7619 0.26316 1 1 1 0 0 1 1 0 0 0.6 0.3125 0.42105 0.90476 0.90476 0.90476 0.86364 0 1 1 1 0.375 1 1 1 1
1 1 1 1 1 0.80952 0.5119 0.52381 0.80952 0.52381 0.4881 0.90698 0.64103 0.86957 0.91304 0.82143 0.67568 0.7 0.92857 0.90909 0.5119 0.4881 0.60294 0.7069 0.88636 0.90698 0.88636 0.71795 0.84 0.75 0 1 1 1 1 0.26316 0.3125 0.90476 0.725 0.76667 0.7619 0.7619 0 0.4 0.42105 0.42105 0.2 0.6 0.7619 0.875 0.86957 0.7619 0.42105 0 1 1 1 1 1 1 0 0.3125 0.7619 0.7619 0.78947 0.78947 0.7619 0.78947 0.375 0 1 1 1 0.26316 0.33333 1 1 1
1 1 1 1 0.98824 0.52381 0.5119 1 1 0.52381 0.5119 0.60294 0.92857 0.90244 0.5119 0.4881 0.93182 0.95122 0.90244 0.7 0.7069 0.90244 0.92683 0.88636 0.88636 0.88636 0.90698 0.64103 0.82609 0.82609 1 1 1 1 0.33333 1 0.33333 0.33333 0.42105 0.5 0 1 1 0 0.33333 0.25 1 1 0 0.875 0.90476 0.33333 0 0 0 0.33333 0.42105 0 1 1 0 0.42105 0.875 0.86364 0.91304 0.875 0.86364 0.90476 0.90476 0.375 0 0 0.6 0.82609 0.82609 0.375 0.375 1
1 1 1 1 0.98824 0.52381 0.5119 1 0.98824 0.98824 0.80952 0.5119 0.5119 0.69048 1 0.52381 0.7069 0.4881 0.67568 0.86957 1 0.7619 0.82143 0.70732 0.92857 0.92857 0.90698 0.7931 0.7619 1 1 0.6 0.82143 1 1 0.95455 0.42105 0.42105 0 0 0 1 0 0.2 0.82609 0.25 1 1 1 0 1 1 1 1 0.4 0.90476 0.82609 0.33333 1 1 0 0 0.33333 0.42105 0.90476 0.91304 0.7619 0.42105 0.26667 0.3125 0.2 0.33333 0.42105 0.82609 0.86957 0.78947 0.33333 0
1 1 1 1 1 0.5119 0.52381 0.80952 0.96552 0.98824 0.52381 1 0.80952 1 0.97674 0.4881 0.84 1 0 0.25 0.90476 0.75 0.84 0.92683 0.92857 0.90244 0.70732 0.7 0.64103 0.90244 0.92 0.91304 0.90476 0.2 1 1 1 0.33333 0.88 0.33333 0.33333 0.42105 0.71429 0.84 0.7 0.26316 1 1 1 1 1 1 1 0.33333 0.90476 0.65789 0.65789 0.90476 0.6 0 0 0 0.33333 0.33333 0.42105 0.42105 0.375 0 0 0.26316 0.75 0.82609 0.83333 0.8 0.88 0.7619 0.375 0.33333
1 1 1 0.98824 0.69048 0.52381 0.69048 0.52381 0.90244 0.92857 0.88 0.375 0.90698 0.52381 0.98824 0.7069 0.7619 0.2 1 0 1 0 0.7619 0.64103 0.7 0.64103 0.82143 0.7 0.60294 1 0.90698 0.75 0 1 1 1 1 1 1 0 0.33333 0.7619 0.84 0.64865 0.7 0.42105 1 1 1 1 1 1 0.33333 0.90476 0.91667 0.7 0.70732 0.7931 0.91304 0.90476 0.375 0 0 0.4 0.26667 0.26667 0.6 0.33333 0.26667 0.75 0.78947 0.71429 0.86957 0.6 0.88462 0.26316 0.33333 0
1 1 1 0.98824 0.69048 0.52381 0.52381 0.93182 1 0 0.33333 0.75 0.70732 0.5119 0.98824 0.5 0.7931 1 0.375 0.6 1 0 0.7619 0.70732 0.71795 0.875 0.86957 0.84 0.725 0.69048 0.82759 1 1 1 1 1 1 1 1 0.33333 0.75 0.82143 0.64103 0.7931 0.70732 0.6 1 1 1 1 1 1 0.33333 0.6 0.2 0.91667 0.7931 0.82143 0.78571 0.91304 0.33333 0 1 0 0.375 0.42105 0.375 0.4 0.42105 0.26316 0.375 0.6 0.33333 0.42105 0.375 1 1 1
1 1 1 1 0.69048 0.80952 0.5119 0.67568 1 0 0.7619 0.86957 0.92857 0.52381 0.97674 0.98824 0.4881 0.5119 0.82143 0.90476 1 0.42105 0.84 0.90698 0.86957 0.33333 1 0 0.4 0.82143 0.7619 1 1 1 1 1 1 1 1 0.26316 0.84 0.92857 0.64865 0.86957 0 0 1 1 1 1 1 1 0.33333 0 1 0.4 0 0.375 0.7619 0.90476 0.42105 0.375 0.33333 0.33333 0.33333 0.6 0.33333 0 0 0 1 1 0 0 1 1 1 1
1 1 0.97674 1 0.80952 0.52381 0.60294 0.86957 0.84 0.92857 0.4881 0.98824 1 0.98824 0.96591 0.97701 0.98824 1 0.90909 0.82143 0.42105 0.84 0.90476 0.375 1 1 0 1 0 1 0.6 0.375 0.26316 1 1 1 1 1 1 1 0.82609 0.64865 0.67568 0.84 0.84 0.33333 1 1 1 1 1 1 1 0 1 1 1 1 0 0.90476 0.86364 0.86364 0.7619 0.6 0 1 0 0 0 1 1 1 1 0 1 1 1 1
1 1 0.98824 1 1 0.52381 0.90244 0.82609 0.5119 1 0.97674 0.96629 0.96629 0.96591 0.96552 0.98824 0.52381 0.5119 0.4881 0.90909 1 0.7931 0.4 1 1 1 1 1 1 0.42105 0 0 0.375 1 1 1 1 1 1 1 1 0.70732 0.90244 0.70732 0.70732 0.82609 0 0 0 1 1 1 1 0 1 1 1 1 1 0.3125 0.75 0.90476 0.91304 0.78947 0.4 0 0 0 0 1 1 1 0 0.33333 0 1 1 1
