data/entities/Measures_khals_deepened_1m/CaseDifferenceDuration_fraction.asc
ncols         98 
nrows         130 
xllcorner     530385.4375 
yllcorner     504074.10385949 
cellsize      100 
NODATA_value -9999 
[rows 70 to 104 of 130, columns 0 to 77 of 98]
1 1 1 0.52381 0.5119 0.52381 0.98824 0.96552 0.96552 0.80952 0.4881 0.5119 0.98824 0.96591 0.87129 0.98876 0.97753 0.97753 0.96629 0.96629 0.97753 0.97674 0.52381 0.4881 0.90698 0.82759 0.7619 0.33333 0.375 0.3125 0.81481 0.90698 0.98824 0.46429 0.4881 0.96552 0.96552 0.96552 0.96552 0.96591 0.96629 0.87255 0.95506 0.51765 0.83333 0.6 0.7027 0.51765 0.97674 0.96552 0.98824 0.70732 0.7619 0.4375 0.875 0.70732 0.4881 0.5119 0.67059 0.93103 0.5119 1 1 0.725 0.70732 0.91667 0.375 0.4 0.4 0.4 0.4 0.4 0.4 0.4 0.4 0.4 0.4 0.4
1 1 1 0.80952 0.5 0.5119 0.52381 0.97674 0.96591 0.4881 0.71795 0.42105 0.90698 0.98824 0.98876 0.96591 0.97674 0.97674 0.96591 0.96591 0.97674 0.96552 0.98824 0.8 0.725 0.86364 0.25 0.4 0 1 0.375 0.26667 0.69231 0.70732 0.69231 0.82759 0.68235 0.96552 0.96591 0.96591 0.96629 0.97753 0.96591 0.5 0.78571 0.86364 0.7 0.67059 0.98824 0.96552 0.96591 0.68235 0.51765 0.98824 0.4881 0.5119 0.97674 0.98824 0.98824 0.51765 0.57353 1 1 0.725 0.725 0.91304 0.44444 0.4 0.4 0.4 0.4 0.4 0.4 0.4 0.4 0.4 0.4 0.4
1 1 1 0.98824 0.4881 0.4881 0.5119 0.80952 0.96591 0.4881 0.68421 0.78571 0.69231 0.5119 0.96629 0.96591 0.98824 0.5119 0.67857 0.96552 0.97753 0.96591 0.97701 0.97674 0.7027 0.78571 0.78571 0.78571 0.875 0.78571 0.70732 0.98824 0.51765 0.5119 0.5119 0.97674 0.68235 0.5119 0.4881 0.97674 0.96591 0.95506 0.97674 0.4881 0.71795 0.71795 0.70732 0.88636 0.5119 0.97674 0.98824 0.96552 0.96591 0.97674 0.52381 0.88636 0.97674 0.97674 0.98824 0.51765 0.46429 1 1 0.725 0.70732 0.91667 0.3125 0.4 0.4 0.4 0.4 0.4 0.4 0.4 0.4 0.4 0.4 0.4
1 1 1 1 0.4881 0.67241 0.4881 0.5119 0.96591 0.98824 0.4881 0.80952 0.7027 0.4881 0.96591 0.97701 0.98824 0.7027 0.46429 0.97674 0.97753 0.96629 0.97674 0.71795 0.70732 0.4881 0.96629 0.98824 0.97674 0.96591 0.96591 0.96552 0.96629 0.96629 0.96629 0.95506 0.96591 0.97674 0.8 0.96552 0.96591 0.95506 0.97674 0.5119 0.86047 0.67442 0.70732 0.86047 0.5119 0.96552 0.96591 0.96591 0.97753 0.98876 0.96591 0.97674 0.96591 0.97674 0.97674 0.8 0.46429 1 1 0.725 0.90244 0.78571 0.42105 0.4 0.4 0.4 0.4 0.4 0.4 0.4 0.4 0.4 0.4 0.4
1 1 1 1 0.5119 0.88372 0.90698 0.88636 0.4881 0.5119 0.5119 0.70732 0.70732 0.5119 0.97674 0.96552 0.98824 0.88636 0.4881 0.8 0.96591 0.97674 0.98824 0.68235 0.5119 0.8 0.52381 0.98824 0.96552 0.96591 0.96591 0.96629 0.87255 0.97778 0.97753 0.97753 0.96629 0.95506 0.96629 0.96629 0.97753 0.96629 0.96591 0.97674 0.98824 0.4881 0.88636 0.46429 0.98824 0.96591 0.96591 0.96629 0.97753 0.96629 0.96552 0.51765 0.4881 0.5119 0.51765 0.51765 0.67241 0.88636 1 0.725 0.90244 0.7027 0.7619 0.6 0.4 0.4 0.4 0.4 0.4 0.4 0.4 0.4 0.4 0.4
1 1 1 1 0.98824 0.86047 0.70732 0.70732 0.70732 0.90698 0.4881 0.5119 0.52381 0.97674 0.98876 0.96629 0.96552 0.97674 0.4881 0.86047 0.70732 0.90698 0.5 0.51765 0.97674 0.97674 0.96552 0.96591 0.96591 0.96591 0.95506 0.97753 0.98876 0.97778 0.97778 0.98876 0.97778 0.97778 0.97778 0.97778 0.97778 0.97778 0.97753 0.96629 0.96591 0.95455 0.95455 0.96591 0.68235 0.5119 0.5 0.51765 0.96591 0.96591 0.98824 0.4881 0.86047 0.88636 0.88636 0.5119 0.90698 0.70732 1 0.71795 0.725 0.725 0.86364 0.6 0.4 0.4 0.5 0.44444 0.4 0.4 0.4 0.4 0.4 0.4
1 1 1 1 1 0.88636 0.71795 0.71053 0.82143 0.88636 0.5119 0.96591 0.96629 0.97753 0.87129 0.97753 0.96591 0.97674 0.67241 0.82143 1 0.7931 0.4881 0.95506 0.96629 0.96629 0.98876 0.96629 0.96591 0.96591 0.96591 0.97753 0.97802 0.96703 0.88119 0.87255 0.87255 0.87255 0.86408 0.87255 0.87255 0.88119 0.97778 0.97778 0.97753 0.97753 0.98876 0.96591 0.5 0.7931 0.7619 0.86047 0.67059 0.96552 0.98824 0.5119 0.46429 0.82759 0.72973 0.82143 0.82143 0.78571 1 0.82759 0.74359 0.725 0.90476 0.4 0.4 0.4 0.42105 0.42105 0.44444 0.4 0.4 0.4 0.4 0.4
1 1 1 1 1 0.4881 0.7027 0.82143 0.42105 0.91667 0.90698 0.98824 0.96629 0.98876 0.88119 0.97753 0.96591 0.98824 0.4881 0.70732 0.71795 0.88636 0.97674 0.97778 0.98876 0.97753 0.97753 0.96552 0.98824 0.96591 0.96629 0.98876 0.97778 0.96703 0.88119 0.88119 0.87255 0.87255 0.87255 0.87255 0.87255 0.87255 0.88119 0.97778 0.97778 0.97753 0.96591 0.96552 0.98824 0.51765 0.98824 0.98824 0.96591 0.96552 0.51765 0.4881 0.71795 0.78571 0.42105 0.5 0.42105 0.42105 1 1 0.72973 0.74359 0.84211 0.4 0.4 0.4 0.42105 0.42105 0.375 0.4 0.4 0.4 0.4 0.4
1 1 1 1 1 0.78824 0.72973 0.78571 1 0.33333 0.725 0.98824 0.96629 0.97753 0.98876 0.96591 0.97674 0.52381 0.51765 0.78824 0.97674 0.96552 0.96591 0.96629 0.95506 0.96591 0.8 0.42857 0.71053 0.96629 0.96629 0.97753 0.97778 0.97753 0.97753 0.87255 0.97778 0.97778 0.87255 0.97802 0.87255 0.87255 0.97802 0.97778 0.97753 0.96591 0.97674 0.97674 0.96591 0.97753 0.98876 0.96629 0.96629 0.97674 0.57353 0.69231 0.74359 0.90476 0.6 0.4 0.4 0.6 0.6 1 0.82143 0.74359 0.42105 0.4 0.4 0.4 0.42105 0.42105 0.4 0.4 0.4 0.4 0.4 0.4
1 1 1 1 1 1 0.74359 0.91667 1 0.4 0.72973 0.95506 0.97701 0.96591 0.96591 0.97701 0.97674 0.98824 0.97674 0.96552 0.96591 0.97674 0.8 0.5119 0.67059 0.97674 0.8 0.70732 0.46429 0.98824 0.96552 0.96552 0.4881 0.4881 0.4881 0.86047 0.67241 0.5 0.5119 0.96591 0.98876 0.97778 0.98876 0.96629 0.96591 0.96591 0.97674 0.51765 0.5119 0.5119 0.5119 0.5119 0.98824 0.4881 0.78571 0.42857 0.90476 0.42105 0.4 0.4 0.4 0.4 0.375 1 0.88 0.74359 0.42105 0.4 0.4 0.4 0.42105 0.42105 0.4 0.4 0.4 0.4 0.4 0.4
1 1 1 1 1 1 0.90698 0.875 0.91304 0.91667 0.875 0.42105 0.88636 0.52381 0.97674 0.97674 0.97674 0.97674 0.96552 0.96591 0.95506 0.51765 0.88636 0.78571 0.86047 0.52381 0.96591 0.4881 0.72093 0.78571 0.77273 1 0 0.42105 0.78571 0.26667 0.78571 0.88636 0.51765 0.96591 0.96629 0.96629 0.96629 0.96591 0.96591 0.97674 0.97674 0.51765 0.88636 0.78571 0.42105 0.69231 0.70732 0.71795 0.90909 0.90909 0.91667 0.42105 0.4 0.4 0.4 0.4 0.26667 1 1 0.74359 0.84211 0.4 0.4 0.4 0.42105 0.42105 0.6 0.4 0.4 0.4 0.4 0.4
1 1 1 1 1 1 0.5119 0.875 0.72973 0.75 0.71795 0.78571 0.86047 0.5119 0.96591 0.96591 0.97701 0.97674 0.97674 0.96552 0.97674 0.51765 0.57353 0.71795 0.86047 0.4881 0.5119 0.88636 0.86047 0.7 0.7931 0.4 1 1 0.8 0.46429 0.4881 0.95455 0.87255 0.88119 0.97778 0.96629 0.95506 0.96591 0.96591 0.96552 0.98824 0.51765 0.4881 0.46429 0.4881 0.86047 0.86047 0.70732 0.7931 0.71795 0.82759 0.42105 0.4 0.4 0.4 0.4 0.375 0.42105 1 0.725 0.84211 0.4 0.4 0.4 0.42105 0.42105 0.375 0.4 0.4 0.4 0.4 0.4
1 1 1 1 1 1 1 0.85714 0.81481 0.89655 0.75 0.86047 0.4881 0.98824 0.97727 0.96591 0.97674 0.5119 0.98824 0.97674 0.96629 0.98824 0.5 0.4881 0.4881 0.5119 0.51765 0.97674 0.67059 0.4881 0.7027 0.36842 1 0.4 0.83721 0.98824 0.97674 0.96591 0.97753 0.96629 0.96629 0.96629 0.96629 0.96591 0.96591 0.96552 0.97674 0.68235 0.51765 0.51765 0.98824 0.5119 0.67059 0.5119 0.67442 0.90244 0.85714 0.90476 0.6 0.4 0.4 0.4 0.6 0.42105 1 0.725 0.84211 0.4 0.4 0.4 0.42105 0.42105 0.42105 0.4 0.4 0.4 0.4 0.4
1 1 1 1 1 1 1 0.79487 0.875 0.81481 0.89655 0.88636 0.63529 0.98824 0.98824 0.97701 0.97701 0.96591 0.97674 0.97674 0.96552 0.52381 0.57353 0.71795 0.46429 0.52381 0.96552 0.95455 0.95455 0.95455 0.4881 0.71795 0.7931 0.70732 0.4881 0.51765 0.97674 0.96552 0.5119 0.42105 0.70732 0.97778 0.96552 0.96552 0.96552 0.95455 0.96591 0.96552 0.88636 0.78571 0.7931 0.70732 0.5 0.5119 0.88636 0.71795 0.91667 0.90909 0.7619 0.4 0.4 0.6 0.6 0.42105 1 0.71795 0.8 0.4 0.4 0.4 0.42105 0.42105 0.42105 1 0.4 0.4 0.4 0.4
1 1 1 1 1 1 1 0.63235 0.91304 0.85185 0.71795 0.4881 0.78824 0.98837 0.97753 0.96591 0.97701 0.97701 0.97674 0.98824 0.5119 0.46429 0.86047 0.83721 0.4881 0.5119 0.98824 0.8 0.98824 0.95455 0.5119 0.4881 0.5119 0.51765 0.51765 0.97674 0.96552 0.96591 0.5119 0.7619 0.88 0.69231 0.52381 0.67059 0.98824 0.97674 0.96591 0.51765 0.7931 0 0 0.86364 0.7027 0.71795 0.72973 0.86364 0.33333 0.90476 0.85714 0.82759 0.8 0.4375 0.44444 0.33333 1 1 0.95 0.4 0.4 0.4 0.42105 0.42105 0.42105 0.42105 0.5 0.4 0.4 0.4
1 1 1 1 1 1 1 1 0.8 0.72973 0.86047 0.5 0.78824 0.98851 1 0.96591 0.98824 0.5119 0.5119 0.5119 0.88372 0.70732 0.88636 0.64706 0.46429 0.88636 0.88636 0.57353 0.88636 0.70732 0.46429 0.4881 0.51765 0.98824 0.96552 0.96629 0.96629 0.96629 0.98876 0.67059 0.51765 0.97674 0.5119 0.5119 0.5 0.5119 0.68235 0.5119 0.725 0.86957 0.86364 0.78571 0.7 0.71795 0.82759 0.90909 0.7619 0.84211 0.91667 0.82759 0.91667 0.84211 0.26667 0.33333 1 1 0.75 0.4 0.4 0.4 0.5 0.42105 0.42105 0.42105 0.57143 0.4 0.4 0.4
1 1 1 1 1 1 1 1 0.9 0.90909 0.5 0.50588 0.63529 1 0.97701 0.98837 0.5119 0.87805 0.57353 0.88636 0.70732 0.69231 0.72973 0.91667 0.7619 0.78571 0.83721 0.46429 0.67241 0.70732 0.4881 0.4881 0.5119 0.98824 0.96591 0.98889 0.97778 0.96629 0.96591 0.96629 0.96629 0.96629 0.97674 0.4881 0.70732 0.86047 0.4881 0.4881 0.4881 0.4881 0.86047 0.7931 0.83333 0.86364 0.90909 0.5 0.6 0.90909 0.82759 0.82759 0.90909 0.5 0.6 0.4375 1 1 0.57143 0.4 0.4 0.4 0.6 0.42105 0.42105 0.625 0.4 0.4 0.4 0.4
1 1 1 1 1 1 1 1 1 0.93182 0.90244 0.74359 0.71053 0.88372 0.78824 0.98837 0.50588 0.4881 0.46429 0.86047 0.69231 0.78571 0.81481 0.86364 0.875 0.70732 0.67059 0.97674 0.96552 0.97701 0.8 0.51765 0.4881 0.4881 0.96552 0.88119 0.98876 0.96629 0.96629 0.97753 0.97778 0.88119 0.67059 0.46429 0.69231 0.46429 0.5119 0.51765 0.5119 0.5119 0.46429 0.7931 0.7619 1 0.375 0.42857 0.90909 0.82759 0.82759 0.91304 0.84211 0.5 0.4 0.75 1 0.96429 0.875 0.4 0.4 0.4 0.6 0.42105 0.42105 0.4 0.4 0.4 0.6 0.75
1 1 1 1 1 1 1 1 1 1 0.8 1 1 0.80952 0.72222 0.98837 0.64706 0.5119 0.46429 0.71795 0.91667 0.91304 0.78571 0.70732 0.4881 0.51765 0.97701 0.96591 0.96591 0.96591 0.96591 0.97674 0.51765 0.88636 0.5119 0.96591 0.96591 0.96591 0.95506 0.96629 0.97674 0.71795 0.86047 0.5119 0.51765 0.51765 0.96591 0.96629 0.5119 0.725 0.91667 0.72973 0.70732 0.4881 0.70732 0.88636 0.5119 0.71795 0.375 1 1 0.6 1 1 0.95652 0.80556 0.42857 0.4 0.4 0.4 0.4 0.42105 0.375 0.4 0.4 0.57143 0.5 0
1 1 1 1 1 1 1 1 1 1 1 0.88462 1 0 0.90476 0.4881 0.88636 0.4881 0.4881 0.71795 0.80952 0.4 0.91667 0.69231 0.57353 0.78824 0.96591 0.96552 0.97674 0.97674 0.51765 0.5119 0.86047 0.83721 0.46429 0.5119 0.5119 0.5119 0.5119 0.46429 0.70732 0.42105 0.7931 0.70732 0.70732 0.4881 0.96552 0.98876 0.98824 0.86047 0.7027 0.67442 0.4881 0.98824 0.5119 0.5 0.51765 0.36842 1 1 0.4 1 1 0.5 0.95652 0.93103 0.6 0.4 0.4 0.4 0.4 0.6 0.6 0.4 0.57143 1 0.95238 1
1 1 1 1 1 1 1 1 1 1 1 1 1 0.95652 0.95238 1 0.41176 0.71795 0.4881 0.875 1 0 0.86364 0.82759 0.46429 0.67059 0.96552 0.97674 0.8 0.5 0.4881 0.88636 0.71795 0.67442 0.46429 0.4881 0.5119 0.5 0.67442 0.4881 0.88636 0.69231 0.69231 0.70732 0.88636 0.5119 0.96591 0.97753 0.96591 0.97674 0.46429 0.5119 0.98824 0.51765 0.67442 0.7931 0.7619 1 1 1 1 0.4 0.4 0.4375 0.95652 0.96429 0.6 0.4 0.4 0.4 0.4 0.6 0.625 0.57143 0.47059 0.77778 1 1
1 1 1 1 1 1 1 1 1 1 1 1 1 1 1 0.8 0.66667 0.41176 0.91667 0.36842 0 0.41176 0.84615 0.70732 0.8 0.98824 0.98824 0.98824 0.78824 0.98824 0.50588 0.4881 0.88636 0.46429 0.5119 0.96591 0.96552 0.96552 0.95506 0.97674 0.98824 0.97674 0.97674 0.97674 0.96591 0.96552 0.97674 0.51765 0.97674 0.96552 0.96591 0.51765 0.5119 0.88636 0.86364 0 0.4 0.4 1 1 0.4 0.4 0.4 0.875 0.91304 0.96429 0.6 0.4 0.4 0.4 0.4 0.4375 0.8 0.8 0.8 0.6 1 1
1 1 1 1 1 1 1 1 1 1 1 1 1 1 1 0.23894 0.5 1 1 1 0.8 0.89286 0.89655 0.70732 0.46429 0.4881 0.5119 0.5119 0.5119 0.50588 0.50588 0.50588 0.5119 0.5119 0.51765 0.97674 0.96552 0.96591 0.96552 0.96552 0.97674 0.98824 0.97674 0.96591 0.96591 0.98824 0.5119 0.5 0.97674 0.96591 0.96552 0.5119 0.70732 0.875 0.375 0.5 1 1 0.5 0.5 0.8 0.95455 0.8 0.95238 0.88 0.93103 0.9 0.4 0.4 0.4 0.57143 0.90909 0.90909 0.90909 0.8 1 1 1
1 1 1 1 1 1 1 1 1 1 1 1 1 1 1 1 1 1 1 1 1 0.85185 0.875 0.82759 0.725 0.83721 0.88636 0.47619 0.46429 0.70732 0.4881 0.51765 0.78824 0.46429 0.86047 0.67059 0.98824 0.96552 0.96591 0.97674 0.67059 0.4881 0.97674 0.96591 0.96552 0.96552 0.96591 0.96591 0.97674 0.98824 0.5119 0.46429 0.86047 0.81481 0.90476 1 1 0.4375 0.80952 0.91304 0.84615 0.96296 0.96154 0.88462 0.96296 0.96429 0.96429 0.95652 0.4 0.4 0.95455 0.90909 0.90909 0.90909 1 1 1 1
1 1 1 1 1 1 1 1 1 1 1 1 1 1 1 1 1 1 1 0.7619 0 1 1 0.375 0.89655 0.71053 0.70732 0.88372 0.74359 0.91304 0.69231 0.4881 0.46429 0.71053 0.86364 1 0.7 0.51765 0.97674 0.97701 0.96591 0.96552 0.96591 0.96629 0.98889 0.96629 0.96591 0.97674 0.4881 0.69231 0.78571 0.70732 0.7027 1 1 1 0.42105 0.36842 0.4375 0.84211 0.95455 0.96296 0.96296 0.96296 0.96296 0.92857 0.93103 0.96429 0.95455 0.95455 1 0.4 0.57143 1 1 1 1 1
1 1 1 1 1 1 1 1 1 1 1 1 1 1 1 1 1 1 1 1 1 0.4375 1 1 1 0.42857 0.91304 0.70732 0.90698 0.86364 0.78571 0.83721 0.83721 0.82143 0.7619 0 0.91667 0.5119 0.96552 0.97674 0.97674 0.97674 0.96552 0.96591 0.96591 0.96552 0.68235 0.4881 0.69231 0.875 0.71795 0.5 1 1 1 1 0.26667 0.26667 0.5 0.6 0.8 0.92 0.96296 0.96296 0.96296 0.92857 0.96429 0.93103 0.93103 0.92857 0.95652 0.4 0.4 1 1 1 1 1
1 1 1 1 1 1 1 1 1 1 1 1 1 1 1 1 1 1 1 1 1 1 0.047619 1 1 1 1 0.875 0.71795 0.89655 0.89655 0.71795 0.70732 0.72973 0.82759 0.71795 0.86047 0.5119 0.96552 0.97701 0.97674 0.98824 0.96552 0.97674 0.97674 0.4881 0.71795 0.7619 0.7619 0.4 1 1 1 1 1 1 0.6 0.6 0.375 0.44444 0.5 0.4375 0.96296 1 0.92593 0.96296 0.96429 0.93333 0.93103 0.92857 0.88462 0.4 1 1 1 1 1 1
1 1 1 1 1 1 1 1 1 1 1 1 1 1 1 1 1 1 1 1 1 1 1 1 1 1 1 1 0.375 0.71795 0.75 0.89655 0.78571 0.82759 0.89655 0.82143 0.4881 0.96591 0.96591 0.96591 0.96629 0.96629 0.97701 0.97674 0.51765 0.4881 0.72093 0.67442 0.77273 1 1 1 1 1 1 1 0.4 0.4 0.57143 0.375 0.6 0.4 0.5 0.95238 0.91304 0.96154 0.96429 0.80556 0.96552 0.96154 0.9 1 1 1 1 1 1 1
1 1 1 1 1 1 1 1 1 1 1 1 1 1 1 1 1 1 1 1 1 1 1 1 1 1 0.47059 0 0.44444 0.74359 0.75 0.89655 0.78571 0.91667 0.875 0.875 0.57353 0.96552 0.72093 0.4881 0.98824 0.96629 0.96552 0.5119 0.46429 0.46429 0.88636 0.67442 1 1 1 0.85714 0.5 1 1 1 0.57143 0.4375 0.8 0.8 0.8 0.875 0.75 0.85714 0.91304 0.88462 1 0.96429 0.92857 0.91304 1 1 1 1 1 1 1 1
1 1 1 1 1 1 1 1 1 1 1 1 1 1 1 1 1 1 1 1 1 1 1 1 1 1 1 1 0.8 0.89655 0.91304 0.84615 0.93103 0.83721 0.57353 0.94382 0.7931 1 0.5 0.82759 0.4881 0.96552 0.97674 0.5119 0.88636 0.71795 0.78571 1 1 0.66667 0.66667 0.89474 1 0.96429 0.92308 1 0.84615 0.84615 0.84615 0.92857 0.96296 0.92593 0.88462 0.91304 0.91304 0.95652 0.92 0.96154 0.92 1 1 1 1 1 1 1 1 1
1 1 1 1 1 1 1 1 1 1 1 1 1 1 1 1 1 1 1 1 1 1 1 1 1 1 1 1 0.4375 1 1 0.41176 0.87097 0.67241 0.94382 0.99 0.82143 0.25 0.7619 0.71795 0.5119 0.96591 0.96552 0.98824 0.5119 0.88636 1 1 0.91667 1 0.6 0.89474 1 0.32941 1 1 0.84615 0.91304 0.88462 0.96296 0.96296 0.96296 0.96154 0.88462 0.92 0.95652 0.95652 0.91304 0.4 1 1 1 1 1 1 1 1 1
1 1 1 1 1 1 1 1 1 1 1 1 1 1 1 1 1 1 1 1 1 1 1 1 1 1 1 1 1 1 1 1 0.91667 0.57353 0.94382 1 0.4881 0.69231 0.69231 0.4881 0.97674 0.98876 0.96591 0.97674 0.51765 1 1 0.96703 0.96429 0.875 0.6 0.95455 1 0.75 0.91667 1 1 0.75 0.90909 0.96296 1 0.88889 0.88462 0.85185 0.85185 0.88462 0.95652 0.6 1 1 1 1 1 1 1 1 1 1
1 1 1 1 1 1 1 1 1 1 1 1 1 1 1 1 1 1 1 1 1 1 1 1 1 1 1 1 1 1 1 1 0.7619 0.69231 0.87805 0.99 0.70732 0.91304 0.26667 0.36842 0.7027 0.51765 0.98824 0.51765 1 1 0.48315 0.80531 0.44706 0.81818 0.92593 0.92593 0.75 0.69231 0.91667 1 1 0.57143 0.81818 0.68571 0.85185 0.8 0.90909 0.91304 0.92 0.92 1 1 0.66667 1 1 1 1 1 1 1 1 1
1 1 1 1 1 1 1 1 1 1 1 1 1 1 1 1 1 1 1 1 1 1 1 1 1 1 1 1 1 1 1 1 1 1 1 1 1 1 1 1 1 1 1 1 1 0.70732 0.70732 0.9 0.75 0.92593 0.94737 1 0.87097 0.71053 0.92593 1 0.375 0.375 0.67568 0.67568 0.875 0.57143 0.6 0.85 0.91304 0.41176 1 1 1 1 1 1 1 1 1 1 1 1
1 1 1 1 1 1 1 1 1 1 1 1 1 1 1 1 1 1 1 1 1 1 1 1 1 1 1 1 1 1 1 0 0.5 0.93333 0.88462 0.88462 0.91304 0.88 0.77778 0.96429 0.92308 1 0.75676 0.92308 0.73684 0.71795 0.71429 0.69048 0.93103 0.96296 0.64286 0.75 0.64286 0.61364 1 1 1 0.51765 0.50588 0.93182 0.72727 0.5 0.33333 0.75 0.375 1 1 1 1 1 1 1 1 1 1 1 1 1
