data/entities/Measures_khals_deepened_1m/CaseDifferenceDepth_m.asc
ncols         98 
nrows         130 
xllcorner     530385.4375 
yllcorner     504074.10385949 
cellsize      100 
NODATA_value -9999 
[rows 64 to 95 of 130, columns 0 to 71 of 98]
-9999 -0.012 -0.0121 -0.0121 -0.012 -0.012 -0.012 -0.012 -0.012 -0.012 -0.012 -0.012 -0.012 -0.0121 -0.0122 -0.0121 -0.0121 -0.0121 -0.0119 -0.0118 -0.0118 -0.0118 -0.0118 -0.0118 -0.0117 -0.0117 -0.0117 -0.0117 -0.0117 -0.0117 -0.0118 -0.0118 -0.0118 -0.012 -0.012 -0.012 -0.0121 -0.0121 -0.0121 -0.0121 -0.0122 -0.0123 -0.0123 -0.0124 -0.0131 -0.0127 -0.0126 -0.0126 -0.0125 -0.0125 -0.0126 -0.0127 -0.0063 0 -0.0128 -0.0128 -0.0128 -0.0128 -0.0128 -0.0128 0 0 -0.0274 -0.0275 -0.0274 -0.0275 -0.0274 -0.08758 -0.0898 -0.0678 -0.0531 -0.0353
-9999 -0.012 -0.012 -0.012 -0.0119 -0.0119 -0.0119 -0.0119 -0.0119 -0.0119 -0.0119 -0.0119 -0.0119 -0.012 -0.0121 -0.012 -0.0119 -0.0118 -0.0117 -0.0116 -0.0116 -0.0116 -0.0116 -0.0116 -0.0116 -0.0117 -0.0116 -0.0117 -0.0117 -0.0117 -0.0118 -0.0118 -0.0118 -0.0119 -0.0119 -0.012 -0.012 -0.012 -0.012 -0.012 -0.0121 -0.0123 -0.0123 -0.0123 -0.0124 -0.0123 -0.0124 -0.0124 -0.0124 -0.0125 -0.0126 -0.0127 -0.0126 -0.0128 -0.0129 -0.0128 -0.0128 -0.0128 -0.0128 -0.0128 -0.0128 0 -0.0277 -0.0277 -0.0278 -0.0277 -0.0275 -0.1065 -0.0892 -0.0438 -0.0022 0
-9999 -0.0119 -0.0119 -0.0119 -0.0119 -0.0119 -0.0118 -0.0118 -0.0118 -0.0117 -0.0118 -0.0117 -0.0117 -0.0118 -0.0117 -0.0117 -0.0115 -0.0114 -0.0114 -0.0115 -0.0114 -0.0115 -0.0115 -0.0115 -0.0115 -0.0116 -0.0116 -0.0116 -0.0117 -0.0116 -0.0117 -0.0118 -0.0118 -0.0118 -0.0118 -0.0118 -0.0119 -0.012 -0.012 -0.012 -0.012 -0.0069 -0.0121 -0.0122 -0.0122 -0.0122 -0.0122 -0.0123 -0.0123 -0.0123 0 -0.0126 -0.0127 -0.0128 -0.0128 -0.0128 -0.0128 -0.0128 -0.0127 -0.0127 -0.0127 0 -0.0279 -0.028 -0.0281 -0.0281 -0.036271 -0.0868 -0.0052 -0.0001 0 0
-9999 -9999 -0.0118 -0.0118 -0.0117 -0.0117 -0.0117 -0.0117 -0.0117 -0.0117 -0.0116 -0.0115 -0.0115 -0.0114 -0.0114 -0.0114 -0.0113 -0.0113 -0.0113 -0.0114 -0.0114 -0.0114 -0.0114 -0.0114 -0.0115 -0.0115 -0.0115 -0.0116 -0.0116 -0.0116 -0.0116 -0.0117 -0.0117 -0.0117 -0.0117 -0.0118 -0.0119 -0.0119 -0.0119 -0.0119 -0.0118 -0.0119 -0.012 -0.0121 -0.0121 -0.0121 -0.0122 -0.0121 -0.0122 -0.0122 -0.0122 -0.0123 -0.0126 -0.0129 -0.0128 -0.0127 -0.0126 -0.0127 -0.0126 -0.0127 -0.0127 0 -0.0281 -0.0285 -0.0286 -0.0287 -0.1065 0 0 0 0 0
-9999 -9999 -0.0118 -0.0117 -0.0116 -0.0116 -0.0117 -0.0116 -0.0116 -0.0116 -0.0115 -0.0114 -0.0113 -0.0113 -0.0112 -0.0112 -0.0112 -0.0112 -0.0112 -0.0113 -0.0113 -0.0112 -0.0114 -0.0114 -0.0114 -0.0114 -0.0115 -0.0115 -0.0115 -0.0116 -0.0116 -0.0117 -0.0117 -0.0117 -0.0117 -0.0118 -0.0117 -0.0117 -0.0118 -0.0118 -0.0118 -0.0118 -0.0118 -0.0119 -0.012 -0.012 -0.0121 -0.0121 -0.0121 -0.0121 -0.0122 -0.0122 0 0 -0.0124 -0.0126 -0.0126 -0.0126 -0.0126 -0.0127 -0.0126 0 0 -0.0294 -0.0294 -0.0293 -0.1026 0 0 0 0 0
-9999 -9999 -0.0117 -0.0116 -0.0116 -0.0115 -0.0115 -0.0114 -0.0114 -0.0114 -0.0114 -0.0114 -0.0113 -0.0112 -0.0112 -0.0111 -0.0111 -0.0111 -0.0111 -0.0112 -0.0112 -0.0112 -0.0112 -0.0112 -0.0113 -0.0113 -0.0114 -0.0115 -0.0116 -0.0116 -0.0116 -0.0116 -0.0116 -0.0117 -0.0117 -0.0116 -0.0117 -0.0116 -0.0117 -0.0117 -0.0117 -0.0117 -0.0118 -0.0118 -0.0119 -0.012 -0.012 -0.012 -0.0121 -0.012 -0.0121 -0.0121 -0.0092 0 -0.0123 -0.0124 -0.0125 -0.0125 -0.0125 -0.0126 -0.0126 0 0 -0.0304 -0.0302 -0.03 -0.0997 0 0 0 0 0
-9999 -9999 -9999 -0.0115 -0.0115 -0.0114 -0.0113 -0.0114 -0.0113 -0.0113 -0.0113 -0.0113 -0.0112 -0.0111 -0.011 -0.011 -0.0111 -0.011 -0.0111 -0.0111 -0.011 -0.0112 -0.0111 -0.0112 -0.0112 -0.0112 -0.0113 -0.0114 -0.0114 -0.0114 -0.0116 -0.0115 -0.0115 -0.0116 -0.0116 -0.0116 -0.0116 -0.0116 -0.0117 -0.0116 -0.0117 -0.0117 -0.0117 -0.0118 -0.0118 -0.0119 -0.0119 -0.012 -0.012 -0.0121 -0.0121 -0.012 -0.0121 -0.0121 -0.0123 -0.0123 -0.0124 -0.0124 -0.0125 -0.0125 -0.0125 0 0 -0.0317 -0.0312 -0.0308 -0.1007 0 0 0 0 0
-9999 -9999 -9999 -0.0114 -0.0114 -0.0113 -0.0113 -0.0113 -0.0112 -0.0112 -0.0112 -0.0111 -0.011 -0.011 -0.011 -0.011 -0.011 -0.011 -0.0109 -0.011 -0.011 -0.011 -0.011 -0.0111 -0.0111 -0.0112 -0.0112 -0.0112 -0.0113 -0.0114 -0.0115 -0.0114 -0.0115 -0.0115 -0.0115 -0.0115 -0.0115 -0.0115 -0.0116 -0.0116 -0.0117 -0.0117 -0.0117 -0.0117 -0.0117 -0.0118 -0.0119 -0.012 -0.0119 -0.012 -0.012 -0.012 -0.0121 -0.0122 -0.0122 -0.0123 -0.0123 -0.0124 -0.0124 -0.0124 -0.0125 0 0 -0.0318 -0.0316 -0.0314 -0.1077 0 0 0 0 0
-9999 -9999 -9999 -0.0113 -0.0112 -0.0112 -0.0112 -0.0111 -0.0111 -0.011 -0.011 -0.0109 -0.0109 -0.0108 -0.0109 -0.0109 -0.0109 -0.0108 -0.0109 -0.0109 -0.0109 -0.011 -0.011 -0.011 -0.011 -0.0111 -0.011 -0.0111 -0.0111 -0.0113 -0.0113 -0.0114 -0.0114 -0.0114 -0.0115 -0.0115 -0.0115 -0.0115 -0.0116 -0.0115 -0.0116 -0.0116 -0.0117 -0.0117 -0.0118 -0.0118 -0.0118 -0.0119 -0.012 -0.0119 -0.012 -0.012 -0.012 -0.0121 -0.0121 -0.0122 -0.0123 -0.0123 -0.0124 -0.0124 -0.0124 0 0 -0.0317 -0.0317 -0.0316 -0.1196 -0.0076 0 0 0 0
-9999 -9999 -9999 -9999 -0.0111 -0.0111 -0.011 -0.011 -0.011 -0.0109 -0.0108 -0.0107 -0.0107 -0.0107 -0.0107 -0.0107 -0.0107 -0.0107 -0.0107 -0.0108 -0.0108 -0.0108 -0.0109 -0.0109 -0.0109 -0.0109 -0.011 -0.011 -0.0111 -0.0112 -0.0113 -0.0113 -0.0113 -0.0114 -0.0114 -0.0114 -0.0114 -0.0115 -0.0115 -0.0115 -0.0115 -0.0116 -0.0117 -0.0117 -0.0117 -0.0118 -0.0117 -0.0118 -0.0119 -0.0119 -0.0119 -0.012 -0.012 -0.012 -0.0121 -0.0122 -0.0122 -0.0123 -0.0123 -0.0123 -0.0124 0 0 -0.0317 -0.0316 -0.0316 -0.10315 -0.056 0 0 0 0
-9999 -9999 -9999 -9999 -0.0109 -0.0109 -0.0109 -0.0108 -0.0108 -0.0107 -0.0107 -0.0106 -0.0106 -0.0106 -0.0106 -0.0105 -0.0106 -0.0106 -0.0106 -0.0107 -0.0107 -0.0108 -0.0107 -0.0108 -0.0109 -0.0109 -0.011 -0.011 -0.011 -0.0111 -0.0112 -0.0113 -0.0113 -0.0113 -0.0114 -0.0114 -0.0114 -0.0115 -0.0115 -0.0115 -0.0115 -0.0116 -0.0115 -0.0116 -0.0117 -0.0117 -0.0117 -0.0117 -0.0118 -0.0119 -0.0119 -0.0119 -0.012 -0.012 -0.0121 -0.0121 -0.0122 -0.0122 -0.0123 -0.0124 -0.0123 -0.0124 0 -0.0315 -0.0315 -0.0315 -0.040651 -0.0774 0 0 0 -0.0001
-9999 -9999 -9999 -9999 -0.0109 -0.0108 -0.0107 -0.0107 -0.0106 -0.0106 -0.0106 -0.0105 -0.0104 -0.0105 -0.0105 -0.0104 -0.0105 -0.0105 -0.0105 -0.0106 -0.0107 -0.0107 -0.0107 -0.0107 -0.0108 -0.0108 -0.0109 -0.0109 -0.0111 -0.0111 -0.0111 -0.0112 -0.0113 -0.0113 -0.0114 -0.0114 -0.0114 -0.0114 -0.0114 -0.0115 -0.0115 -0.0115 -0.0115 -0.0115 -0.0116 -0.0116 -0.0116 -0.0117 -0.0117 -0.0118 -0.0118 -0.0118 -0.012 -0.0119 -0.012 -0.0121 -0.0121 -0.0122 -0.0123 -0.0123 -0.0124 -0.0123 0 -0.0314 -0.0314 -0.0314 -0.0314 -0.0726 0 0 -0.0083 -0.0083
-9999 -9999 -9999 -9999 -9999 -0.0105 -0.0105 -0.0105 -0.0106 -0.0105 -0.0104 -0.0103 -0.0103 -0.0103 -0.0103 -0.0103 -0.0103 -0.0103 -0.0104 -0.0104 -0.0104 -0.0106 -0.0106 -0.0106 -0.0107 -0.0108 -0.0108 -0.0109 -0.011 -0.0111 -0.0111 -0.0112 -0.0112 -0.0113 -0.0113 -0.0113 -0.0113 -0.0114 -0.0114 -0.0114 -0.0114 -0.0114 -0.0115 -0.0115 -0.0115 -0.0115 -0.0116 -0.0116 -0.0117 -0.0117 -0.0118 -0.0118 -0.0118 -0.0119 -0.012 -0.012 -0.0121 -0.0122 -0.0122 -0.0123 -0.0123 -0.0123 0 -0.0314 -0.0313 -0.0313 -0.033171 -0.0261 0.0001 0 -0.0077 -0.0077
-9999 -9999 -9999 -9999 -9999 -0.0104 -0.0104 -0.0104 -0.0105 -0.0104 -0.0103 -0.0102 -0.0102 -0.0102 -0.0102 -0.0102 -0.0102 -0.0102 -0.0103 -0.0103 -0.0103 -0.0105 -0.0105 -0.0106 -0.0107 -0.0107 -0.0108 -0.0109 -0.011 -0.0111 -0.0112 -0.0112 -0.0112 -0.0113 -0.0113 -0.0113 -0.0114 -0.0113 -0.0114 -0.0114 -0.0115 -0.0114 -0.0115 -0.0115 -0.0115 -0.0116 -0.0115 -0.0115 -0.0116 -0.0116 -0.0117 -0.0118 -0.0118 -0.0118 -0.0119 -0.012 -0.012 -0.0121 -0.028951 -0.031451 -0.031151 -0.027551 0 0 -0.0312 -0.0312 -0.082551 -0.0003 0 -0.0002 -0.0076 -0.0077
-9999 -9999 -9999 -9999 -9999 -0.0103 -0.0102 -0.0102 -0.0103 -0.0103 -0.0102 -0.0102 -0.0101 -0.0101 -0.0101 -0.0101 -0.0101 -0.0102 -0.0102 -0.0102 -0.0102 -0.0104 -0.0105 -0.0105 -0.0106 -0.0106 -0.0106 -0.0108 -0.0109 -0.011 -0.0111 -0.0112 -0.0112 -0.0112 -0.0112 -0.0112 -0.0113 -0.0113 -0.0114 -0.0113 -0.0114 -0.0114 -0.0114 -0.0115 -0.0114 -0.0115 -0.0115 -0.0116 -0.0116 -0.0116 -0.0117 -0.0117 -0.0117 -0.0118 -0.0118 -0.0119 -0.012 -0.012 -0.0326 0 -0.0056 -0.0431 -0.083351 0 -0.031 -0.0309 -0.10945 0 0 -0.0003 -0.0074 -0.0074
-9999 -9999 -9999 -9999 -9999 -9999 -0.0098 -0.0099 -0.0096 -0.0099 -0.01 -0.0101 -0.0101 -0.01 -0.0099 -0.01 -0.01 -0.01 -0.0101 -0.0101 -0.0102 -0.0103 -0.0104 -0.0104 -0.0106 -0.0105 -0.0106 -0.0106 -0.0108 -0.0109 -0.0111 -0.0111 -0.0112 -0.0112 -0.0112 -0.0112 -0.0113 -0.0113 -0.0113 -0.0114 -0.0114 -0.0114 -0.0114 -0.0114 -0.0114 -0.0115 -0.0114 -0.0115 -0.0116 -0.0116 -0.0117 -0.0116 -0.0117 -0.0117 -0.0117 -0.0118 -0.0118 -0.029351 -0.0076 0 0 0 -0.0596 0 -0.0309 -0.0306 -0.095651 0 0 0 -0.0071 -0.0069
-9999 -9999 -9999 -9999 -9999 -9999 -0.0096 -0.0095 -0.0093 -0.0094 -0.0096 -0.0097 -0.0098 -0.0098 -0.0098 -0.0098 -0.0099 -0.01 -0.01 -0.01 -0.0101 -0.0102 -0.0102 -0.0104 -0.0105 -0.0105 -0.0105 -0.0106 -0.0107 -0.0108 -0.0108 -0.0109 -0.0112 -0.0111 -0.0111 -0.0111 -0.0111 -0.0113 -0.0112 -0.0113 -0.0113 -0.0113 -0.0113 -0.0114 -0.0114 -0.0114 -0.0115 -0.0115 -0.0115 -0.0115 -0.0116 -0.0116 -0.0116 -0.0116 -0.0117 -0.0117 -0.0117 -0.030251 -0.0062 0 0 -0.0141 -0.0471 0 0 -0.03 -0.073251 0 0 0 -0.0064 -0.0059
-9999 -9999 -9999 -9999 -9999 -9999 -0.0095 -0.0091 -0.0091 -0.0092 -0.0092 -0.0093 -0.0095 -0.0096 -0.0097 -0.0097 -0.0098 -0.0099 -0.0099 -0.01 -0.0101 -0.0101 -0.0102 -0.0104 -0.0104 -0.0105 -0.0105 -0.0105 -0.0106 -0.0106 -0.0106 -0.0108 -0.0109 -0.0109 -0.011 -0.0111 -0.0111 -0.0111 -0.0112 -0.0113 -0.0113 -0.0113 -0.0113 -0.0113 -0.0114 -0.0114 -0.0114 -0.0114 -0.0114 -0.0115 -0.0115 -0.0115 -0.0116 -0.0116 -0.0116 -0.0116 -0.0116 -0.026251 0 0 -0.0008 -0.0143 -0.0391 -0.03 0 -0.0295 -0.062351 0 0 0 -0.005 -0.0048
-9999 -9999 -9999 -9999 -9999 -9999 -9999 -0.0086 -0.0087 -0.0089 -0.009 -0.0091 -0.0093 -0.0094 -0.0095 -0.0096 -0.0096 -0.0098 -0.0099 -0.0099 -0.01 -0.0101 -0.0102 -0.0103 -0.0103 -0.0105 -0.0105 -0.0104 -0.0105 -0.0105 -0.0105 -0.0106 -0.0108 -0.0109 -0.011 -0.011 -0.0111 -0.0111 -0.0112 -0.0112 -0.0113 -0.0112 -0.0112 -0.0112 -0.0113 -0.0113 -0.0114 -0.0113 -0.0114 -0.0114 -0.0114 -0.0115 -0.0115 -0.0115 -0.0115 -0.0116 -0.0116 -0.0116 -0.030351 0 0 -0.0008 -0.0297 -0.0299 0 -0.0289 -0.071451 0 0 0 -0.0039 -0.0038
-9999 -9999 -9999 -9999 -9999 -9999 -9999 -0.0081 -0.0083 -0.0085 -0.0087 -0.0089 -0.0091 -0.0092 -0.0093 -0.0095 -0.0096 -0.0097 -0.0097 -0.0099 -0.0099 -0.0101 -0.0101 -0.0103 -0.0104 -0.0104 -0.0104 -0.0104 -0.0105 -0.0105 -0.0105 -0.0106 -0.0107 -0.0108 -0.0109 -0.011 -0.0111 -0.011 -0.0111 -0.0111 -0.0112 -0.0112 -0.0112 -0.0113 -0.0113 -0.0112 -0.0113 -0.0113 -0.0113 -0.0114 -0.0115 -0.0115 -0.0115 -0.0115 -0.0115 -0.0115 -0.0115 -0.0115 -0.0115 0 0 -0.0203 -0.027 -0.0297 0 -0.0284 -0.043651 0 0 0 -0.003 -0.0026
-9999 -9999 -9999 -9999 -9999 -9999 -9999 -0.0076 -0.0072 -0.0077 -0.0082 -0.0086 -0.0089 -0.0091 -0.0092 -0.0094 -0.0095 -0.0096 -0.0098 -0.0098 -0.0099 -0.01 -0.0101 -0.0102 -0.0103 -0.0104 -0.0104 -0.0104 -0.0105 -0.0105 -0.0106 -0.0106 -0.0107 -0.0108 -0.0109 -0.011 -0.011 -0.011 -0.011 -0.011 -0.0112 -0.0111 -0.0112 -0.0112 -0.0112 -0.0112 -0.0112 -0.0113 -0.0112 -0.0112 -0.0113 -0.0113 -0.0114 -0.0114 -0.0114 -0.0115 -0.024851 -0.0115 -0.0113 -0.0112 -0.0111 -0.0103 -0.039851 -0.0349 0 0 0.0003 0 0 0 -0.0028 -0.0024
-9999 -9999 -9999 -9999 -9999 -9999 -9999 -9999 -0.0054 -0.0069 -0.0077 -0.0084 -0.0087 -0.009 -0.0092 -0.0093 -0.0094 -0.0096 -0.0096 -0.0098 -0.0099 -0.01 -0.01 -0.0102 -0.0103 -0.0103 -0.0104 -0.0104 -0.0104 -0.0104 -0.0106 -0.0106 -0.0106 -0.0108 -0.0108 -0.0109 -0.011 -0.011 -0.011 -0.011 -0.011 -0.011 -0.0111 -0.0111 -0.0111 -0.0112 -0.0112 -0.0112 -0.0111 -0.0111 -0.0112 -0.0112 -0.0113 -0.0113 -0.0114 -0.0114 -0.0115 -0.017751 -0.0113 -0.0112 -0.0109 -0.0094 -0.028151 -0.034151 0 0 0.0023 0 0 0 -0.0029 -0.0025
-9999 -9999 -9999 -9999 -9999 -9999 -9999 -9999 -0.0053 -0.006 -0.0071 -0.0081 -0.0086 -0.0089 -0.0091 -0.0093 -0.0094 -0.0095 -0.0096 -0.0097 -0.0098 -0.0099 -0.01 -0.0101 -0.0102 -0.0103 -0.0104 -0.0103 -0.0103 -0.0104 -0.0105 -0.0106 -0.0107 -0.0108 -0.0108 -0.0108 -0.0109 -0.011 -0.011 -0.011 -0.011 -0.011 -0.0111 -0.0111 -0.0111 -0.0111 -0.0111 -0.0111 -0.0111 -0.0111 -0.0112 -0.0112 -0.0113 -0.0113 -0.0112 -0.022551 -0.024451 -0.0113 -0.0113 -0.0112 -0.0108 -0.0076 -0.019651 -0.0038512 0 0 0.0034 0 0 0 -0.0053 -0.0027
-9999 -9999 -9999 -9999 -9999 -9999 -9999 -9999 -9999 -0.0022 -0.0063 -0.0079 -0.0085 -0.0089 -0.0091 -0.0092 -0.0094 -0.0095 -0.0096 -0.0096 -0.0097 -0.0098 -0.01 -0.01 -0.0101 -0.0102 -0.0103 -0.0102 -0.0103 -0.0103 -0.0105 -0.0105 -0.0106 -0.0107 -0.0108 -0.0109 -0.0109 -0.0109 -0.0109 -0.011 -0.0111 -0.0111 -0.0111 -0.0111 -0.0111 -0.0111 -0.0111 -0.0111 -0.0111 -0.0111 -0.0111 -0.0111 -0.0111 -0.0111 -0.0111 -0.0111 -0.0111 -0.0112 -0.0113 -0.0113 -0.014051 -0.019351 0 0.0006 0 -0.10868 0.0046 0 0 0 -0.0005 -0.003
-9999 -9999 -9999 -9999 -9999 -9999 -9999 -9999 -9999 -9999 -0.0023 -0.0024 -0.0063 -0.0087 -0.0087 -0.0093 -0.0094 -0.0095 -0.0095 -0.0096 -0.0097 -0.0098 -0.0099 -0.01 -0.0101 -0.0101 -0.0101 -0.0103 -0.0103 -0.0103 -0.0104 -0.0105 -0.0105 -0.0106 -0.0108 -0.0108 -0.0109 -0.011 -0.0109 -0.011 -0.011 -0.0111 -0.011 -0.0111 -0.0111 -0.0111 -0.0111 -0.0111 -0.011 -0.011 -0.011 -0.0111 -0.011 -0.0111 -0.011 -0.0111 -0.0111 -0.0111 -0.0112 -0.0114 -0.0119 -0.0173 0 0 -0.0009 -0.089585 0.005 0 0 0 0 -0.0035
-9999 -9999 -9999 -9999 -9999 -9999 -9999 -9999 -9999 -9999 -9999 -0.0024 -0.0025 -0.0055 -0.0072 -0.0095 -0.0094 -0.0095 -0.0095 -0.0095 -0.0095 -0.0097 -0.0099 -0.01 -0.01 -0.0101 -0.0101 -0.0102 -0.0102 -0.0102 -0.0103 -0.0104 -0.0105 -0.0106 -0.0107 -0.0108 -0.0109 -0.0109 -0.011 -0.0109 -0.011 -0.011 -0.011 -0.0111 -0.011 -0.0111 -0.011 -0.0111 -0.011 -0.011 -0.011 -0.011 -0.011 -0.011 -0.011 -0.0111 -0.0111 -0.0111 0 0 -0.0001 0 0 0.0059 0 -0.082685 -0.0011 0 0 0 0 0
-9999 -9999 -9999 -9999 -9999 -9999 -9999 -9999 -9999 -9999 -9999 -9999 -0.0025 -0.0024 -0.0048 -0.007 -0.0092 -0.0096 -0.0095 -0.0094 -0.009 -0.0092 -0.0097 -0.0099 -0.0099 -0.01 -0.01 -0.0101 -0.0102 -0.0102 -0.0102 -0.0103 -0.0104 -0.0105 -0.0107 -0.0108 -0.0108 -0.0109 -0.0109 -0.0109 -0.0109 -0.0109 -0.011 -0.011 -0.011 -0.0111 -0.011 -0.011 -0.011 -0.011 -0.011 -0.011 -0.011 -0.0111 -0.011 -0.0111 -0.011 -0.0112 0 0 0 0 -0.0003 0.0061 0.0008 -0.073085 0 0 0 0 0 0.004
-9999 -9999 -9999 -9999 -9999 -9999 -9999 -9999 -9999 -9999 -9999 -9999 -9999 -9999 -0.0046 -0.0026 -0.0056 -0.0093 -0.0095 -0.0094 -0.0087 -0.0084 -0.0094 -0.0097 -0.0098 -0.0099 -0.01 -0.01 -0.0101 -0.01 -0.0101 -0.0102 -0.0103 -0.0104 -0.0107 -0.0108 -0.0108 -0.0109 -0.0109 -0.0109 -0.0109 -0.011 -0.0109 -0.011 -0.011 -0.011 -0.011 -0.011 -0.011 -0.011 -0.011 -0.011 -0.011 -0.011 -0.011 -0.0111 -0.0043 -0.0066 0 0 0 0 0 0.0068 0.0018 -0.073385 0.0072 0 0 0 0 0.0057
-9999 -9999 -9999 -9999 -9999 -9999 -9999 -9999 -9999 -9999 -9999 -9999 -9999 -9999 -9999 -0.0025 -0.0026 0 0 -0.0088 -0.0079 -0.0077 -0.009 -0.0096 -0.0098 -0.0098 -0.0099 -0.0099 -0.0099 -0.01 -0.01 -0.0101 -0.0102 -0.0105 -0.0106 -0.0108 -0.0108 -0.0108 -0.0109 -0.0109 -0.0109 -0.0109 -0.011 -0.0109 -0.011 -0.011 -0.011 -0.011 -0.011 -0.011 -0.011 -0.011 -0.011 -0.0109 -0.011 -0.019251 0 0 0.0059 0.0062 0.0066 0.0048 0.007 0.0072 0.0023 -0.079685 0.0074 0 0 0 0.0067 0.006
-9999 -9999 -9999 -9999 -9999 -9999 -9999 -9999 -9999 -9999 -9999 -9999 -9999 -9999 -9999 -9999 -9999 -0.0021 -0.0026 0 -0.0056 -0.0072 -0.0088 -0.0095 -0.0096 -0.0097 -0.0097 -0.0097 -0.0098 -0.0098 -0.01 -0.01 -0.0101 -0.0103 -0.0105 -0.0107 -0.0108 -0.0109 -0.0108 -0.0109 -0.0109 -0.0109 -0.011 -0.011 -0.011 -0.011 -0.0109 -0.011 -0.011 -0.011 -0.011 -0.011 -0.0109 -0.0109 -0.011 0 0 0.0044 0.0056 0.0024 0.0046 0.0049 0.0052 0.0054 0.0045047 -0.059685 -0.071685 0.0027 0 0 0.0024 0.0061
-9999 -9999 -9999 -9999 -9999 -9999 -9999 -9999 -9999 -9999 -9999 -9999 -9999 -9999 -9999 -9999 -9999 -9999 -9999 -0.0027 -0.0026 0 -0.0086 -0.0095 -0.0096 -0.0097 -0.0096 -0.0094 -0.0093 -0.0094 -0.0097 -0.0098 -0.0099 -0.0101 -0.0102 -0.0104 -0.0109 -0.0109 -0.0109 -0.0109 -0.0109 -0.0109 -0.0109 -0.011 -0.0109 -0.0109 -0.011 -0.011 -0.0109 -0.011 -0.011 -0.011 -0.011 0 0 0 -0.0007 0.0021 0.0048 0.0061 0.0046 0.0049 0.0053 0.0055 0.0050047 -0.02168 -0.070785 -0.060785 0.0028 0.0062 0.0062 0
-9999 -9999 -9999 -9999 -9999 -9999 -9999 -9999 -9999 -9999 -9999 -9999 -9999 -9999 -9999 -9999 -9999 -9999 -9999 -9999 -0.0027 -0.0027 -0.0026 -0.0001 -0.0096 -0.0095 -0.0093 -0.0089 -0.0083 -0.0087 -0.0092 -0.0095 -0.0096 -0.0097 -0.0099 -0.0102 -0.0108 -0.0108 -0.0108 -0.0109 -0.0108 -0.0109 -0.0109 -0.0109 -0.011 -0.011 -0.011 -0.011 -0.011 -0.011 -0.0111 -0.011 0 0 0 0 -0.0032 -0.001 0.0024 0.0055 0.0067 0.0051 0.0053 0.0055 0.0050047 0.0030047 -0.039385 -0.068085 -0.065785 -0.0080846 0.0057047 0
