data/entities/Measures_khals_deepened_1m/CaseDifferenceDepth_m.asc
ncols         98 
nrows         130 
xllcorner     530385.4375 
yllcorner     504074.10385949 
cellsize      100 
NODATA_value -9999 
[rows 0 to 31 of 130, columns 0 to 71 of 98]
-9999 -9999 -9999 -9999 -9999 -9999 -9999 -9999 -9999 -9999 -9999 -9999 -9999 -9999 -9999 -9999 -9999 -9999 -9999 -9999 -9999 -9999 -9999 -9999 -9999 -9999 -9999 -9999 -9999 -9999 -9999 -9999 -9999 -9999 -9999 -9999 -9999 -9999 -9999 -9999 -9999 -9999 -9999 -9999 -9999 -9999 -9999 -9999 -9999 -9999 -9999 -9999 -9999 -9999 -9999 -9999 -9999 -9999 -9999 -9999 -9999 -9999 -9999 -9999 -9999 -9999 -9999 -9999 -9999 -9999 -9999 -9999
-9999 -9999 -9999 -9999 -9999 -9999 -9999 -9999 -9999 -9999 -9999 -9999 -9999 -9999 -9999 -9999 -9999 -9999 -9999 -9999 -9999 -9999 -9999 -9999 -0.0731 -0.073 -0.073 -0.0731 -0.073 -0.073 -0.0729 -0.0728 -0.0726 -0.072 -0.0701 -0.0679 -0.0667 -0.0661 -0.0659 -9999 -9999 -9999 -9999 -9999 -9999 -9999 -9999 -9999 -9999 -9999 -9999 -9999 -9999 -9999 -9999 -9999 -9999 -9999 -9999 -9999 -9999 -9999 -9999 -9999 -9999 -9999 -9999 -9999 -9999 -9999 -9999 -9999
-9999 -9999 -9999 -9999 -9999 -9999 -9999 -9999 -9999 -9999 -9999 -9999 -9999 -9999 -9999 -9999 -9999 -9999 -9999 -9999 -9999 -9999 -0.0731 -0.073 -0.073 -0.073 -0.0731 -0.0731 -0.073 -0.073 -0.0729 -0.0728 -0.0726 -0.0722 -0.0705 -0.0665 -0.0661 -0.0656 -0.0614 -0.0337 -0.0379 -0.0424 -0.0463 -0.0456 -0.0445 -0.0437 -0.0432 -9999 -9999 -9999 -9999 -9999 -9999 -9999 -9999 -9999 -9999 -9999 -9999 -9999 -9999 -9999 -9999 -9999 -9999 -9999 -9999 -9999 -9999 -9999 -9999 -9999
-9999 -9999 -9999 -9999 -9999 -9999 -9999 -9999 -9999 -9999 -9999 -9999 -9999 -9999 -9999 -9999 -9999 -9999 -9999 -9999 0 0 0 -0.0731 -0.0731 -0.073 -0.073 -0.073 -0.073 -0.073 -0.0729 -0.0729 -0.0729 -0.0723 -0.0716 -0.0682 -0.0667 -0.0659 -0.0644 -0.039 -0.0369 -0.0425 -0.0526 -0.0508 -0.0446 -0.0429 -0.0414 -0.0376 -0.0355 -0.0343 -0.0336 -0.0334 -0.0332 -0.0332 -9999 -9999 -9999 -9999 -9999 -9999 -9999 -9999 -9999 -9999 -9999 -9999 -9999 -9999 -9999 -9999 -9999 -9999
-9999 -9999 -9999 -9999 -9999 -9999 -9999 -9999 -9999 -9999 -9999 -9999 -9999 -9999 -9999 -9999 -9999 -9999 -9999 0 0 0 0 -0.0731 -0.0731 -0.0731 -0.0731 -0.0732 -0.0731 -0.0731 -0.0731 -0.073 -0.0729 -0.0725 -0.0694 -0.0673 -0.0666 -0.0663 -0.0661 -0.0652 -0.0392 -0.0388 -0.0426 -0.0467 -0.0392 -0.0377 -0.0388 -0.0382 -0.0374 -0.037 -0.0276 -0.0178 -0.012 -0.0081 -0.0014 -0.0005 -0.0008 -0.0157 -0.0559 -0.0899 -0.1235 -0.1201 -9999 -9999 -9999 -9999 -9999 -9999 -9999 -9999 -9999 -9999
-9999 -9999 -9999 -9999 -9999 -9999 -9999 -9999 -9999 -9999 -9999 -9999 -9999 -9999 -9999 -9999 -9999 0 0 0 0 0 0 0 -0.0733 -0.0734 -0.0734 -0.0735 -0.0734 -0.0734 -0.0733 -0.0732 -0.0731 -0.0725 -0.0691 -0.0669 -0.0664 -0.0663 -0.066 -0.0653 -0.0629 -0.0462 -0.0394 -0.0394 -0.0354 -0.0326 -0.03 -0.0318 -0.0334 -0.0397 -0.0326 -0.0248 -0.0177 -0.0115 -0.004 -0.0067 -0.103 -0.1149 -0.1156 -0.1182 -0.1202 -0.1346 -0.156 -0.0911 -9999 -9999 -9999 -9999 -9999 -9999 -9999 -9999
-9999 -9999 -9999 -9999 -9999 -9999 -9999 -9999 -9999 -9999 -9999 -9999 -9999 -9999 -9999 0 0 0 0 0 0 0 0 0 -0.0733 -0.0735 -0.0735 -0.0735 -0.0735 -0.0735 -0.0735 -0.0735 -0.0734 -0.0729 -0.0676 -0.0662 -0.0662 -0.0662 -0.066 -0.065 -0.0639 -0.0582 -0.0496 -0.0411 -0.0295 -0.0339 -0.0376 -0.0423 -0.0563 -0.0612 -0.0661 -0.0718 -0.078 -0.0843 -0.0914 -0.099 -0.1017 -0.1057 -0.1124 -0.1159 -0.1171 -0.1166 -0.1151 -0.1093 0 0 0 -9999 -9999 -9999 -9999 -9999
-9999 -9999 -9999 -9999 -9999 -9999 -9999 -9999 -9999 -9999 -9999 -9999 -9999 -9999 0 0 0 0 0 0 0 0 0 0 0 -0.0735 -0.0736 -0.0736 -0.0737 -0.0737 -0.0737 -0.0737 -0.0737 -0.0735 -0.0586 -0.0656 -0.0658 -0.0661 -0.0655 -0.0647 -0.0635 -0.0611 -0.057 -0.053 -0.0484 -0.045 -0.0553 -0.0647 -0.0683 -0.0736 -0.0804 -0.0876 -0.0925 -0.0948 -0.096 -0.098 -0.0997 -0.1031 -0.1099 -0.1162 -0.1155 -0.1146 -0.1135 -0.1118 -0.1114 -0.1085 -0.0001 0 0 -9999 -9999 -9999
-9999 -9999 -9999 -9999 -9999 -9999 -9999 -9999 -9999 -9999 -9999 -9999 -0.0279 0 0 0 0 0 0 0 0 0 0 0 0 -0.0736 -0.0736 -0.0736 -0.0737 -0.0738 -0.0738 -0.0739 -0.074 -0.074 -0.0742 -0.0741 -0.066 0 -0.0163 -0.0631 -0.0627 -0.061 -0.0594 -0.0582 -0.0579 -0.0589 -0.0652 -0.0688 -0.074 -0.0804 -0.0868 -0.0914 -0.0937 -0.0948 -0.0957 -0.0967 -0.0977 -0.0993 -0.1 -0.1162 -0.1133 -0.1128 -0.1123 -0.1117 -0.1114 -0.1111 -0.1003 0 0 0 -9999 -9999
-9999 -9999 -9999 -9999 -9999 -9999 -9999 -9999 -9999 -9999 -0.028 -0.0279 -0.0279 -0.0279 -0.0278 0 0 0 0 0 0 0 0 0 0 0 -0.0736 -0.0736 -0.0738 -0.0739 -0.074 -0.0741 -0.0741 -0.0742 -0.0743 -0.0743 -0.0743 -0.0743 0 -0.0226 -0.0602 -0.0603 -0.0602 -0.0608 -0.0624 -0.0648 -0.0667 -0.0707 -0.0763 -0.0827 -0.0885 -0.0921 -0.0939 -0.0946 -0.0952 -0.0958 -0.0965 -0.0972 -0.0932 -0.1161 -0.1123 -0.1119 -0.1117 -0.1115 -0.1113 -0.111 -0.1106 -0.1101 -0.1098 -0.0721 0 0
-9999 -9999 -9999 -9999 -9999 -9999 -9999 -9999 -9999 -9999 -0.028 -0.0279 -0.0279 -0.0279 -0.0278 -0.0278 -0.0278 0 0 0 0 0 0 0 0 0 -0.0718 -0.0736 -0.074 -0.0741 -0.0741 -0.0742 -0.0743 -0.0742 -0.0743 -0.0743 -0.0744 -0.0743 0 -0.0001 -0.0429 -0.06 -0.0611 -0.0615 -0.0624 -0.0643 -0.0674 -0.0716 -0.0773 -0.0837 -0.0892 -0.0925 -0.0939 -0.0944 -0.0947 -0.0949 -0.0951 -0.0614 0 -0.0509 -0.1115 -0.1115 -0.1114 -0.1113 -0.1112 -0.1109 -0.1106 -0.1103 -0.1101 -0.1098 -0.1073 -0.0001
-9999 -9999 -9999 -9999 -9999 -9999 -9999 -9999 -9999 -9999 -0.0279 -0.028 -0.0279 -0.0279 -0.0278 -0.0277 -0.0277 -0.0276 -0.0275 0 0 0 0 0 0 0 0 -0.0735 -0.0745 -0.0744 -0.0743 -0.0743 -0.0743 -0.0743 -0.0743 -0.0744 -0.0743 -0.0744 -0.072 0 -0.0119 -0.059 -0.06 -0.0606 -0.0618 -0.0637 -0.07 -0.072 -0.0775 -0.0839 -0.0895 -0.0926 -0.0937 -0.0941 -0.0945 -0.0946 -0.0947 -0.0001 0 -0.1084 -0.1114 -0.1115 -0.1113 -0.1112 -0.1111 -0.1108 -0.1105 -0.1102 -0.1101 -0.1098 -0.1096 -0.1086
-9999 -9999 -9999 -9999 -9999 -9999 -9999 -9999 -9999 -0.028 -0.0281 -0.0279 -0.028 -0.0279 -0.0278 -0.0278 -0.0277 -0.0275 -0.0275 -0.0274 -0.0274 -0.0273 -0.0273 0 0 0 0 -0.0751 -0.0752 -0.075 -0.0746 -0.0744 -0.0744 -0.0744 -0.0743 -0.0744 -0.0744 -0.0744 -0.0744 -0.0743 -0.0697 -0.064 -0.0614 -0.0609 -0.0609 -0.0615 -0.0613 -0.0716 -0.0681 -0.0803 -0.0895 -0.0925 -0.0934 -0.0939 -0.0942 -0.0943 -0.0943 -0.0096 0 -0.1089 -0.1112 -0.1113 -0.1113 -0.1111 -0.1109 -0.1106 -0.1103 -0.1101 -0.11 -0.1097 -0.1096 -0.1091
-9999 -9999 -9999 -9999 -9999 -9999 -9999 -9999 -9999 -0.0283 -0.0267 -0.028 -0.028 -0.028 -0.0278 -0.0276 -0.0276 -0.0275 -0.0275 -0.0274 -0.0274 -0.0273 -0.0271 -0.0259 -0.0243 0 0 0 -0.0755 -0.0756 -0.075 -0.0746 -0.0744 -0.0745 -0.0744 -0.0745 -0.0744 -0.0744 -0.0744 -0.0744 -0.0743 -0.074 -0.0735 -0.0721 -0.0676 -0.0613 -0.0024 0 -0.0001 -0.082 -0.0884 -0.091 -0.0921 -0.0925 -0.0926 -0.092 -0.0908 -0.0842 -0.0844 -0.1033 -0.0809 0 -0.0614 -0.109 -0.1105 -0.1104 -0.1102 -0.11 -0.1099 -0.1097 -0.1096 -0.1092
-9999 -9999 -9999 -9999 -9999 -9999 -9999 -9999 -9999 -0.0284 -0.0283 -0.0282 -0.0281 -0.028 -0.0277 -0.0276 -0.0276 -0.0276 -0.0275 -0.0274 -0.0274 -0.0273 -0.0097 -0.0236 -0.0229 -0.022 -0.0217 0 -0.0758 -0.0766 -0.0755 -0.0748 -0.0746 -0.0745 -0.0745 -0.0745 -0.0744 -0.0745 -0.0744 -0.0743 -0.0743 -0.0741 -0.0735 -0.0717 -0.0683 -0.0653 -0.0665 -0.0703 -0.0745 -0.0836 -0.0859 -0.0876 -0.0858 -0.0249 -0.0883 -0.0908 -0.0907 -0.0839 -0.0688 -0.0001 0 0 0 0 0 -0.0979 -0.1099 -0.1099 -0.1097 -0.1096 -0.1096 -0.1091
-9999 -9999 -9999 -9999 -9999 -9999 -9999 -9999 -0.0284 -0.0284 -0.0283 -0.0283 -0.0282 -0.0281 -0.028 -0.0278 -0.0276 -0.0276 -0.0274 -0.0274 -0.0273 -0.0271 -0.0251 -0.0235 -0.0224 -0.0218 -0.0216 0 0 -0.0802 -0.0769 -0.0751 -0.0748 -0.0747 -0.0746 -0.0746 -0.0745 -0.0745 -0.0744 -0.0744 -0.0743 -0.074 -0.0689 -0.0001 -0.0001 -0.0641 -0.071 -0.0712 -0.0721 0 -0.0208 -0.0203 -0.0473 -0.0452 -0.0811 -0.0831 -0.0693 -0.0002 0 0 0 0 0 0 0 0 -0.1004 -0.1097 -0.1096 -0.1097 -0.1096 -0.1068
-9999 -9999 -9999 -9999 -9999 -9999 -9999 -9999 -0.0286 -0.0284 -0.0284 -0.0283 -0.0282 -0.0281 -0.028 -0.0278 -0.0277 -0.0276 -0.0274 -0.0274 -0.0273 -0.0271 -0.0252 -0.0235 -0.0224 -0.0217 -0.0207 -0.0195 0 -0.0843 -0.0797 -0.0766 -0.0754 -0.0751 -0.0748 -0.0747 -0.0746 -0.0746 -0.0745 -0.0744 -0.0743 -0.0739 -0.0244 0 0 -0.0095 -0.0706 -0.0707 0 0 0 0 -0.0494 -0.0694 -0.0697 -0.07 -0.0379 -0.0001 0 0 0 0 0 0 0 0 0 -0.0994 -0.1079 -0.1094 -0.1094 -0.1069
-9999 -9999 -9999 -9999 -9999 -9999 -9999 -9999 -0.0286 -0.0285 -0.0284 -0.0283 -0.0282 -0.0281 -0.0281 -0.0278 -0.0277 -0.0276 -0.0274 -0.0274 -0.0273 -0.0271 -0.0258 -0.024 -0.0226 -0.0217 -0.0213 -0.0211 0 0 -0.0752 -0.0751 -0.0751 -0.075 -0.075 -0.0748 -0.0747 -0.0747 -0.0746 -0.0744 -0.0742 -0.0731 -0.0659 0 0 -0.0701 -0.0702 -0.0702 -0.0642 0 0 0 -0.0692 -0.0692 -0.0692 -0.069 -0.0685 -0.0638 0 0 0 0 0 0 0 0 0 0 0 0 -0.1054 -0.106
-9999 -9999 -9999 -9999 -9999 -9999 -9999 -0.0287 -0.0288 -0.0286 -0.0286 -0.0285 -0.0284 -0.0282 -0.0281 -0.0279 -0.0277 -0.0277 -0.0275 -0.0274 -0.0272 -0.0268 -0.026 -0.0251 -0.0238 -0.0229 -0.022 -0.0217 -0.0221 0 -0.0751 -0.0751 -0.075 -0.075 -0.0749 -0.0749 -0.0748 -0.0748 -0.0747 -0.0743 -0.0732 -0.072 -0.0709 -0.0706 -0.0702 -0.0702 -0.0701 -0.0701 -0.07 -0.0698 0 -0.0542 -0.0693 -0.0693 -0.0692 -0.0686 -0.0675 -0.0666 -0.0657 -0.063 -0.0497 -0.0443 0 0 0 0 0 0 0 0 0 0
-9999 -9999 -9999 -9999 -9999 -9999 -9999 -0.0285 -0.0287 -0.0288 -0.0287 -0.0285 -0.0284 -0.0283 -0.0282 -0.028 -0.0279 -0.0277 -0.0275 -0.0268 -0.0265 -0.0263 -0.0259 -0.0258 -0.0253 -0.0241 -0.0222 -0.022 -0.0223 0 -0.0751 -0.0751 -0.0751 -0.075 -0.0749 -0.0748 -0.0748 -0.0752 -0.0763 -0.041 0 -0.0707 -0.0706 -0.0706 0 -0.07 -0.0701 -0.07 -0.0698 -0.0696 -0.0694 -0.0695 -0.0694 -0.0692 -0.0691 -0.068 -0.0673 -0.0668 -0.0664 -0.0662 -0.066 -0.0659 -0.0611 0 0 0 0 0 0 0 0 0
-9999 -9999 -9999 -9999 -9999 -9999 -9999 -0.0284 -0.0284 -0.0285 -0.0286 -0.0287 -0.0285 -0.0283 -0.0282 -0.028 -0.0279 -0.0277 -0.0272 0 0 -0.0262 -0.0261 -0.0261 -0.0259 -0.0253 0 -0.0219 -0.0236 0 -0.0751 -0.075 -0.075 -0.0749 -0.0748 -0.0748 -0.0747 -0.0741 0 0 -0.0709 -0.0703 -0.0705 -0.0706 -0.0707 -0.0704 -0.0616 -0.0602 -0.0697 -0.0698 -0.0697 -0.0696 -0.0695 -0.0692 -0.0689 -0.068 -0.0671 -0.0666 -0.0663 -0.0661 -0.066 -0.0657 -0.0656 -0.0654 -0.0653 0 0 0 0 0 0 0
-9999 -9999 -9999 -9999 -9999 -9999 -0.0276 -0.0279 -0.0281 -0.0282 -0.0283 -0.0284 -0.0287 -0.0285 -0.0282 -0.028 -0.0279 -0.0276 -0.0276 -0.0252 0 -0.0264 -0.0264 -0.0263 -0.0264 -0.0264 -0.0255 -0.0231 -0.0254 0 0 -0.0749 -0.0747 -0.0747 -0.0746 -0.07 -0.0711 -0.0732 -0.069 -0.0666 -0.071 -0.0708 -0.0708 -0.0707 -0.0707 -0.0707 -0.0629 -0.0639 -0.0702 -0.0701 -0.0699 -0.0698 -0.0695 -0.0693 -0.0687 -0.0677 -0.0669 -0.0664 -0.0661 -0.066 -0.0659 -0.0657 -0.0655 -0.0654 -0.0652 -0.0639 -0.0006 0 0 0 0 0
-9999 -9999 -9999 -9999 -9999 -9999 -0.0276 -0.0276 -0.0277 -0.0279 -0.028 -0.0281 -0.0283 -0.0286 -0.0281 -0.028 -0.0279 -0.0277 -0.0277 -0.0276 -0.0274 -0.0272 -0.0268 -0.0267 -0.0268 -0.0267 -0.0268 -0.0268 -0.0267 -0.0267 0 -0.0748 -0.0745 -0.0743 -0.0738 -0.0722 -0.0732 -0.0723 -0.0716 -0.0713 -0.0711 -0.0709 -0.0708 -0.0708 -0.0707 -0.0706 -0.0704 -0.0703 -0.0703 -0.0702 -0.0701 -0.0699 -0.0696 -0.0691 -0.0686 -0.0674 -0.0667 -0.0663 -0.0662 -0.066 -0.0659 -0.0656 -0.0655 -0.0653 -0.0651 -0.0649 -0.0647 -0.0646 -0.0645 -0.0644 -0.0643 -0.0643
-9999 -9999 -9999 -9999 -9999 -9999 -0.0273 -0.0274 -0.0274 -0.0275 -0.0276 -0.0277 -0.028 -0.0284 -0.0283 -0.0281 -0.028 -0.0279 -0.0278 -0.0277 -0.0276 -0.0273 -0.0271 -0.0269 -0.0269 -0.0268 -0.0268 -0.0268 -0.0267 -0.0267 -0.0266 0 -0.0742 -0.074 -0.0733 -0.0721 -0.0722 -0.072 -0.0715 -0.0713 -0.0711 -0.071 -0.0709 -0.0708 -0.0708 -0.0706 -0.0705 -0.0704 -0.0703 -0.0703 -0.0702 -0.0701 -0.07 -0.069 -0.0691 -0.067 -0.0665 -0.0664 -0.0661 -0.066 -0.0658 -0.0656 -0.0654 -0.0652 -0.065 -0.0648 -0.0647 -0.0646 -0.0645 -0.0644 -0.0644 -0.0642
-9999 -9999 -9999 -9999 -9999 -0.0267 -0.0268 -0.027 -0.0271 -0.0271 -0.0273 -0.0274 -0.0275 -0.0277 -0.0284 -0.0281 -0.0281 -0.028 -0.0279 -0.0277 -0.0276 -0.0274 -0.0272 -0.027 -0.0269 -0.0269 -0.0269 -0.0269 -0.0268 -0.0268 -0.0267 0 -0.0741 -0.0739 -0.0728 -0.0718 -0.0716 -0.0718 -0.0714 -0.0713 -0.0712 -0.0711 -0.071 -0.0709 -0.0708 -0.0707 -0.0705 -0.0705 -0.0703 -0.0703 -0.0702 -0.0702 -0.0701 0 -0.0604 -0.0665 -0.0663 -0.0664 -0.0661 -0.0659 -0.0657 -0.0655 -0.0653 -0.0651 -0.0649 -0.0648 -0.0647 -0.0646 -0.0645 -0.0644 -0.0643 -0.0642
-9999 -9999 -9999 -9999 -9999 -0.0266 -0.0266 -0.0267 -0.0268 -0.0269 -0.0269 -0.027 -0.0271 -0.0272 -0.0262 -0.0286 -0.0283 -0.0281 -0.0279 -0.0278 -0.0276 -0.0275 -0.0272 -0.0271 -0.027 -0.0269 -0.0269 -0.0269 -0.0268 -0.0268 -0.0268 -0.019 0 0 -0.0695 -0.072 -0.0719 -0.0717 -0.0716 -0.0713 -0.0713 -0.0711 -0.0711 -0.071 -0.071 -0.0708 -0.0705 -0.0704 -0.0704 -0.0703 -0.0702 -0.0703 -0.0706 -0.0605 -0.0418 -0.065 -0.0661 -0.0672 -0.067 -0.0667 -0.066 -0.0656 -0.0653 -0.065 -0.0649 -0.0647 -0.0647 -0.0646 -0.0646 -0.0645 -0.0587 0
-9999 -9999 -9999 -9999 -9999 -0.0264 -0.0264 -0.0264 -0.0266 -0.0266 -0.0266 -0.0267 -0.0267 -0.0269 -0.027 -0.0277 -0.0284 -0.0283 -0.0281 -0.0278 -0.0277 -0.0275 -0.0274 -0.0272 -0.0271 -0.027 -0.0269 -0.0269 -0.0269 -0.0268 -0.0268 -0.0245 0 0 -0.0674 -0.0719 -0.0717 -0.0717 -0.0715 -0.0715 -0.0713 -0.0712 -0.0711 -0.072 -0.0725 -0.0717 -0.0707 -0.0705 -0.0703 -0.0703 -0.0703 -0.0703 -0.0709 -0.0698 -0.0682 -0.0664 -0.0655 -0.0668 -0.0665 -0.0659 -0.0657 -0.0654 -0.0652 -0.065 -0.0649 -0.0647 -0.0648 -0.0648 -0.0647 -0.0646 -0.0599 0
-9999 -9999 -9999 -9999 -0.0258 -0.026 -0.0261 -0.0262 -0.0263 -0.0264 -0.0264 -0.0264 -0.0264 -0.0265 -0.0266 -0.0271 -0.0277 -0.0284 -0.0284 -0.0281 -0.0277 -0.0275 -0.0274 -0.0272 -0.0271 -0.027 -0.0269 -0.027 -0.0269 -0.0268 -0.0267 -0.0266 -0.0254 0 -0.0669 -0.0674 -0.0718 -0.0718 -0.0716 -0.0716 -0.0716 -0.0414 -0.0713 -0.0766 -0.0769 -0.0762 -0.0676 -0.0001 -0.0703 -0.0703 -0.0702 -0.0703 -0.0722 -0.0701 -0.0696 -0.0691 -0.0689 -0.0687 -0.0664 -0.0659 -0.0655 -0.0654 -0.0653 -0.0651 -0.0651 -0.0651 -0.065 -0.065 -0.0648 -0.0645 -0.0639 -0.0635
-9999 -9999 -9999 -9999 -0.0256 -0.0257 -0.0259 -0.026 -0.0261 -0.0262 -0.0262 -0.0262 -0.0262 -0.0262 -0.0263 -0.0265 -0.0273 -0.028 -0.0286 -0.0283 -0.0283 -0.0277 -0.0274 -0.0273 -0.0272 -0.027 -0.0269 -0.0269 -0.0269 -0.0257 -0.0266 -0.0267 -0.0267 0 0 -0.0719 -0.0719 -0.0722 -0.0722 -0.0729 -0.0752 -0.0808 -0.0846 -0.0839 -0.0833 -0.0816 -0.0299 0 -0.0527 -0.0701 -0.069 -0.0002 0 -0.07 -0.069 -0.069 -0.0689 -0.0688 -0.0677 -0.0665 -0.0657 -0.0654 -0.0654 -0.0653 -0.0654 -0.0653 -0.0652 -0.0654 -0.0649 -0.0643 -0.0639 -0.0635
-9999 -9999 -9999 -9999 -0.0253 -0.0253 -0.0255 -0.0257 -0.0259 -0.0261 -0.0261 -0.026 -0.0259 -0.0258 -0.0258 -0.026 -0.0264 -0.0266 -0.028 -0.0286 -0.028 -0.0276 -0.0274 -0.0272 -0.0271 -0.027 -0.027 -0.0269 -0.0269 -0.0268 -0.0268 -0.0267 -0.0267 -0.0267 0 0 0 -0.0734 -0.075 -0.0789 -0.0843 -0.0861 -0.0861 -0.0857 -0.0854 -0.085 -0.0708 0 -0.0302 0 0 0 -0.0684 -0.0686 -0.069 -0.0689 -0.0688 -0.0686 -0.0683 -0.0678 -0.067 -0.0663 -0.0659 -0.0657 -0.066 -0.0656 -0.0654 -0.0653 -0.0647 -0.0641 -0.0638 -0.0634
-9999 -9999 -9999 -0.0244 -0.0247 -0.025 -0.0251 -0.0254 -0.0258 -0.0259 -0.0259 -0.0257 -0.0254 -0.0253 -0.0252 -0.0252 -0.0254 -0.0256 -0.0264 -0.0268 -0.027 -0.0275 -0.0274 -0.0273 -0.0272 -0.0271 -0.027 -0.0269 -0.0269 -0.0269 -0.0268 -0.0267 -0.0267 -0.0235 -0.0034 0 0 0 -0.0749 -0.0844 -0.0865 -0.0867 -0.0866 -0.0862 -0.086 -0.0856 -0.0723 -0.0455 0 0 0 0 -0.0698 -0.0693 -0.0691 -0.0688 -0.0687 -0.0684 -0.0681 -0.0677 -0.0673 -0.0666 -0.066 -0.0659 -0.0659 -0.0658 -0.0655 -0.0651 -0.0645 -0.0641 -0.0637 -0.0633
-9999 -9999 -9999 -0.0243 -0.0243 -0.0245 -0.0247 -0.0248 -0.0246 -0.0252 -0.025 -0.0246 -0.0246 -0.0246 -0.0245 -0.0245 -0.0244 -0.025 -0.0246 -0.0248 -0.0275 -0.0277 -0.0275 -0.0274 -0.0273 -0.0271 -0.027 -0.0269 -0.0268 -0.0268 -0.0268 -0.0268 0 0 0 0 -0.0287 0 0 -0.0883 -0.0878 -0.0875 -0.0872 -0.0868 -0.0864 -0.0859 -0.0003 0 0 0 0 -0.0676 -0.0707 -0.0699 -0.0694 -0.0689 -0.0686 -0.0683 -0.0679 -0.0676 -0.0673 -0.0669 -0.0657 -0.0658 -0.0658 -0.0659 -0.0657 -0.0652 -0.0645 -0.0641 -0.0636 -0.0632
