data/entities/Measures_khals_deepened_1m/CaseDifferenceDuration_fraction.asc
ncols         98 
nrows         130 
xllcorner     530385.4375 
yllcorner     504074.10385949 
cellsize      100 
NODATA_value -9999 
[rows 70 to 104 of 130, columns 0 to 76 of 98]
-9999 -9999 -9999 1 1 1 0.98824 0.97701 0.98851 1 0.52381 1 0.98824 0.97727 0.88119 1 0.98876 0.98876 0.98876 0.98876 0.98876 0.98837 1 0.5119 0.95349 0.96552 0.95238 0.53333 0.875 0.5 0.88889 0.95349 0.98824 0.5 0.52381 0.97701 0.97701 0.97701 0.97701 0.97727 0.98876 0.87255 0.97753 0.98824 0.91667 0.8 0.78378 0.98824 0.98837 0.97701 0.98824 0.90244 0.95238 1 0.91667 0.90244 0.5119 1 0.98824 0.97701 1 -9999 -9999 0.925 0.95122 1 1 1 1 1 1 1 1 1 1 1 1
-9999 -9999 -9999 1 0.52381 0.80952 1 0.98837 1 0.52381 0.74359 0.84211 0.95349 0.98824 1 1 0.98837 0.98837 0.97727 0.97727 0.98837 0.97701 0.98824 0.98824 0.925 1 0.75 0.6 0 -9999 0.875 0.53333 0.74359 0.95122 0.74359 0.96552 0.98824 0.97701 0.97727 0.97727 0.98876 0.98876 0.96591 0.52381 0.92857 1 0.775 0.98824 0.98824 0.97701 0.97727 0.98824 0.98824 0.98824 0.5119 0.67857 0.98837 0.98824 0.98824 0.98824 0.60294 -9999 -9999 0.925 0.95 0.95652 0.88889 1 1 1 1 1 1 1 1 1 1
-9999 -9999 -9999 1 0.5119 0.5119 0.67857 1 0.97727 0.52381 0.76316 0.85714 0.74359 1 0.98876 0.98864 0.98824 1 1 0.97701 0.98876 0.98864 0.97701 0.98837 0.78378 0.85714 0.85714 0.85714 0.91667 0.92857 0.95122 0.98824 0.98824 1 0.52381 0.98837 0.98824 1 0.5119 0.98837 0.97727 0.97753 0.98837 0.5119 0.74359 0.74359 0.95122 0.93182 1 0.97674 0.98824 0.97701 0.97727 0.98837 1 0.93182 0.98837 0.98837 0.98824 0.98824 0.5 -9999 -9999 0.925 0.95122 0.91667 0.5 1 1 1 1 1 1 1 1 1 1
-9999 -9999 -9999 -9999 0.52381 0.7069 0.5119 0.52381 0.98864 0.98824 0.52381 0.95238 0.78378 0.5119 0.98864 0.98851 0.98824 0.78378 0.4881 0.98837 0.98876 0.98876 0.98837 0.92308 0.95122 0.5119 0.98876 0.98824 0.98837 0.97727 0.96591 0.97701 0.98876 0.98876 0.98876 0.97753 0.96591 0.97674 0.98824 0.97701 0.98864 0.97753 0.98837 1 0.95349 0.90698 0.95122 0.90698 0.80952 0.97701 0.97727 0.98864 0.98876 1 0.97727 0.98837 0.96591 0.98837 0.98837 0.98824 0.5 -9999 -9999 0.925 0.95122 0.85714 0.84211 1 1 1 1 1 1 1 1 1 1
-9999 -9999 -9999 -9999 1 0.93023 0.95349 0.93182 0.5119 0.80952 0.67857 0.92683 0.90244 0.52381 0.98837 0.97701 0.98824 0.93182 0.5119 0.98824 0.98864 0.98837 0.98824 0.98824 1 0.98824 1 0.98824 0.97701 0.97727 0.98864 0.98876 0.87255 0.98889 0.98876 0.98876 0.98876 0.97753 0.98876 0.98876 0.98876 0.98876 0.97727 0.98837 0.98824 0.52381 0.93182 0.5 0.98824 0.97727 0.98864 0.98876 0.98876 0.98876 0.97701 0.98824 0.52381 1 0.98824 0.98824 0.7069 0.93182 -9999 0.925 0.95122 0.78378 0.90476 1 1 1 1 1 1 1 1 1 1
-9999 -9999 -9999 -9999 1 0.90698 0.95122 0.95122 0.95122 0.95349 0.5119 0.52381 1 0.98837 1 0.98876 0.97701 0.98837 0.52381 0.93023 0.95122 0.95349 0.52381 0.98824 0.98837 0.98837 0.97701 0.96591 0.96591 0.97727 0.97753 0.98876 0.98876 0.98889 0.98889 0.98876 0.98889 0.98889 0.98889 0.98889 0.98889 0.98889 0.98876 0.97753 0.96591 0.96591 0.96591 0.96591 0.98824 0.67857 0.52381 0.98824 0.97727 0.97727 0.98824 0.5119 0.93023 0.93182 0.93182 0.69048 0.95349 0.92683 -9999 0.74359 0.925 0.925 0.95455 1 1 1 1 0.88889 1 1 1 1 1
-9999 -9999 -9999 -9999 -9999 0.93182 0.79487 0.76316 0.96429 0.93182 1 0.97727 0.98876 0.98876 0.88119 0.98876 0.97727 0.98837 0.7069 0.96429 -9999 0.93103 0.52381 0.97753 0.98876 0.98876 0.98876 0.98876 0.97727 0.96591 0.97727 0.98876 0.97802 0.97802 0.88119 0.87255 0.87255 0.87255 0.87379 0.87255 0.87255 0.88119 0.98889 0.98889 0.98876 0.98876 1 0.97727 0.52381 0.93103 0.95238 0.95349 0.98824 0.97701 0.98824 1 0.4881 0.96552 0.78378 0.96429 0.92857 0.85714 -9999 0.93103 0.92308 0.95 0.95238 1 1 1 1 1 0.88889 1 1 1 1
-9999 -9999 -9999 -9999 -9999 0.5119 0.78378 0.96429 0.89474 0.95833 0.95349 1 0.98876 1 0.88119 0.98876 0.97727 0.98824 0.52381 0.95122 0.79487 0.93182 0.98837 0.98889 1 0.98876 0.98876 0.97701 0.98824 0.97727 0.98876 0.98876 0.98889 0.97802 0.88119 0.88119 0.87255 0.87255 0.87255 0.87255 0.87255 0.87255 0.88119 0.98889 0.98889 0.98876 0.98864 0.97701 0.98824 0.98824 0.98824 0.98824 0.98864 0.97701 0.98824 0.5119 0.74359 0.85714 0.84211 1 0.84211 0.84211 -9999 -9999 0.78378 0.94872 1 1 1 1 1 1 1 1 1 1 1
-9999 -9999 -9999 -9999 -9999 0.98824 0.78378 0.85714 -9999 0.53333 0.925 0.98824 0.98876 0.98876 1 0.98864 0.98837 1 0.98824 0.98824 0.98837 0.97701 0.97727 0.98876 0.97753 0.97727 0.98824 0.71429 0.76316 0.98876 0.98876 0.98876 0.98889 0.98876 0.98876 0.87255 0.98889 0.98889 0.87255 0.97802 0.87255 0.87255 0.97802 0.98889 0.98876 0.97727 0.98837 0.98837 0.97727 0.98876 1 0.98876 0.98876 0.98837 0.60294 0.74359 0.79487 0.95238 1 1 1 1 1 -9999 0.92857 0.94872 0.84211 1 1 1 1 1 1 1 1 1 1
-9999 -9999 -9999 -9999 -9999 -9999 0.94872 1 -9999 0.95 0.78378 0.97753 0.97701 0.97727 0.98864 0.97701 0.98837 0.98824 0.98837 0.97701 0.97727 0.98837 0.98824 1 0.98824 0.98837 0.98824 0.95122 0.4881 0.98824 0.97701 0.97701 0.52381 0.5119 0.5119 0.95349 0.7069 0.52381 1 0.97727 1 0.98889 1 0.98876 0.97727 0.96591 0.98837 0.98824 1 0.69048 0.80952 0.69048 0.98824 0.5119 0.85714 0.71429 0.95238 0.84211 1 1 1 1 1 -9999 0.96 0.94872 0.84211 1 1 1 1 1 1 1 1 1 1
-9999 -9999 -9999 -9999 -9999 -9999 0.95349 0.95833 0.95652 1 0.91667 0.89474 0.93182 1 0.98837 0.98837 0.98837 0.98837 0.97701 0.96591 0.97753 0.98824 0.93182 0.92857 0.90698 1 0.97727 0.52381 0.90698 0.82143 0.95455 -9999 0.66667 0.84211 0.85714 0.53333 0.92857 0.93182 0.98824 0.96591 0.98876 0.98876 0.98876 0.98864 0.96591 0.98837 0.98837 0.98824 0.93182 0.82143 0.89474 0.74359 0.95122 0.74359 1 1 0.95833 0.84211 1 1 1 1 0.53333 -9999 -9999 0.94872 1 1 1 1 1 1 1 1 1 1 1
-9999 -9999 -9999 -9999 -9999 -9999 0.65476 0.91667 0.78378 0.80556 0.74359 0.92857 0.90698 1 0.97727 0.97727 0.97701 0.98837 0.98837 0.97701 0.98837 0.98824 0.60294 0.74359 0.90698 0.5119 0.52381 0.93182 0.90698 0.775 0.93103 0.6 -9999 -9999 0.98824 0.5 0.52381 0.96591 0.88235 0.88119 0.98889 0.98876 0.97753 0.97727 0.97727 0.97701 0.98824 0.98824 0.52381 0.5119 0.5119 0.90698 0.95349 0.92683 0.96552 0.74359 0.96552 0.84211 1 1 1 1 1 1 -9999 0.925 1 1 1 1 1 1 1 1 1 1 1
-9999 -9999 -9999 -9999 -9999 -9999 -9999 0.96429 0.96296 0.93103 0.80556 0.90698 0.5119 1 0.98864 0.97727 0.98837 0.79762 0.98824 0.98837 0.98876 0.98824 0.52381 0.5119 0.5119 0.67857 0.98824 0.98837 0.98824 0.5119 0.78378 0.84211 -9999 0.6 0.90698 0.98824 0.98837 0.97727 0.98876 0.98876 0.98876 0.98876 0.98876 0.97727 0.96591 0.97701 0.98837 0.98824 0.98824 0.98824 0.98824 1 0.98824 0.80952 0.90698 0.95122 0.96429 0.95238 1 1 1 1 1 1 -9999 0.925 1 1 1 1 1 1 1 1 1 1 1
-9999 -9999 -9999 -9999 -9999 -9999 -9999 0.94872 0.95833 0.96296 0.96552 0.93182 1 1 1 0.97701 0.97701 0.97727 0.98837 0.98837 0.97701 1 0.60294 0.79487 0.5 1 0.97701 0.97727 0.97727 0.97727 0.5119 0.74359 0.93103 0.90244 0.5119 0.98824 0.98837 0.97701 0.69048 0.84211 0.90244 0.98889 0.97701 0.97701 0.97701 0.96591 0.98864 0.97701 0.93182 0.92857 0.96552 0.95122 0.52381 0.67857 0.93182 0.74359 1 1 0.95238 1 1 1 1 1 -9999 0.94872 0.95 1 1 1 1 1 1 1 1 1 1
-9999 -9999 -9999 -9999 -9999 -9999 -9999 0.80882 0.95652 0.96296 0.94872 0.5 1 1 1 0.97727 0.98851 0.97701 0.98837 1 0.79762 0.4881 0.90698 0.90698 0.5119 1 0.98824 0.98824 0.98824 0.97727 1 0.5119 0.67857 0.98824 0.98824 0.98837 0.97701 0.97727 0.69048 0.90476 0.92 0.74359 1 0.98824 0.98824 0.98837 0.96591 0.98824 0.93103 1 0.66667 1 0.78378 0.74359 0.78378 0.95455 0.53333 0.95238 1 0.96552 0.95 0.5 0.88889 1 -9999 -9999 1.05 1 1 1 1 1 1 1 1 1 1
-9999 -9999 -9999 -9999 -9999 -9999 -9999 -9999 1 0.78378 0.93023 0.5119 1 1 1 0.97727 1 0.64286 0.52381 0.52381 0.95349 0.95122 0.93182 0.98824 0.4881 0.93182 0.93182 0.60294 0.93182 0.90244 0.5 0.52381 0.98824 0.98824 0.97701 0.98876 0.98876 0.98876 1 0.98824 0.98824 0.98837 1 0.67857 0.52381 1 0.98824 1 0.925 0.95652 0.95455 0.92857 0.725 0.74359 0.96552 1 0.90476 1 0.91667 0.96552 0.91667 0.89474 0.53333 1 -9999 -9999 0.875 1 1 1 1 1 1 1 1 1 1
-9999 -9999 -9999 -9999 -9999 -9999 -9999 -9999 0.93333 0.95455 0.5119 0.64706 0.98824 1 0.98851 0.98837 0.64286 0.95122 0.60294 0.93182 0.92683 0.74359 0.78378 0.95833 0.90476 0.92857 0.90698 0.4881 0.7069 0.95122 0.5119 0.52381 0.52381 0.98824 0.97727 1 0.98889 0.98876 0.97727 0.98876 0.98876 0.98876 0.97674 0.5119 0.90244 0.90698 0.5119 0.52381 0.5119 0.5119 0.90698 0.93103 0.91667 1 0.95455 1 1 0.95455 0.96552 0.96552 1 1 1 0.9375 -9999 -9999 1 1 1 1 1 1 1 1 1 1 1
-9999 -9999 -9999 -9999 -9999 -9999 -9999 -9999 -9999 1 0.95122 0.94872 0.76316 0.90698 1 0.98837 0.78824 0.5119 0.4881 0.90698 0.74359 0.92857 0.88889 0.95455 0.91667 0.92683 0.98824 0.98837 0.97701 0.97701 0.98824 0.98824 0.5119 0.5119 0.97701 0.89109 1 0.98876 0.98876 1 0.98889 0.89109 0.98824 0.5119 0.74359 0.5 0.67857 0.98824 1 0.80952 0.4881 0.96552 0.90476 -9999 0.875 0.57143 1 0.96552 0.96552 0.95652 1 1 1 1 -9999 1 1 1 1 1 1 1 1 1 1 1 1
-9999 -9999 -9999 -9999 -9999 -9999 -9999 -9999 -9999 -9999 1 -9999 -9999 1 0.75926 0.98837 0.98824 0.64286 0.4881 0.74359 1 0.95652 0.85714 0.87805 0.5119 0.98824 0.97701 0.97727 0.97727 0.97727 0.96591 0.98837 0.98824 0.93182 1 0.97727 0.97727 0.97727 0.97753 0.98876 0.97674 0.74359 0.93023 0.67857 0.98824 0.98824 0.97727 0.98876 1 0.925 0.95833 0.78378 0.95122 0.5119 0.95122 0.93182 0.80952 0.74359 0.75 -9999 -9999 1 -9999 -9999 1 1.0278 1 1 1 1 1 1 0.875 1 1 1 1
-9999 -9999 -9999 -9999 -9999 -9999 -9999 -9999 -9999 -9999 -9999 1 -9999 1 1 0.5119 0.93182 0.5119 0.5119 0.74359 1 0.85 0.95833 0.74359 0.60294 0.98824 0.97727 0.97701 0.98837 0.98837 0.98824 0.52381 0.93023 0.90698 0.5 0.80952 1 1 1 0.5119 0.90244 0.84211 0.96552 0.95122 0.90244 0.52381 0.97701 1 0.98824 0.95349 0.78378 0.90698 0.52381 0.98824 0.80952 0.67857 0.98824 0.84211 -9999 -9999 1 -9999 -9999 1 1 1 1 1 1 1 1 1 1 1 1 1 1
-9999 -9999 -9999 -9999 -9999 -9999 -9999 -9999 -9999 -9999 -9999 -9999 1 1 1 -9999 0.94118 0.74359 0.5119 0.91667 -9999 1 0.95455 0.96552 0.4881 0.98824 0.97701 0.98837 0.98824 0.52381 0.5119 0.93182 0.74359 0.90698 0.5 0.5119 0.80952 0.52381 0.90698 0.5119 0.93182 0.74359 0.74359 0.95122 0.93182 0.69048 0.97727 1 0.97727 0.98837 0.5 1 0.98824 0.98824 0.90698 0.93103 0.90476 -9999 -9999 -9999 -9999 1 1 0.5 1 1 1 1 1 1 1 1 0.875 1 0.94118 1 -9999
-9999 -9999 -9999 -9999 -9999 -9999 -9999 -9999 -9999 -9999 -9999 -9999 -9999 -9999 1 1 1 1 1 0.89474 0.5 0.94118 0.92308 0.90244 0.98824 0.98824 0.98824 0.98824 0.98824 1 0.98824 0.5119 0.93182 0.4881 0.80952 0.96591 0.97701 0.97701 0.97753 0.98837 0.98824 0.98837 0.98837 0.98837 0.96591 0.97701 0.98837 0.98824 0.98837 0.97701 0.97727 0.98824 1 0.93182 0.95455 0.5 1 1 -9999 -9999 1 1 1 1 1 1 1 1 1 1 1 0.5 0.9 1 1 1 -9999
-9999 -9999 -9999 -9999 -9999 -9999 -9999 -9999 -9999 -9999 -9999 -9999 -9999 -9999 -9999 1 1 -9999 -9999 -9999 0.95 0.96429 0.96552 0.92683 0.4881 0.5119 0.52381 0.79762 0.80952 0.98824 0.98824 0.98824 0.52381 0.67857 0.98824 0.98837 0.97701 0.96591 0.97701 0.97701 0.98837 0.98824 0.98837 0.96591 0.97727 0.98824 0.69048 0.52381 0.98837 0.97727 0.97701 0.80952 0.90244 0.91667 0.5 1 -9999 -9999 1 1 0.85 0.95455 0.85 1 1 1.0345 1 1 1 1 1 0.95455 0.95455 0.95455 1 -9999 -9999
-9999 -9999 -9999 -9999 -9999 -9999 -9999 -9999 -9999 -9999 -9999 -9999 -9999 -9999 -9999 -9999 -9999 1 -9999 -9999 -9999 0.96296 0.91667 0.93103 0.9 0.90698 0.93182 0.5119 0.5 0.95122 0.5119 0.98824 0.98824 0.5 0.95349 0.98824 0.98824 0.97701 0.97727 0.98837 0.98824 0.52381 0.97674 0.96591 0.97701 0.97701 0.96591 0.97727 0.98837 0.98824 1 0.5 0.90698 0.85185 0.95238 -9999 -9999 1 0.95238 1 1 0.96296 1 1 0.96296 1.0357 1 1.0435 1 1 1.0455 1 0.95455 0.95455 -9999 -9999 -9999
-9999 -9999 -9999 -9999 -9999 -9999 -9999 -9999 -9999 -9999 -9999 -9999 -9999 -9999 -9999 -9999 -9999 -9999 -9999 1 0.66667 -9999 -9999 0.875 0.96552 0.76316 0.92683 0.93023 0.92308 0.95652 0.74359 0.5119 0.5 0.76316 1 -9999 0.725 0.98824 0.98837 0.97701 0.96591 0.97701 0.96591 0.97753 0.98889 0.98876 0.97727 0.98837 0.5119 0.74359 0.82143 0.90244 0.78378 -9999 -9999 -9999 1 0.84211 1 0.89474 0.95455 0.96296 1 1 1 1 1.0345 1 1 1 1.0455 1 1 -9999 -9999 -9999 -9999
-9999 -9999 -9999 -9999 -9999 -9999 -9999 -9999 -9999 -9999 -9999 -9999 -9999 -9999 -9999 -9999 -9999 -9999 -9999 -9999 1 1 -9999 -9999 -9999 0.57143 0.95652 0.95122 0.95349 0.95455 0.85714 0.90698 0.90698 0.96429 0.90476 0.66667 0.95833 1 0.97701 0.98837 0.98837 0.98837 0.97701 0.97727 0.98864 0.97701 0.98824 0.52381 0.74359 0.91667 0.74359 0.75 -9999 -9999 -9999 -9999 0.53333 0.6 0.875 1 0.85 1 1 1 1 1 1 1.0345 1.0345 1 1.087 1 1 -9999 -9999 -9999 -9999
-9999 -9999 -9999 -9999 -9999 -9999 -9999 -9999 -9999 -9999 -9999 -9999 -9999 -9999 -9999 -9999 -9999 -9999 -9999 -9999 -9999 -9999 1 -9999 -9999 -9999 -9999 0.95833 0.94872 0.93103 0.93103 0.79487 0.92683 0.78378 0.93103 0.74359 0.90698 0.80952 0.97701 0.97701 0.98837 0.98824 0.97701 0.98837 0.98837 0.5119 0.74359 0.90476 0.95238 0.6 -9999 -9999 -9999 -9999 -9999 -9999 1 1 0.875 0.88889 0.875 0.5 1 1 1 1 1.0357 1.1667 0.96552 0.96429 1 1 -9999 -9999 -9999 -9999 -9999
-9999 -9999 -9999 -9999 -9999 -9999 -9999 -9999 -9999 -9999 -9999 -9999 -9999 -9999 -9999 -9999 -9999 -9999 -9999 -9999 -9999 -9999 -9999 -9999 -9999 -9999 -9999 -9999 0.5 0.76923 0.80556 0.93103 0.92857 0.93103 0.96552 0.96429 0.5119 0.97727 0.97727 0.96591 0.97753 0.98876 0.97701 0.97674 0.98824 0.5119 0.90698 0.90698 0.90909 -9999 -9999 -9999 -9999 -9999 -9999 -9999 1 1 0.71429 0.5 1 1 1 1 1 1 1 1.0278 1 1 1 -9999 -9999 -9999 -9999 -9999 -9999
-9999 -9999 -9999 -9999 -9999 -9999 -9999 -9999 -9999 -9999 -9999 -9999 -9999 -9999 -9999 -9999 -9999 -9999 -9999 -9999 -9999 -9999 -9999 -9999 -9999 -9999 0.52941 1 0.88889 0.92308 0.80556 0.93103 0.92857 0.95833 0.91667 0.91667 0.60294 0.97701 0.90698 0.5119 0.98824 0.97753 0.97701 1 0.4881 0.4881 0.93182 0.90698 -9999 -9999 1 1.1429 1 -9999 -9999 -9999 0.85714 0.5 0.85 0.85 0.9 1 1 1 1 1 1 1 1 1 -9999 -9999 -9999 -9999 -9999 -9999 -9999
-9999 -9999 -9999 -9999 -9999 -9999 -9999 -9999 -9999 -9999 -9999 -9999 -9999 -9999 -9999 -9999 -9999 -9999 -9999 -9999 -9999 -9999 -9999 -9999 -9999 -9999 -9999 -9999 1 0.93103 0.95652 0.92308 1 0.90698 0.60294 1 0.93103 -9999 0.75 0.96552 0.5119 0.97701 0.98837 0.80952 0.93182 0.74359 0.92857 -9999 -9999 1 1 1.1579 1 0.96429 1 -9999 0.92308 1 1 0.92857 0.96296 0.96296 1 1 1 1 1.04 1 1 -9999 -9999 -9999 -9999 -9999 -9999 -9999 -9999
-9999 -9999 -9999 -9999 -9999 -9999 -9999 -9999 -9999 -9999 -9999 -9999 -9999 -9999 -9999 -9999 -9999 -9999 -9999 -9999 -9999 -9999 -9999 -9999 -9999 -9999 -9999 -9999 1 -9999 -9999 0.94118 0.93548 0.7069 1 1 0.96429 0.75 0.95238 0.74359 1 0.97727 0.97701 0.98824 0.67857 0.93182 -9999 -9999 1 1.1667 1.2 1 1 0.48235 1 -9999 0.92308 1 1 0.96296 0.96296 0.96296 1 1 1 1 1 1 1 -9999 -9999 -9999 -9999 -9999 -9999 -9999 -9999
-9999 -9999 -9999 -9999 -9999 -9999 -9999 -9999 -9999 -9999 -9999 -9999 -9999 -9999 -9999 -9999 -9999 -9999 -9999 -9999 -9999 -9999 -9999 -9999 -9999 -9999 -9999 -9999 -9999 -9999 -9999 -9999 0.95833 0.61765 1 1 0.79762 0.74359 0.74359 0.5119 0.98837 1 0.97727 0.98837 0.98824 -9999 -9999 1.011 0.96429 1 1.2 1.0455 1 0.75 1 -9999 -9999 0.875 1 1 1 1 1 1 1 1 1 1 -9999 -9999 -9999 -9999 -9999 -9999 -9999 -9999 -9999
-9999 -9999 -9999 -9999 -9999 -9999 -9999 -9999 -9999 -9999 -9999 -9999 -9999 -9999 -9999 -9999 -9999 -9999 -9999 -9999 -9999 -9999 -9999 -9999 -9999 -9999 -9999 -9999 -9999 -9999 -9999 -9999 0.90476 0.74359 0.95122 1 0.92683 0.95652 0.46667 0.84211 0.78378 0.98824 0.98824 0.98824 -9999 -9999 0.96629 1 0.48235 0.86364 1 1 0.75 0.69231 1 -9999 -9999 1 0.95455 0.8 1 0.9 0.95455 1 1 1 1.0455 -9999 1 -9999 -9999 -9999 -9999 -9999 -9999 -9999 -9999
-9999 -9999 -9999 -9999 -9999 -9999 -9999 -9999 -9999 -9999 -9999 -9999 -9999 -9999 -9999 -9999 -9999 -9999 -9999 -9999 -9999 -9999 -9999 -9999 -9999 -9999 -9999 -9999 -9999 -9999 -9999 -9999 -9999 -9999 -9999 -9999 -9999 -9999 -9999 -9999 -9999 -9999 -9999 -9999 -9999 0.87805 0.87805 0.9 0.75 1 1.1053 1 0.87097 0.71053 1 -9999 0.5 0.5 0.94595 0.91892 0.95833 1 1 1 1 0.94118 -9999 -9999 -9999 -9999 -9999 -9999 -9999 -9999 -9999 -9999 -9999
-9999 -9999 -9999 -9999 -9999 -9999 -9999 -9999 -9999 -9999 -9999 -9999 -9999 -9999 -9999 -9999 -9999 -9999 -9999 -9999 -9999 -9999 -9999 -9999 -9999 -9999 -9999 -9999 -9999 -9999 -9999 1 1 1 1.0385 1.0385 1 1 1 1 1 1 1 1 0.97368 0.92308 0.90476 0.90476 0.93103 1 0.85714 0.75 0.85714 0.81818 -9999 -9999 1.0116 1.0118 1 1.9091 0.95455 1 1 1 0.5 -9999 -9999 -9999 -9999 -9999 -9999 -9999 -9999 -9999 -9999 -9999 -9999
