data/entities/Measures_khals_deepened_1m/CaseDifferenceDuration_fraction.asc
ncols         98 
nrows         130 
xllcorner     530385.4375 
yllcorner     504074.10385949 
cellsize      100 
NODATA_value -9999 
[rows 35 to 69 of 130, columns 0 to 77 of 98]
1 1 0.98824 1 1 0.4881 0.7 0.92857 1 0.98824 0.97701 0.98876 0.97753 0.96591 0.97674 0.52381 0.93182 0.82143 0.64103 0.70732 0.82143 0.2 0 1 1 1 1 1 1 1 1 1 1 1 1 1 1 1 0.4 0.75926 1 0.90698 0.82143 0.82143 0.71795 0.88 0.90476 0.82609 0.75 0.7619 1 1 1 1 1 1 1 1 1 0.33333 0.3125 0.2 0.42105 0.90476 0.90476 0.375 0.33333 0.33333 1 1 1 0 0 0 0 1 1 1
1 0.97674 0.98824 0.98824 0.52381 0.4881 0.90698 1 0.97674 0.97701 0.96591 0.98876 0.97753 0.97701 1 0.52381 0.4881 0.60294 0.60294 0.90698 0.82143 0.86957 0.84 0.71795 0.84 0.82609 0.82143 1 1 1 1 1 1 1 1 0.32857 1 0.375 0.86957 0.92857 0.7619 1 0 0.7619 0.7 0.90909 0.88636 0.88095 0.82143 0.7619 0.375 0 1 1 1 1 1 1 1 0.78947 0.33333 0 0 0.33333 0.6 0 0 0 1 1 1 1 0 0 0 0 0.33333 0.6
1 0.97674 0.98824 0.98824 0.52381 0.5119 0.98824 0.96552 0.96591 0.97727 0.97753 0.98876 0.96629 0.97701 0.97674 1 1 0.98824 0.97674 0.80952 0.98824 0.4881 0.90698 0.60294 0.93182 0.90698 0.90909 0.86957 0.90476 0.82143 0.75 0.375 0.6 0.6 0.3125 0 0.26667 0.82609 0.70732 1 0.88 1 1 0.82609 0.88636 0.60294 0.90698 0.90244 0.7 0.64103 0.91304 0.33333 1 1 1 1 1 1 0 0.90476 0.42105 0.375 0 0 1 1 1 1 1 1 0 0.3125 0.5 0 0 0 0 1
1 0.97674 0.98824 0.98824 1 0.97701 0.96591 0.97727 0.97753 0.98876 0.87129 0.87129 0.96629 0.97701 1 1 0.98824 0.98824 1 0.4881 0.42105 0.82609 0.92 0.92857 0.71795 0.82759 0.91304 0.82143 0.70732 0.5 0.4881 0.7 0.7 0.86957 0.7619 0.82143 0.7619 0.86957 0.71795 0.92857 0.92857 0.92857 1 1 1 0.2 0.84 0.88095 0.70732 0.90909 0.7 0.4 1 1 1 1 0.4 1 0.42105 0.7931 0.88 0.875 0.90476 0 1 1 1 1 1 1 0.6 0.33333 0.375 0.6 0 0 0 1
1 0.97674 0.98824 1 0.69048 0.98824 0.96591 0.96629 0.87129 0.87129 0.87129 0.87255 0.98876 0.96591 0.98824 0.98824 0.97701 0.97727 0.98824 0.92857 0.70732 0 0.4 0 0 0.3125 0.75 0.86957 0.7 0.52381 0.5119 0.90244 0.88 0.7619 0.26667 1 0 0.45 0.84 0.84 0.90476 0.3125 0 0 1 1 1 0.7931 0.91304 0.7619 0.6 0 0.4 0.66667 0.4 0.6 0.90476 0.85714 0.90476 0.88636 0.925 0.91304 0.42105 0 1 1 1 1 1 1 1 0.5 0.4375 0.42105 0.84211 0.42105 0.42105 0.42105
1 0.4881 1 0.33333 0.91304 0.82609 0.7 0.4881 0.5119 1 0.98824 0.96591 0.98824 0.98824 0.96591 0.97701 0.97674 0.97753 0.69048 0.4881 0.64865 0.86957 0.2 1 1 0 0.82609 0.375 0.88 0.4881 0.88636 0.64103 0.92 0.7619 0.375 0 0.4 0.7619 0.82143 0.86957 0.375 1 1 0 0.82609 0.85185 1 1 0.33333 0 0 1 1 1 0.6 0.91304 0.92683 0.88636 0.88636 0.88636 0.725 0.91667 0 0 1 1 1 1 1 1 1 0.42105 0.5 0.8 0.86364 0.86364 0.84 0.7619
1 0.4881 0.52381 0.90244 0.7 0.88636 0.90244 0.92857 0.7 0.90698 0.71795 0.7619 0.84 0.4881 0.97701 0.96591 1 0.67568 0.52381 0.98824 0.96591 0.98824 0.90698 0.86957 0.75 0.42105 1 0.3125 0.92 0.92857 0.64103 0.7619 0.6 0 0.375 0.82609 0.7619 0.88 0.90244 0.67568 0.7619 0.375 0 0 1 0.3125 0.86957 1 1 0.27273 0.27273 0.33333 0.4 0.4 0.84211 0.775 0.60294 0.7069 0.88636 0.92857 0.71795 0.67568 0.90476 0.75 0.42105 0 1 1 1 1 1 1 0.44444 0.4375 0.42105 0.42105 0.42105 0.3125
1 0.98824 1 0.5119 0.5119 0.52381 0.4881 0.92857 0.92857 0.82143 0.42105 0 0.2 0.71795 0.96591 0.98876 0.96591 0.96591 0.96591 0.96629 0.88119 0.87129 0.96629 0.96591 0.4881 0.64103 0.82143 0.82143 0.70732 0.4881 0.91304 1 1 1 1 1 0 0.7619 0.90698 0.71795 0.90476 0.90476 0 0.4 0.33333 0.375 0.375 0.82609 1 1 1 0.84211 0.4 0.6 0.90476 0.90244 0.60294 0.90244 0.71795 0.82143 0.64865 0.67568 0.67568 0.64865 0.88095 0.82143 0 1 1 1 1 0.29762 0.8 0.8 0.3125 0.375 0.5 0
1 0.5119 0.82143 0.90244 0.90698 0.90909 0.90698 0.7 0.64103 0 0 1 0.42105 0.91304 0.67568 0.5119 0.97674 0.96591 0.96629 0.97753 0.87255 0.87255 0.87129 0.87129 0.97674 0.52381 0.90698 0.60294 0.4881 0.5119 0.84 0 1 1 1 1 1 1 0.375 0.2 0.2 1 0 0.26316 0.3125 1 1 1 0.375 1 0.4 0.6 1 0.4 0.90476 0.925 0.92857 0.82759 0.90476 0.90476 0.90909 0.82759 0.67568 0.71795 0.92857 0.64865 0.6 1 0.4 0.4 1 1 0.5 0.53488 0.84211 0 1 1
1 0.52381 0.5119 0.90909 0.92857 0.71795 0.7931 0.82609 0 1 0.3125 0.4881 0.4881 0.7 0.42105 0.90698 1 0.96591 0.96591 0.98824 0.5119 0.80952 0.98824 0.97674 0.98824 0.4881 1 0.4881 0.88636 0.4881 0.92857 0.65789 0.60294 0.7619 1 1 1 1 0 0.375 0.3125 0.84 0.91304 0.84 0.65789 1 1 1 1 1 0 0.4 1 0.6 0.90476 0.90244 0.92857 0.91667 0.375 1 0.4375 0.82143 0.67568 0.67568 0.92857 0.71795 0.82143 0.90476 0.42105 0.42105 0.42105 0.42105 0 0 0 1 1 1
1 0.97674 1 0.52381 0.5119 0.4881 0.90698 0.82143 0 0.4 0.70732 0.96552 0.96591 0.96552 0.96591 0.96552 0.96591 0.96629 0.97674 0.5119 0.4881 0.64103 0.88 0.7069 0.82609 0.42105 1 0.42105 0.64865 0.92857 0.88636 0.92857 0.71795 0.90476 1 1 1 0 0.71429 0.82609 0.82609 0.875 0.91304 0.92 0.88 0 0 1 1 1 1 1 1 0.4 0.90476 0.90244 0.90476 0.82759 0.84211 0.375 0.44444 0.42105 0.91304 0.82759 0.67568 0.67568 0.67568 0.91667 0.90909 0.90476 0.95455 0.33333 0.4 1 1 1 1 1
1 0.96591 0.98824 0.97674 0.96591 0.87129 0.97727 0.97674 0.96591 0.5119 0.88636 0.5119 0.5119 1 0.96591 0.97727 0.96629 0.96629 0.5119 0.84 1 1 1 1 0 0 0.375 0.90476 0.82143 0.88636 0.90698 0.70732 0.82759 0.3125 1 1 1 0 0.84 0.82609 0.3125 1 0 0.7619 0.725 0.84 0.3125 1 1 1 1 1 1 0.4 0.42105 0.75676 0.90476 0.75676 0.75676 0.88 0.42105 0.4 0.4 0.90476 0.82759 0.67568 0.67568 0.82759 0.91667 0.91667 0.91667 0.78947 0.4 0.4 1 1 1 1
1 0.97701 0.96591 0.96591 0.97727 0.87129 0.98876 0.97753 0.96629 0.52381 0.71795 1 0.82143 0.4881 0.96552 0.96591 0.96591 0.96552 0.4881 0.84 1 0 0.3125 0.60294 0.82143 0.7619 0.375 0.42105 0.88 0.71795 0.92857 0.90698 0.7069 0.86957 1 1 1 0.3125 0.65789 0.84 0.4 1 1 0 0.875 0.2 1 1 1 0.12121 1 1 1 1 0.6 0.91304 0.91667 0.86364 0.85714 0.71795 0.91304 0.42105 0.375 0.86364 0.82143 0.67568 0.67568 0.64865 0.82143 0.91304 0.91304 0.6 0.4 0.4 1 1 0 0
1 0.98824 0.52381 0.96591 0.97727 0.98876 0.98876 0.98876 0.98876 0.97674 0.5119 0.90909 0.90698 0.4881 0.97674 0.97674 0.98824 1 1 1 0.96591 0.98824 0.98824 0.98824 0.4881 0.65789 0.42105 0.42105 0.84 0.7 0.90698 0.88636 0.4881 0.82759 0.36842 0 0 0.7619 0.90698 0.91304 1 1 1 1 1 1 1 1 1 1 1 1 1 1 0.4 0.42105 0.7619 0.33333 0.92 0.90244 0.74359 0.82759 0.91667 0.82143 0.82759 0.77419 0.82759 0.85714 0.91304 0.78947 0.4 0.4 0.4 0.4 1 1 0 0.875
1 0.5119 1 0.5119 0.98824 0.96629 0.97727 0.96591 0.97753 0.96629 0.96591 0.97701 0.5119 0.7 0.82609 0.90244 0.4881 0.4881 0.80952 0.98824 0.96591 0.97701 0.97674 0.96552 0.80952 0.68966 0.90244 0.86364 0.84 0.90698 0.88636 0.90698 0.70732 0.82759 0.91304 0.75 0.7619 0.42105 0.375 1 1 1 1 1 1 1 1 1 1 1 1 1 1 1 1 0.4 1 0.6 0.91304 0.90244 0.90244 0.90244 0.71795 0.75676 0.75676 0.75676 0.64865 0.82759 0.91304 0.6 0.4 0.4 0.4 1 1 1 0.86957 0.86957
1 0.4881 0.88636 0.7 0.71795 0.82759 0.82143 0.90909 0.98824 0.97701 0.96591 0.96591 0.5119 0.82759 0.26667 0.88 0.90698 0.52381 0.5119 0.90698 0.7 0.88636 0.52381 0.97674 0.98824 0.5119 0.82143 0 0.86364 0.70732 0.88636 0.90244 0.92857 0.71795 0.82143 0.91304 0.7619 0.375 0 1 1 1 1 1 1 1 1 1 1 1 1 1 1 1 1 1 1 0.4 0.375 0.86364 0.85714 0.90244 0.90244 0.725 0.71795 0.75676 0.75676 0.82759 0.90476 0.4 0.4 0.4 0.4 0.4 0.4 0.4 0.6 0.33333
1 0.88636 0.96552 0.88636 0.86957 1 0.375 0.65789 0.52381 0.98824 0.98824 0.96591 0.5119 0.88636 0.88636 0.4881 0.5119 0.98824 0.88636 0.91304 0 0.91304 0.90909 0.96591 0.97701 0.98824 1 0.7 0.70732 0.5119 0.90698 0.82143 0.7619 0.86957 0.91304 0.88 0.4 1 1 1 1 1 1 1 1 1 1 1 0.6 0.82609 0.2 1 1 0.4 1 1 1 1 0.375 0.84211 0.85714 0.90244 0.90476 0.90244 0.725 0.74359 0.75676 0.91667 0.42105 0.4 0.4 0.4 0.4 0.4 0.4 0.4 0.4 0.4
1 0.90476 0.70732 0.88 0.4 0 0.91304 0.90698 0.98824 0.80952 0.4881 0.90476 0.71795 0.90698 0.4881 0.5119 0.4881 0.52381 0.7 0.82609 0.375 0.88 0.4881 0.97674 0.96591 0.96591 0.96552 0.98824 0.52381 0.4881 0.7 0.84 0 0 0.2 0.90476 1 1 1 1 1 1 0 0.25 0.375 0.4 0.82609 0.7 0.4881 0.5119 0.71795 0.25 1 0.4 1 1 1 0.4 0.90476 0.925 0.90244 0.92857 0.92857 0.90476 0.90244 0.74359 0.82759 0.95455 0.4375 0.4 0.4 0.4 0.4 0.4 0.4 0.4 0.4 0.4
1 1 0 0.42105 0.7619 0.88 0.70732 0.4881 1 1 0.5119 0.5119 0.70732 0.82143 0.78571 0.7619 0.2 1 0 0.7619 0.64103 0.88636 0.69048 0.96629 0.96629 0.96629 0.87129 0.96591 0.98824 0.60294 0.90909 0.90698 0.4881 0.88 0.36842 1 0.5 0.82609 0.88636 0.82609 0.88 0.88636 0.64103 0.84 0.7619 0.84 0.7 0.69048 0.4881 0.5119 0.5 0.82609 0 0.4 0.4 0.4 1 1 0.88 0.90244 0.92857 0.90698 0.90698 0.92857 0.90244 0.74359 0.85714 0.90476 0.33333 0.4 0.4 0.4 0.4 0.4 0.4 0.4 0.4 0.4
1 1 0.3125 0.88 0.70732 0.52381 0.5119 0.5119 0.98824 0.80952 0.98824 0.96591 0.60294 0.7619 1 1 1 1 0 0.82143 0.5119 0.4881 0.52381 0.98824 0.96591 0.96591 0.96591 0.96591 0.97674 0.98824 0.69048 0.52381 0.4881 0.88636 0.71795 0.70732 0.7 0.5119 0.96591 0.96552 0.98824 0.98824 1 0.5119 0.4881 0.70732 0.64103 0.88 0.4881 0.5119 0.58824 0.82143 0.7619 0.25 0.33333 0.6 0.55556 1 0.75676 0.92857 0.90698 0.90698 0.90698 0.92857 0.90244 0.74359 0.82143 0.90476 0.55556 0.4 0.4 0.4 0.4 0.4 0.4 0.4 0.4 0.4
1 0.91304 0.71795 0.7 0.90698 0.90698 0.88095 0.88636 0.86364 0.70732 0.5119 1 0.88636 0.7619 1 0.6 0.82143 0.97674 0.98824 0.98824 0.69048 0.60294 0.5119 0.98824 0.96552 0.96591 0.97753 0.96591 1 0.52381 0.4881 0.52381 0.96591 0.5119 0.88 0.36842 0.90476 0.90244 0.97674 0.96591 0.96591 0.96591 0.97674 0.52381 0.98824 0.5119 0.5119 0.69048 0.80952 0.98824 0.4881 0.90244 0.70732 0.64865 0.375 0.42105 0.91304 1 1 0.90698 0.90698 0.90698 0.90698 0.92857 0.92857 0.74359 0.82143 0.90476 0.375 0.4 0.4 0.4 0.4 0.4 0.4 0.4 0.4 0.375
1 0.69048 0.88636 0.52381 0.80952 0.80952 1 0.98824 0.96629 0.5119 0.69048 0.97674 0.98824 0.4881 0.5119 0.80952 0.96552 0.87129 0.98876 0.97753 0.97753 0.97674 0.52381 0.5119 0.96591 0.97753 0.88119 0.96591 0.4881 0.375 0.88 0.5119 0.96591 0.90698 0.42857 1 1 0.7619 0.5119 0.97701 0.96591 0.96629 0.98824 0.4881 0.375 0.7 0.52381 0.96591 0.96552 0.97674 0.52381 0.91304 0.375 0.88 0.2 0 0.91667 0.82759 1 0.90698 0.92857 0.92857 0.92857 0.92857 0.92857 0.90244 0.78571 0.7619 0.6 0.4 0.4 0.4 0.4 0.4 0.4 0.4 0.4 0.42105
1 0.87129 0.88119 0.87129 0.98876 0.87129 0.97753 0.96591 0.96591 0.96552 0.97674 0.96591 0.96552 0.97701 0.96629 0.96629 0.96629 0.97753 0.98876 0.87129 0.87129 1 0.70732 0.82143 0.96591 0.97753 0.87129 0.97727 0.98824 0.69048 0.4881 0.4881 0.97674 0.88095 0.3125 1 1 0.91304 0.80952 0.96552 0.97701 0.97674 0.98824 0.4881 0.4881 0.88636 0.98824 0.97701 0.69048 0.88636 0.7619 1 1 1 1 0.375 0.82759 0.82759 1 0.92857 0.92857 0.92857 0.92857 0.92857 0.92857 0.725 0.91667 0.84211 0.6 0.4 0.4 0.4 0.4 0.4 0.4 0.4 0.4 0.375
1 0.87129 0.87129 0.87129 0.88119 0.87255 0.87129 0.97701 0.69048 0.5119 0.4881 0.4881 0.5119 0.80952 0.98824 0.97674 0.96552 0.96591 0.96591 0.96591 0.96629 0.52381 0.7 0.7619 0.97674 0.96591 0.96591 0.96591 0.96591 0.96591 0.69048 0.70732 0.375 0.4 0.75 0 0 0.88 1 0.97674 0.98824 0.97674 0.5119 0.90244 0.78571 0.64865 0.60294 0.52381 0.4881 0.68293 0.4 1 1 1 1 0.82609 0.86957 0.82759 1 1 0.92857 0.92857 0.92857 0.92857 0.90476 0.725 0.91667 0.84211 0.375 0.4 0.4 0.4 0.4 0.4 0.4 0.4 0.4 0.4
1 0.96629 0.96591 0.96591 0.96591 0.98876 0.96552 0.69048 0.4881 0.70732 0.64865 0.91304 0.78571 0.70732 0.4881 0.4881 0.90698 0.82759 0.88095 0.5119 0.96552 0.97674 0.80952 0.97674 0.97674 0.97674 0.98824 0.80952 0.97674 0.96591 0.52381 0.71795 0.75 0.4 0.82609 0.64865 0.42105 0.82143 0.4881 0.4881 0.68293 0.90909 0.84 0.7619 0.25 0.4 0.82143 0.88095 0.4881 0.5119 0.4881 0.6 1 1 1 1 0.375 0.72727 0.90244 1 0.90476 0.90476 0.90476 0.90476 0.90476 0.775 0.91667 0.84211 0.375 0.4 0.4 0.4 0.4 0.4 0.4 0.4 0.4 0.4
1 0.96591 0.98824 0.5119 0.90698 0.88 0.78571 0.7 0.90698 0.70732 0.71795 0.91304 0.82143 0.90244 0.4881 0.68966 0.70732 0.84 0.875 0.82609 0.82143 0.91304 0.71795 0.5119 1 1 0.69048 0.60294 0.70732 0.4881 0.82143 0.82609 0.7 0.91304 0.84 0.7 0.7 0.84 0.84 0 1 1 1 0.4 0.3125 0.78571 0.90698 0.5119 0.80952 0.97674 0.80952 0.75 1 1 1 1 1 0.42105 0.90244 1 0.90476 0.90476 0.90476 0.90476 0.90476 0.90244 0.88 0.7619 0.5 0.4 0.4 0.4 0.4 0.4 0.4 0.4 0.4 0.4
1 0.97674 0.98824 0.4881 0.71795 0.3125 0.88 0.71795 0.90698 0.88636 0.88636 0.4881 0.4881 0.5119 0.80952 0.98824 1 0.98824 0.7 0.42105 1 1 0.7619 0.90698 0.4881 0.90244 0.4881 0.3125 1 1 1 1 1 0.33333 0.33333 1 0.4 1 1 1 1 1 0 0.7619 0.88095 0.88636 0.4881 0.98824 0.69048 0.5119 0.90698 0.2 1 1 1 1 0 0.42105 0.7931 1 1 0.90476 0.90476 0.90476 0.90476 0.90244 0.88 0.7619 0.33333 0.4 0.4 0.4 0.4 0.4 0.4 0.4 0.4 0.4
1 0.98824 0.52381 0.4881 0.88095 0.90698 0.90698 0.88636 0.4881 0.4881 0.4881 0.4881 0.52381 0.98824 0.96591 0.97674 0.52381 0.88636 0.64865 0.78571 0.90698 0.86957 0.84 0.90698 0.64103 0.82609 1 1 1 1 1 1 0.875 0.82609 0.375 0.26667 0.3125 0.375 0.36842 1 1 1 0.375 0.7619 0.64103 0.86364 0.82143 0.88636 0.5119 0.90698 0.7619 1 1 1 1 0 0.375 0.875 0.69231 0.69231 1 0.90476 0.90476 0.90476 0.90476 0.90244 0.88 0.84211 0.375 0.6 0.4 0.4 0.4 0.4 0.4 0.4 0.4 0.4
1 0.98824 0.88636 0.70732 0.90698 0.88636 0.4881 0.4881 0.5119 0.5119 0.52381 1 0.98824 0.96552 0.96629 0.97674 0.4881 0.71795 0.78571 0.88095 0.97674 0.88636 0.78571 0.375 0.875 0.88 0.70732 0.78571 0.86364 0.81481 0.36842 0.42105 0.88 0.86957 0.88 0.82759 0.63158 0.70732 0.68293 1 1 1 0 0 1 1 0.26667 0.84 0.64103 0.7 0.82609 1 1 1 1 0.83333 0.5119 0.90698 0.71795 0.88636 1 0.90476 0.88095 0.88095 0.88095 0.90244 0.88 0.84211 0.5 0.375 0.6 0.6 0.4 0.4 0.4 0.4 0.4 0.4
1 0.97674 0.69048 0.4881 0.88636 0.4881 0.5119 0.5119 0.52381 0.52381 0.80952 0.98824 0.5119 0.52381 0.97674 0.5119 0.64865 0.4 0.42105 0.71053 0.5119 0.90698 0.88 0.33333 0.78571 0.90698 0.52381 0.46429 0.7027 0.86957 0.91667 0.86957 0 0.42105 0.86364 0.875 0.7619 0.7931 0.82759 1 0.6 0.86364 0.7619 0 1 1 0.2 0.875 0.88 0.91304 0.7619 0 1 1 0 0.64865 0.5119 0.5119 0.5119 0.5119 1 1 0.88095 0.88095 0.88095 0.90244 0.91667 0.42105 0.375 0.6 0.6 0.4 0.4 0.4 0.4 0.4 0.4 0.4
1 0.97674 0.98824 0.80952 0.5119 0.4881 0.5119 0.98824 0.98824 0.67857 0.4881 0.88 0.88 0.88 0.81481 0.80952 0.3125 1 0.375 0.82143 0.5 0.5119 0.4881 0.5119 0.4881 0.52381 0.96552 0.5 0.725 0.7619 0.86364 0.7027 0.98824 0.70732 0.86957 0 0 0.875 1 0.78571 0.42105 0.375 0.25 0 1 0.6 0.875 0.67442 0.78571 0.36842 0.7619 0.7619 0.7619 0.4 0.7619 0.67442 0.98824 0.68235 0.77907 0.95294 0.5119 1 0.88095 0.88095 0.88095 0.725 0.91304 0.5 0.6 0.4 0.4 0.4 0.4 0.4 0.4 0.4 0.4 0.4
1 0.97674 0.98824 0.98824 0.98824 0.52381 0.52381 0.98824 0.96591 0.98824 0.4881 0.64865 0.91304 0.42105 1 0 0.375 0.82609 0.71795 0.86047 0.4881 0.5119 0.5119 0.52381 0.98824 0.97674 0.96552 0.98824 0.5119 0.88636 0.82759 0.90698 0.52381 0.4881 0.64865 0.42105 0.7619 0.78571 1 0.7 0.42105 1 1 0.4 0.42105 0.91667 0.86047 0.5119 0.64865 0.36842 1 0.33333 0 0.4 0.375 0.72727 0.78571 0.86047 0.94186 0.95294 0.5119 1 0.90244 0.88095 0.88095 0.725 0.90476 0.6 0.4 0.4 0.4 0.4 0.4 0.4 0.4 0.4 0.4 0.4
1 1 0.98824 0.98824 0.98824 0.98824 0.98824 0.98824 0.96591 0.96591 0.98824 0.98824 0.4881 0.71795 0.41176 0.3125 0.88 0.4881 0.52381 0.5119 0.5119 0.4881 0.4881 0.87805 0.4881 0.52381 0.96591 0.97674 0.97674 0.96552 0.97674 0.98824 0.98824 0.5119 0.86047 0.86047 0.86957 0.86957 0.7619 0.86364 0.7619 0.7 0.33333 0.42857 0.42857 0.91667 0.46429 0.97674 0.4881 0.71795 0.69231 0.4 1 1 1 0.4 0.38095 0.70732 0.94186 0.94186 0.5119 1 0.725 0.90244 0.88095 0.74359 0.4375 0.4 0.4 0.4 0.4 0.4 0.4 0.4 0.4 0.4 0.4 0.4
1 1 0.98824 0.98824 0.98824 0.98824 0.98824 0.98824 0.96552 0.97674 0.97674 0.98824 0.97674 0.98824 0.96591 0.58824 0.4881 0.4881 0.98824 0.98824 0.98824 0.67857 0.5119 0.90698 0.57353 0.4881 0.4881 0.4881 0.5119 0.67059 0.8 0.52381 0.51765 0.4881 0.90698 0.77273 0.86364 0.875 0.91667 0.82143 0.78571 0.375 0.77273 0.875 0.7931 0.70732 0.67059 0.96629 0.96591 0.97674 0.88636 0.375 1 1 1 0.26667 0.7027 0.88636 0.94186 0.93103 0.52381 1 1 0.90244 0.90244 0.73684 0.375 0.4 0.4 0.4 0.4 0.4 0.4 0.4 0.4 0.4 0.4 0.4
1 1 0.97674 0.52381 0.69048 0.98824 0.98824 0.97674 0.97674 0.98824 0.98824 0.97674 0.96552 0.96591 0.97753 0.96629 0.96591 0.97753 0.96591 0.96591 0.96629 0.96552 0.98824 0.98824 0.4881 0.70732 0.78571 0.78571 0.82759 0.88636 0.4881 0.5119 0.90698 0.4881 0.4881 0.98824 0.86047 0.86047 0.46429 0.51765 0.51765 0.96552 0.51765 0.5 0.5119 0.70732 0.5119 0.96591 0.96591 0.96591 0.51765 0.42105 1 1 1 0.7619 0.70732 0.4881 0.94186 0.93103 0.52381 1 1 0.725 0.87805 0.64865 0.375 0.4 0.4 0.4 0.4 0.4 0.4 0.4 0.4 0.4 0.4 0.4
