data/entities/Measures_khals_deepened_1m/CaseDifferenceDepth_m.asc
ncols         98 
nrows         130 
xllcorner     530385.4375 
yllcorner     504074.10385949 
cellsize      100 
NODATA_value -9999 
[rows 32 to 63 of 130, columns 0 to 71 of 98]
-9999 -9999 -9999 -0.0239 -0.024 -0.0241 -0.0241 -0.0243 -0.0002 -0.0239 -0.0236 -0.0237 -0.0238 -0.024 -0.024 -0.0239 -0.0237 -0.0237 -0.0238 -0.0239 -0.0268 -0.0275 -0.0281 -0.0276 -0.0274 -0.0272 -0.0004 -0.0268 -0.0269 -0.0269 -0.0268 -0.027 0 0 0 0 -0.0498 -0.0554 0 -0.0923 -0.089 -0.0882 -0.0879 -0.0877 -0.0875 -0.0874 -0.0083 0 0 0 -0.0148 -0.0663 -0.0731 -0.073 -0.0244 -0.0687 -0.0686 -0.0682 -0.0677 -0.0673 -0.0669 -0.0662 -0.066 -0.066 -0.066 -0.0661 -0.0664 -0.0659 -0.0654 -0.0643 -0.0633 -0.0625
-9999 -9999 -0.0232 -0.0234 -0.0235 -0.0236 -0.0236 -0.0234 -0.0229 -0.0229 -0.023 -0.023 -0.0232 -0.0234 -0.0235 -0.0235 -0.0235 -0.0235 -0.0235 -0.0237 -0.0242 -0.0254 -0.027 -0.0279 -0.0274 -0.0268 -0.0266 -0.0267 -0.0268 -0.0269 -0.0271 -0.0272 -0.0273 -0.0348 -0.0124 -0.0129 -0.045 -0.0453 0 0 -0.0884 -0.0882 -0.0881 -0.088 -0.0882 -0.0882 -0.0876 -0.0697 -0.0311 -0.0001 0 0 -0.0726 -0.0726 -0.0001 0 -0.0001 -0.0559 -0.0673 -0.0672 -0.067 -0.0668 -0.0663 -0.0663 -0.0662 -0.0661 -0.067 -0.0687 -0.0722 -0.0767 -0.0789 -0.0804
-9999 -9999 -0.023 -0.0231 -0.0232 -0.0232 -0.0232 -0.023 -0.0227 -0.0228 -0.0228 -0.0228 -0.0229 -0.023 -0.0232 -0.0232 -0.0233 -0.0233 -0.0234 -0.0235 -0.0235 -0.0241 -0.025 -0.0233 -0.0004 -0.0084 0 -0.0208 -0.0261 -0.027 -0.0271 -0.0273 -0.0274 -0.0328 -0.0037 0 0 -0.0001 0 0 0 -0.0882 -0.0882 -0.0882 -0.0883 -0.0883 -0.0882 -0.0884 -0.0884 -0.0848 0 0 -0.0598 -0.0725 0 0 -0.0001 -0.0001 -0.0607 -0.0679 -0.0675 -0.0671 -0.0669 -0.0668 -0.0668 -0.067 -0.0671 -0.0674 -0.0684 -0.0676 -0.0726 -0.0813
-9999 -9999 -0.0228 -0.0228 -0.0228 -0.0229 -0.0228 -0.0227 -0.0227 -0.0226 -0.0227 -0.0227 -0.0227 -0.0228 -0.0228 -0.0229 -0.0229 -0.0229 -0.023 -0.0231 -0.0232 -0.0235 -0.0237 -0.0233 -0.023 -0.0241 0 0 0 0 -0.0001 -0.0018 0 0 -0.01 0 -0.0078 -0.0259 -0.0257 -0.0257 0 -0.0881 -0.0882 -0.0883 -0.0885 -0.0886 -0.0887 -0.0888 -0.0888 -0.0887 -0.0886 -0.0404 -0.0059 -0.0465 0 0 -0.0001 -0.0001 -0.0226 -0.0706 -0.0696 -0.0677 -0.0669 -0.0668 -0.0668 -0.0669 -0.0669 -0.0669 -0.0668 -0.067 -0.0785 -0.0816
-9999 -0.0223 -0.0225 -0.0225 -0.0225 -0.0226 -0.0225 -0.0224 -0.0225 -0.0225 -0.0224 -0.0225 -0.0225 -0.0226 -0.0225 -0.0225 -0.0225 -0.0224 -0.0225 -0.0226 -0.023 -0.0226 -0.0223 -0.0221 -0.0221 -0.022 -0.022 -0.0219 -0.0224 0 0 0 0 -0.0057 -0.0248 -0.0249 -0.0255 -0.0256 -0.0257 -0.0257 -0.0258 0 -0.0882 -0.0886 -0.0887 -0.0889 -0.0888 -0.0887 -0.0887 -0.0887 -0.0887 -0.0885 -0.0595 0 0 0 0 -0.0001 -0.0667 -0.0768 -0.0751 -0.0718 -0.0685 -0.067 -0.0668 -0.0668 -0.0668 -0.0668 -0.0662 -0.069 -0.0765 -0.0819
-9999 -0.0223 -0.0223 -0.0223 -0.0224 -0.0223 -0.0222 -0.0223 -0.0223 -0.0223 -0.0224 -0.0223 -0.0223 -0.0223 -0.0222 -0.0222 -0.0221 -0.022 -0.0221 -0.0221 -0.0222 -0.0222 -0.0221 -0.022 -0.022 -0.022 -0.022 -0.0219 -0.0217 -0.0217 -0.0219 -0.0221 -0.0225 -0.0231 -0.0237 -0.0247 -0.0253 -0.0256 -0.0256 -0.0257 -0.0257 0 0 -0.0887 -0.0888 -0.0891 -0.0889 -0.0888 -0.0888 -0.0888 -0.0887 -0.0887 -0.0811 0 0 0 0 -0.0001 -0.0813 -0.0806 -0.0808 -0.0809 -0.0801 -0.0721 -0.0067 -0.0605 -0.0602 -0.0573 -0.008 -0.077 -0.0856 -0.0853
-9999 -0.0221 -0.0221 -0.0222 -0.0221 -0.0222 -0.0222 -0.0221 -0.0222 -0.0222 -0.0221 -0.0222 -0.0221 -0.0221 -0.0219 -0.0219 -0.0218 -0.0217 -0.0217 -0.0218 -0.0218 -0.022 -0.0221 -0.022 -0.022 -0.0219 -0.0218 -0.0218 -0.0217 -0.0216 -0.0217 -0.0219 -0.0222 -0.0228 -0.0236 -0.0244 -0.0252 -0.0255 -0.0257 -0.0257 -0.0257 -0.0257 0 0 0 -0.0933 -0.0891 -0.0888 -0.0888 -0.0887 -0.0888 -0.0887 -0.0782 0 0 0 0 -0.0835 -0.0837 -0.0833 -0.0833 -0.0833 -0.0832 -0.0821 -0.0793 -0.0602 -0.0556 -0.0557 -0.0592 -0.08 -0.0853 -0.085
-9999 -0.0218 -0.022 -0.022 -0.022 -0.022 -0.022 -0.022 -0.022 -0.022 -0.0221 -0.022 -0.0219 -0.0218 -0.0217 -0.0216 -0.0214 -0.0214 -0.0213 -0.0211 -0.021 -0.0213 -0.0216 -0.0219 -0.0218 -0.0217 -0.0216 -0.0216 -0.0215 -0.0215 -0.0216 -0.0218 -0.0221 -0.0227 -0.0234 -0.0245 -0.0254 -0.0256 -0.0256 -0.0257 -0.0257 -0.0261 -0.0262 -0.023 0 0 0 -0.0888 -0.0888 -0.0887 -0.0886 -0.0884 -0.0565 -0.045 -0.0142 -0.0803 -0.0292 -0.0204 -0.0205 -0.0204 -0.0203 -0.0837 -0.0834 -0.0829 -0.0712 -0.0399 -0.0134 -0.0001 0 -0.0025 -0.085 -0.0839
-9999 -0.0205 -0.0219 -0.0212 -0.0212 -0.0212 -0.0214 -0.0216 -0.0217 -0.0218 -0.022 -0.0219 -0.0218 -0.0216 -0.0212 -0.0211 -0.0211 -0.021 -0.0208 -0.0206 -0.0205 -0.0202 -0.0203 -0.0218 -0.0212 -0.0212 -0.0213 -0.0212 -0.0211 -0.0212 -0.0213 -0.0217 -0.0221 -0.0227 -0.0235 -0.0249 -0.0255 -0.0257 -0.0257 -0.0257 -0.0257 -0.0261 -0.0267 -0.0268 -0.0277 -0.0277 0 0 -0.0887 -0.087 -0.0866 -0.084 0 0 -0.0794 -0.0206 -0.0206 -0.0206 -0.0205 -0.0205 -0.0205 -0.0205 -0.0847 -0.0846 -0.0738 -0.0001 0 0 0 0 -0.0398 -0.0833
-9999 -0.0193 -0.019 -0.0192 -0.0196 -0.0198 -0.0204 -0.0209 -0.0212 -0.0215 -0.0217 -0.0217 -0.0214 -0.021 -0.0208 -0.0207 -0.0205 -0.0204 -0.0201 -0.0199 -0.0198 -0.0197 -0.0196 -0.0195 -0.0196 -0.0197 -0.0207 -0.0203 -0.0204 -0.0205 -0.0208 -0.0214 -0.0221 -0.023 -0.024 -0.025 -0.0255 -0.0258 -0.0257 -0.0258 -0.0259 -0.0262 -0.0269 -0.0274 -0.0275 -0.0276 -0.0276 0 0 -0.0862 -0.0862 -0.086 -0.041 -0.0564 -0.04708 -0.0207 -0.0207 -0.0206 -0.0206 -0.0206 -0.0207 -0.0212 -0.0882 -0.0893 -0.0898 -0.0901 -0.0623 0 0 0 -0.0001 -0.083
-9999 -0.0187 -0.0188 -0.0188 -0.019 -0.0192 -0.0196 -0.0201 -0.0205 -0.0211 -0.0212 -0.021 -0.0205 -0.0203 -0.0203 -0.0201 -0.0198 -0.0196 -0.0196 -0.0196 -0.0196 -0.0195 -0.0195 -0.0195 -0.0195 -0.0195 -0.0194 -0.0195 -0.0195 -0.0195 -0.0197 -0.0203 0 0 -0.0228 -0.0257 -0.0258 -0.0259 -0.0258 -0.0258 -0.0259 -0.0261 -0.0268 -0.0271 -0.0271 -0.0275 -0.0275 -0.0276 0 0 -0.0861 -0.0861 -0.0679 -0.0703 -0.021571 -0.0207 -0.0208 -0.0208 -0.0208 -0.0208 -0.0211 -0.0215 -0.0218 -0.0899 -0.0904 -0.0905 -0.0906 -0.0001 0 0 -0.0832 -0.0829
-9999 -0.018 -0.0181 -0.0181 -0.0183 -0.0186 -0.0189 -0.0194 -0.0199 -0.0206 -0.02 -0.0195 -0.0188 -0.0191 -0.0195 -0.0193 -0.0193 -0.0192 -0.0192 -0.0194 -0.0195 -0.0195 -0.0195 -0.0195 -0.0194 -0.0194 -0.0193 -0.0191 -0.0189 -0.0188 -0.0186 -0.0184 0 -0.0006 -0.0006 0 0 -0.0257 -0.0258 -0.0258 -0.0259 -0.0252 -0.0268 -0.0269 -0.0269 -0.0041 -0.0001 -0.0273 -0.0273 0 -0.0861 -0.0843 0 -0.065 -0.026371 -0.0208 -0.0208 -0.0208 -0.0299 -0.0304 -0.0213 -0.0218 -0.022 -0.0903 -0.0906 -0.0908 -0.0912 -0.0903 -0.0589 -0.0573 -0.0838 -0.0829
-9999 -0.0171 -0.017 -0.0172 -0.0174 -0.0175 -0.0175 -0.0175 -0.0173 -0.0206 -0.0169 -0.0167 -0.0169 -0.0173 -0.018 -0.0183 -0.0185 -0.0186 -0.0188 -0.0191 -0.0193 -0.0194 -0.0194 -0.0194 -0.0194 -0.0193 -0.0192 -0.0188 -0.0184 -0.0179 -0.0173 -0.0165 -0.0163 -0.0162 -0.0164 -0.0043 0 -0.0254 -0.0256 -0.0258 -0.0259 -0.0263 -0.0266 -0.0268 -0.0268 -0.0245 -0.0255 -0.0273 -0.0273 0 -0.0858 -0.0645 0 -0.0674 -0.021371 -0.021 -0.0209 -0.0209 -0.084 0 -0.0885 -0.022 -0.0221 -0.0221 -0.0911 -0.0915 -0.0225 -0.031571 -0.08818 -0.0939 -0.05058 -0.0272
-9999 -0.0166 -0.0166 -0.0165 -0.0164 -0.0165 -0.0164 -0.0163 -0.016 -0.0163 -0.0163 -0.0166 -0.0167 -0.0168 -0.0168 -0.0171 -0.0175 -0.0178 -0.0181 -0.0186 -0.019 -0.0193 -0.0194 -0.0194 -0.0192 -0.0191 -0.0192 -0.0175 -0.0172 -0.0169 -0.0166 -0.0162 -0.0161 -0.0162 -0.0164 -0.0139 -0.0247 -0.025 -0.0251 -0.0253 -0.0257 -0.0262 -0.0265 -0.0268 -0.0268 -0.0269 -0.027 -0.0271 -0.0256 0 0 0 0 -0.0653 -0.026471 -0.021 -0.021 -0.0212 -0.03398 -0.0861 -0.0894 -0.08198 -0.0222 -0.0224 -0.0225 -0.0226 -0.0227 -0.0228 -0.0227 -0.0226 -0.0225 -0.0941
-9999 -0.0162 -0.0161 -0.0161 -0.0159 -0.0158 -0.0156 -0.0155 -0.0153 -0.0154 -0.0158 -0.0164 -0.0165 -0.0165 -0.0166 -0.0167 -0.0169 -0.017 -0.0172 -0.0174 -0.0178 -0.0192 -0.0174 0 -0.0181 -0.0171 -0.0163 -0.0166 -0.0162 -0.0161 -0.0159 -0.0158 -0.0157 -0.0157 -0.0163 -0.0001 -0.0243 -0.0245 -0.0246 -0.0249 -0.0253 -0.0262 -0.0266 -0.0268 -0.0268 -0.0269 -0.0269 -0.027 -0.0231 0 0 0 0 -0.0045 -0.07958 -0.0211 -0.0211 -0.0215 -0.0225 -0.023 -0.0935 -0.0393 -0.0107 -0.0321 -0.0229 -0.0229 -0.0229 -0.023 -0.0228 -0.0227 -0.0226 -0.05428
-9999 -0.0159 -0.0159 -0.0158 -0.0156 -0.0155 -0.0153 -0.0152 -0.0151 -0.015 -0.015 -0.0159 -0.0159 -0.0161 -0.0163 -0.0163 -0.0163 -0.0163 -0.0162 -0.0162 -0.0169 -0.0167 -0.0129 -0.0129 -0.0129 -0.0129 -0.0143 -0.015 -0.0152 -0.0152 -0.0152 -0.0151 -0.0151 -0.0151 -0.0151 0 -0.0233 -0.0237 -0.0242 -0.0245 -0.0249 -0.0259 -0.0264 -0.0269 -0.0269 -0.0269 -0.0268 -0.0153 -0.0194 -0.0193 0 0 0 0 -0.0828 -0.0212 -0.0212 -0.0217 -0.0232 -0.0236 -0.024 -0.0972 -0.0951 -0.0235 -0.0234 -0.0233 -0.0233 -0.0232 -0.023 -0.0228 -0.0227 -0.0816
-9999 -0.0156 -0.0156 -0.0155 -0.0155 -0.0153 -0.0152 -0.015 -0.0147 -0.0145 -0.0143 -0.0144 -0.0147 -0.0154 -0.0158 -0.0158 -0.0157 -0.0154 -0.0148 -0.0138 -0.013 -0.0128 -0.0129 -0.0128 -0.0129 -0.0129 -0.0128 -0.0136 -0.0141 -0.0143 -0.0145 -0.0146 -0.0148 -0.0148 -0.015 -0.016 -0.0184 -0.0218 -0.0236 -0.0244 -0.0247 0 0 0 -0.0033 0 0 0 0 0 0 0 0 0 -0.0085 -0.07718 -0.0304 -0.0869 -0.0238 -0.0241 -0.0244 -0.0244 -0.0244 -0.0241 -0.024 -0.0239 -0.0237 -0.0235 -0.0234 -0.07228 -0.0315 0
-9999 -0.0153 -0.0153 -0.0153 -0.0152 -0.0151 -0.0149 -0.0145 -0.0142 -0.014 -0.0139 -0.0139 -0.0141 -0.0146 -0.0151 -0.0151 -0.0149 -0.0146 -0.0142 -0.0137 -0.0129 -0.0128 -0.0129 -0.0129 -0.0129 -0.013 -0.013 -0.0129 -0.0131 -0.0134 -0.0137 -0.014 -0.0143 -0.0145 -0.0147 -0.0153 -0.0164 -0.0186 -0.0214 -0.0237 -0.0029 -0.0001 -0.0001 0 -0.0001 -0.0001 -0.0001 -0.0005 0 -0.0047 0 0 0 0 0 -0.012 0 -0.0846 -0.024 -0.0243 -0.0245 -0.0247 -0.0247 -0.0247 -0.0244 -0.0243 -0.0241 -0.024 -0.0238 -0.0835 0 0
-9999 -0.0149 -0.0148 -0.0148 -0.0149 -0.0148 -0.0142 -0.0136 -0.0133 -0.0132 -0.0133 -0.0134 -0.0135 -0.0136 -0.0141 -0.0142 -0.0142 -0.014 -0.0139 -0.0134 -0.0127 -0.0129 -0.0129 -0.0129 -0.013 -0.013 -0.013 -0.0129 -0.0129 -0.0129 -0.0129 -0.0133 -0.0139 -0.0141 -0.0145 -0.0147 -0.0156 -0.0168 -0.0188 -0.0232 0 0 -0.0001 0 -0.0001 -0.0004 -0.0005 0 -0.013 -0.0128 -0.0127 0 0 0 0 0 0 -0.0001 -0.0958 -0.0246 -0.0249 -0.0249 -0.025 -0.025 -0.0249 -0.0247 -0.0245 -0.0243 -0.030671 0 0 0
-9999 -0.0144 -0.0143 -0.0143 -0.014 -0.0137 -0.0127 -0.0127 -0.0126 -0.0126 -0.0126 -0.0129 -0.0129 -0.013 -0.0131 -0.0133 -0.0136 -0.0136 -0.0135 -0.0131 -0.0128 -0.0128 -0.0129 -0.013 -0.013 -0.0129 -0.0129 -0.013 -0.013 -0.013 -0.0129 -0.0129 -0.0133 -0.0139 -0.0141 -0.0143 -0.0148 -0.0146 -0.0172 -0.0178 -0.0159 -0.013 0 -0.0123 -0.0129 -0.0128 -0.0129 -0.0128 -0.0128 -0.0128 -0.0128 -0.0128 -0.0043 -0.0037 0 0 0 0 -0.0954 -0.06308 -0.0253 -0.0253 -0.0253 -0.0253 -0.0251 -0.025 -0.0249 -0.0247 -0.09808 -0.0189 0 0
-9999 -0.0137 -0.0137 -0.0132 -0.0126 -0.0127 -0.0127 -0.0127 -0.0127 -0.0127 -0.0127 -0.0127 -0.0127 -0.0127 -0.0128 -0.0131 -0.0134 -0.0135 -0.0132 -0.0127 -0.0128 -0.0129 -0.0129 -0.0129 -0.0129 -0.0129 -0.0129 -0.0129 -0.013 -0.0129 -0.013 -0.013 -0.013 -0.0129 -0.013 -0.014 -0.0136 -0.013 -0.0156 -0.0087 -0.0127 -0.0127 -0.0126 -0.0128 -0.0128 -0.0128 -0.0128 -0.0128 -0.0128 -0.0128 -0.0128 -0.0128 -0.0128 0 0 0 0 -0.005 -0.034671 -0.026 -0.0259 -0.0258 -0.0256 -0.0255 -0.0254 -0.0253 -0.0251 -0.0248 -0.102 -0.0456 -0.0001 -0.0001
-9999 -0.0126 -0.0126 -0.0125 -0.0125 -0.0126 -0.0126 -0.0126 -0.0127 -0.0127 -0.0127 -0.0126 -0.0127 -0.0126 -0.0127 -0.0128 -0.0129 -0.013 -0.0127 -0.0128 -0.0128 -0.0129 -0.0129 -0.0129 -0.0129 -0.0129 -0.0129 -0.0129 -0.013 -0.013 -0.0129 -0.013 -0.0129 -0.0129 -0.013 -0.0139 -0.0127 -0.0126 -0.0127 -0.0127 -0.0128 -0.0128 -0.0128 -0.0127 -0.0128 -0.0128 -0.0128 -0.0128 -0.0128 -0.0127 -0.0128 -0.0127 -0.0128 -0.016 0 0 0 0 -0.0261 -0.0261 -0.0261 -0.026 -0.0258 -0.0259 -0.0257 -0.0256 -0.0255 -0.027071 -0.1065 -0.0489 0.0005 -0.0001
-9999 -0.0126 -0.0125 -0.0125 -0.0125 -0.0125 -0.0125 -0.0126 -0.0126 -0.0126 -0.0127 -0.0127 -0.0126 -0.0127 -0.0134 0 -0.0127 -0.0127 -0.0128 -0.0128 -0.0128 -0.0128 -0.0129 -0.0128 -0.0129 -0.0129 -0.0129 -0.0129 -0.0129 -0.0129 -0.013 -0.0129 -0.013 -0.013 -0.0129 -0.0128 -0.0127 -0.0127 -0.0127 -0.0128 -0.0128 -0.0128 -0.0128 -0.0128 -0.0127 -0.0128 -0.0127 -0.0128 -0.0128 -0.0127 -0.0128 -0.0128 -0.0128 -0.0127 -0.0372 -0.0286 -0.0323 0 -0.0262 -0.0263 -0.0263 -0.0262 -0.0261 -0.0261 -0.0259 -0.0258 -0.0256 -0.032871 -0.1076 -0.0382 0 0
-9999 -0.0126 -0.0125 -0.0124 -0.0124 -0.0125 -0.0125 -0.0126 -0.0125 -0.0126 -0.0126 -0.0126 -0.0126 -0.0126 -0.0126 -0.0125 -0.0127 -0.0127 -0.0127 -0.0127 -0.0128 -0.0128 -0.0128 -0.0128 -0.0128 -0.0129 -0.0129 -0.0129 -0.0129 -0.013 -0.0129 -0.0129 -0.0129 -0.013 -0.0129 -0.0128 -0.0127 -0.0127 -0.0128 -0.0128 -0.0128 -0.0127 -0.0127 -0.0128 -0.0128 -0.0128 -0.0128 -0.0127 -0.0128 -0.0128 -0.0128 -0.0128 -0.0127 -0.0127 -0.0127 -0.0375 -0.0111 0 0 -0.0266 -0.0264 -0.0263 -0.0262 -0.0262 -0.0261 -0.0259 -0.0258 -0.0349 -0.1084 0 0 0
-9999 -0.0126 -0.0125 -0.0125 -0.0125 -0.0126 -0.0125 -0.0125 -0.0126 -0.0125 -0.0126 -0.0126 -0.0126 -0.0126 -0.0126 -0.0126 -0.0126 -0.0127 -0.0127 -0.0127 -0.0127 -0.0128 -0.0128 -0.0128 -0.0128 -0.0129 -0.0128 -0.0129 -0.0129 -0.0129 -0.0129 -0.0129 -0.013 -0.013 -0.0129 0 -0.0036 -0.0127 -0.0128 -0.0128 -0.0127 -0.0127 -0.0127 -0.0128 -0.0127 -0.0128 -0.0128 -0.0127 -0.0127 -0.0127 -0.0127 -0.0128 -0.0128 -0.0127 -0.0125 -0.011 -0.011 -0.0116 0 -0.0265 -0.0264 -0.0264 -0.0264 -0.0263 -0.0262 -0.0262 -0.026 -0.04598 -0.1011 -0.0002 0 0
-9999 -0.0125 -0.0125 -0.0125 -0.0125 -0.0125 -0.0125 -0.0126 -0.0125 -0.0125 -0.0126 -0.0126 -0.0126 -0.0125 -0.0126 -0.0126 -0.0126 -0.0126 -0.0127 -0.0127 -0.0127 -0.0127 -0.0128 -0.0128 -0.0128 -0.0128 -0.0128 -0.0129 -0.0129 -0.0128 -0.0129 -0.013 -0.013 -0.0129 -0.0129 -0.0128 -0.0127 -0.0127 -0.0127 -0.0128 -0.0127 -0.0128 -0.0127 -0.0127 -0.0128 -0.0127 -0.0127 -0.0127 -0.0127 -0.0127 -0.0128 -0.0128 0 0 -0.0113 -0.0118 -0.0118 -0.0119 0 -0.0265 -0.0264 -0.0265 -0.0264 -0.0264 -0.0264 -0.0263 -0.0262 -0.06698 -0.0989 0 0 0
-9999 -0.0125 -0.0125 -0.0125 -0.0125 -0.0125 -0.0125 -0.0125 -0.0125 -0.0125 -0.0125 -0.0126 -0.0125 -0.0125 -0.0126 -0.0126 -0.0126 -0.0126 -0.0126 -0.0127 -0.0127 -0.0127 -0.0127 -0.0127 -0.0127 -0.0128 -0.0128 -0.0129 -0.0129 -0.0129 -0.0129 -0.0129 -0.0129 -0.0128 -0.0128 -0.0127 -0.0127 -0.0127 -0.0127 -0.0127 -0.0127 -0.0127 -0.0128 -0.0127 -0.0128 -0.0127 -0.0127 -0.0127 -0.0127 -0.0126 -0.0127 -0.0126 0 0 -0.0088 -0.0119 -0.012 -0.012 0 0 -0.0265 -0.0265 -0.0266 -0.0265 -0.0265 -0.0264 -0.0264 -0.06548 -0.0987 0 0 0
-9999 -0.0124 -0.0124 -0.0124 -0.0124 -0.0125 -0.0124 -0.0125 -0.0125 -0.0124 -0.0125 -0.0125 -0.0125 -0.0124 -0.0125 -0.0124 -0.0125 -0.0125 -0.0126 -0.0126 -0.0126 -0.0127 -0.0127 -0.0126 -0.0127 -0.0128 -0.0128 -0.0129 -0.0128 -0.0128 -0.0129 -0.0128 -0.0128 -0.0128 -0.0127 -0.0127 -0.0127 -0.0127 -0.0127 -0.0127 -0.0127 -0.0127 -0.0128 -0.0127 -0.0128 -0.0127 -0.0127 -0.0126 -0.0127 -0.0127 -0.0127 -0.0126 0 0 -0.0024 -0.012 -0.0122 -0.0125 -0.0127 0 -0.0265 -0.0266 -0.0266 -0.0266 -0.0266 -0.0266 -0.0266 -0.06178 -0.0984 -0.001 0 0
-9999 -0.0124 -0.0124 -0.0123 -0.0123 -0.0123 -0.0124 -0.0124 -0.0124 -0.0124 -0.0124 -0.0124 -0.0124 -0.0123 -0.0124 -0.0125 -0.0124 -0.0124 -0.0125 -0.0126 -0.0126 -0.0127 -0.0126 -0.0127 -0.0126 -0.0128 -0.0128 -0.0127 -0.0128 -0.0129 -0.0129 -0.0129 -0.0128 -0.0127 -0.0126 -0.0126 -0.0126 -0.0127 -0.0127 -0.0129 -0.013 0 -0.0128 -0.0127 -0.0127 -0.0127 -0.0127 -0.0126 -0.0127 -0.0127 -0.0126 -0.0127 -0.0125 0 -0.0004 -0.0128 -0.0126 -0.0128 -0.0129 0 -0.0266 -0.0267 -0.0267 -0.0268 -0.0267 -0.0268 -0.0268 -0.04478 -0.1008 -0.0188 0 0
-9999 -0.0124 -0.0123 -0.0123 -0.0123 -0.0123 -0.0123 -0.0123 -0.0122 -0.0123 -0.0123 -0.0122 -0.0123 -0.0123 -0.0123 -0.0123 -0.0123 -0.0123 -0.0122 -0.0123 0 -0.0124 -0.0125 -0.0125 -0.0126 -0.0127 -0.0128 -0.0128 -0.0128 0 0 -0.0124 0 -0.0124 -0.0124 -0.0125 -0.0126 -0.0126 0 -0.0121 -0.0127 -0.0127 -0.0127 -0.0127 -0.0127 -0.0127 -0.0127 -0.0127 -0.0126 -0.0126 -0.0126 -0.0126 -0.0117 0 0 -0.0131 -0.013 -0.0129 -0.0129 0 0 -0.0268 -0.0269 -0.0269 -0.0269 -0.0269 -0.0268 -0.04368 -0.1011 -0.0604 0 0
-9999 -0.0122 -0.0122 -0.0122 -0.0123 -0.0122 -0.0122 -0.0122 -0.0122 -0.0122 -0.0122 -0.0122 -0.0122 -0.0123 -0.0123 -0.0123 -0.0123 -0.0122 -0.0122 -0.012 -0.012 -0.012 -0.0122 -0.0123 -0.0123 -0.0123 -0.0127 -0.0125 0 0 0 -0.0116 -0.0119 -0.012 -0.0122 -0.0122 -0.0123 -0.0122 -0.0122 -0.0123 -0.0125 -0.0126 -0.0126 -0.0126 -0.0126 -0.0127 -0.0126 -0.0126 -0.0126 -0.0126 -0.0127 -0.0127 0 -0.0006 -0.0134 -0.0129 -0.0129 -0.013 -0.0129 -0.0129 0 -0.0269 -0.0269 -0.027 -0.027 -0.027 -0.027 -0.05598 -0.096 -0.0747 -0.0201 0.0001
-9999 -0.0121 -0.0122 -0.0121 -0.0121 -0.0121 -0.0121 -0.0121 -0.0121 -0.0121 -0.0122 -0.0121 -0.0121 -0.0122 -0.0122 -0.0122 -0.0122 -0.0121 -0.0121 -0.0119 -0.0119 -0.0119 -0.0119 -0.012 -0.012 -0.0119 -0.0117 -0.0118 -0.0118 -0.0117 -0.0117 -0.0119 -0.0119 -0.012 -0.0121 -0.0121 -0.0121 -0.0122 -0.0121 -0.0123 -0.0124 -0.0125 -0.0125 -0.0126 -0.0127 -0.0127 -0.0126 -0.0126 -0.0126 -0.0126 -0.0126 -0.0128 0 0 -0.0129 -0.0129 -0.0128 -0.0128 -0.0129 -0.0129 0 -0.027 -0.0271 -0.0272 -0.0272 -0.0272 -0.0272 -0.06238 -0.0924 -0.07 -0.0538 -0.0422
