data/entities/Measures_khals_deepened_1m/CaseDifferenceDuration_fraction.asc
ncols         98 
nrows         130 
xllcorner     530385.4375 
yllcorner     504074.10385949 
cellsize      100 
NODATA_value -9999 
[rows 35 to 69 of 130, columns 0 to 76 of 98]
-9999 -9999 0.98824 1 1 0.52381 0.975 0.97619 1 0.98824 0.98851 1 1 0.97727 0.98837 1 0.97727 0.89286 0.74359 0.95122 0.89286 0.53333 1 -9999 -9999 -9999 -9999 -9999 -9999 -9999 -9999 -9999 -9999 -9999 -9999 -9999 -9999 -9999 0.6 0.77778 -9999 0.95349 0.89286 0.89286 0.74359 0.96 1 0.91304 0.95 0.90476 -9999 -9999 -9999 -9999 -9999 -9999 -9999 -9999 -9999 0.88889 0.9375 0.53333 0.84211 1 1 0.625 1 1 -9999 -9999 -9999 0 0 0.66667 0 -9999 -9999
-9999 0.98837 0.98824 0.98824 1 0.5119 0.95349 1 0.98837 0.98851 1 1 0.98876 0.98851 1 1 0.52381 0.63235 0.63235 0.95349 1 1 0.92 0.94872 0.92 0.91304 1 -9999 -9999 -9999 -9999 -9999 -9999 -9999 -9999 1 -9999 0.625 0.95652 0.97619 0.90476 -9999 0 0.90476 0.975 0.93182 0.93182 0.95238 0.89286 0.90476 0.625 0 -9999 -9999 -9999 -9999 -9999 -9999 -9999 1 0.88889 0.5 0 1 0.6 0.5 0 0.33333 -9999 -9999 -9999 -9999 0 0 0.66667 0 1
-9999 0.98837 1 0.98824 1 0.69048 0.98824 0.97701 0.97727 1 0.98876 1 0.98876 0.98851 0.98837 1 1 1 0.98837 1 1 0.5119 0.95349 0.63235 0.97727 0.95349 0.95455 1 1 1 0.95 1 0.6 1 0.9375 1 0.53333 0.91304 0.97561 1 0.96 -9999 -9999 0.91304 0.93182 0.63235 0.95349 0.95122 0.975 0.74359 1 1 -9999 -9999 -9999 -9999 -9999 -9999 0 1 0.84211 0.625 1 0 -9999 -9999 -9999 -9999 -9999 -9999 0 0.5 0.75 1 0 0 0
-9999 0.98837 1 0.98824 1 0.98851 0.98864 1 0.98876 1 0.88119 0.88119 0.98876 0.98851 1 1 0.98824 1 1 0.5119 0.84211 0.91304 1 0.97619 0.94872 0.96552 1 0.89286 0.95122 0.52381 0.5119 0.975 0.95 1 0.95238 1 0.95238 1 0.94872 0.97619 0.97619 0.97619 -9999 -9999 -9999 0.33333 0.92 0.95238 0.95122 0.93182 0.975 0.6 -9999 -9999 -9999 -9999 1 -9999 1 0.96552 0.96 0.95833 1 1 -9999 -9999 -9999 -9999 -9999 -9999 0.8 0.88889 0.625 0.8 1 1 0
-9999 0.98837 1 1 1 1 0.97727 0.98876 0.88119 0.88119 0.88119 0.87255 1 0.97727 0.98824 1 0.98851 1 0.98824 0.97619 0.95122 1 0.6 1 1 0.9375 0.95 0.95652 0.975 1 0.52381 0.95122 0.96 1 0.53333 -9999 1 0.95 0.92 0.92 1 0.5625 1 0.66667 -9999 -9999 -9999 0.96552 1 0.90476 0.6 0 1 1 1 1 1 1 0.92857 0.90909 0.975 0.95652 0.84211 0 -9999 -9999 -9999 -9999 -9999 -9999 -9999 0.75 1 0.84211 1 0.84211 0.84211
-9999 0.52381 -9999 0.88889 1 0.91304 0.975 0.5119 1 1 0.98824 0.97727 0.98824 1 0.97727 0.98851 0.98837 1 1 0.5119 0.75676 0.95652 0.53333 -9999 -9999 1 0.91304 1 1 0.5119 0.93182 0.94872 1 0.90476 0.875 0 0.6 0.95238 0.89286 0.95652 0.625 -9999 -9999 0 1 0.92593 -9999 -9999 0.55556 0 0 -9999 -9999 -9999 1 1 0.95122 0.93182 0.93182 0.93182 0.925 1 1 0 -9999 -9999 -9999 -9999 -9999 -9999 -9999 0.84211 1 0.95 1 1 1
-9999 0.5119 1 0.95122 0.975 0.93182 0.97561 0.97619 0.975 0.95349 0.94872 0.95238 0.92 0.5119 0.98851 0.97727 1 0.75676 1 0.98824 0.98864 0.98824 0.95349 0.95652 0.95 0.84211 -9999 0.9375 1 0.97619 0.94872 0.90476 0.8 1 0.625 0.91304 1 0.96 0.95122 0.75676 1 0.625 1 1 -9999 0.9375 1 -9999 -9999 1 1 1 1 1 1 0.95 0.63235 0.72414 0.93182 0.95238 0.94872 0.78378 1 0.95 0.84211 1 -9999 -9999 -9999 -9999 -9999 -9999 0.88889 0.5 0.84211 0.84211 0.84211
-9999 0.98824 1 0.69048 0.69048 1 0.52381 0.97619 0.97619 0.89286 0.84211 0.66667 0.53333 0.94872 1 1 0.97727 0.98864 0.97727 0.98876 0.88119 0.88119 0.98876 0.97727 0.52381 0.74359 0.89286 1 0.95122 0.5119 1 -9999 -9999 -9999 -9999 -9999 1 0.95238 0.95349 0.94872 1 1 1 0.6 0.53333 1 0.625 1 -9999 -9999 1 1 1 1 1 0.95122 0.63235 0.95122 0.79487 0.85714 0.78378 0.78378 0.78378 0.78378 0.95238 1 0 -9999 -9999 -9999 -9999 1 0.96 0.95 0.5 0.625 0.75
-9999 0.69048 1 0.95122 0.95349 0.97727 0.95349 0.975 0.74359 1 1 -9999 1 1 0.75676 0.80952 0.98837 1 0.98876 1 0.87255 0.87255 0.88119 0.88119 0.98837 1 0.95349 0.63235 0.5119 0.69048 0.92 0.33333 -9999 -9999 -9999 -9999 -9999 -9999 1 0.53333 0.6 -9999 1 0.84211 0.9375 -9999 -9999 -9999 0.625 -9999 1 1 -9999 1 1 0.95 0.95238 0.96552 0.90476 0.90476 0.95455 0.96552 0.78378 0.94872 0.97619 0.78378 0.6 -9999 1 1 -9999 1 1 1 1 1 -9999
-9999 1 0.52381 0.95455 0.97619 0.94872 0.96552 0.95652 0 -9999 0.5 0.52381 0.52381 0.925 0.84211 0.95349 1 1 0.97727 0.98824 1 1 1 0.98837 0.98824 0.52381 1 0.5119 0.93182 0.5119 0.97619 0.73684 0.63235 0.90476 -9999 -9999 -9999 -9999 0.33333 0.875 0.9375 0.92 1 0.92 0.97368 -9999 -9999 -9999 -9999 -9999 0 1 -9999 1 1 0.95122 0.95238 0.95833 0.625 -9999 0.5 0.85714 0.78378 0.78378 0.97619 0.94872 0.85714 1 0.84211 0.84211 0.84211 0.84211 0 0 0 -9999 -9999
-9999 0.98837 1 1 1 0.5119 0.95349 0.89286 1 0.95 0.95122 0.97701 1 0.97701 0.97727 0.97701 0.97727 0.98876 0.98837 0.69048 0.5119 0.74359 0.92 0.74138 0.95652 0.84211 -9999 1 0.75676 0.97619 0.93182 0.97619 0.94872 1 -9999 -9999 -9999 0 0.90476 0.91304 0.91304 0.95833 1 1 1 1 0 -9999 -9999 -9999 -9999 -9999 -9999 1 1 0.95122 0.95238 0.96552 1 0.625 0.88889 0.84211 0.95652 0.96552 0.78378 0.78378 0.78378 0.95833 0.95455 1 1 0.53333 1 -9999 -9999 -9999 -9999
-9999 0.97727 0.98824 0.98837 0.97727 0.88119 1 0.98837 0.97727 0.69048 0.93182 0.69048 0.52381 1 0.97727 1 0.98876 0.98876 0.80952 0.92 -9999 -9999 -9999 -9999 1 1 1 1 0.89286 0.93182 0.95349 0.95122 0.96552 0.9375 -9999 -9999 -9999 1 0.92 0.91304 0.5 -9999 0 0.95238 1 0.92 0.9375 -9999 -9999 -9999 -9999 -9999 -9999 1 0.84211 0.78378 0.95238 0.78378 0.78378 0.96 0.84211 1 1 0.90476 0.96552 0.78378 0.78378 0.96552 1 0.95833 0.95833 1 1 1 -9999 -9999 -9999
-9999 0.98851 0.98864 0.97727 1 0.88119 1 0.98876 0.98876 1 0.94872 -9999 0.89286 0.52381 0.97701 0.98864 0.97727 0.97701 0.5119 0.92 -9999 0 0.5 0.63235 1 1 0.625 0.84211 0.96 0.94872 0.97619 0.95349 0.74138 0.95652 -9999 -9999 -9999 0.9375 0.73684 0.92 0.6 -9999 -9999 0.66667 0.95833 0.53333 -9999 -9999 -9999 1 -9999 -9999 -9999 -9999 1 0.95652 1 0.95455 1 0.94872 0.95652 0.84211 0.625 0.95455 0.89286 0.78378 0.78378 0.75676 0.85714 1 0.95652 1 1 1 -9999 -9999 1
-9999 0.98824 1 0.97727 1 1 1 1 1 0.98837 0.52381 0.95455 0.95349 0.52381 0.98837 0.98837 0.98824 1 1 1 0.98864 0.98824 0.98824 0.98824 0.5119 0.73684 0.84211 0.84211 0.92 0.975 0.95349 0.93182 0.5119 0.96552 0.84211 1 1 0.90476 0.95349 1 -9999 -9999 -9999 -9999 -9999 -9999 -9999 -9999 -9999 -9999 -9999 -9999 -9999 -9999 1 0.84211 0.90476 0.53333 0.96 0.97561 0.94872 0.96552 1 0.85714 0.96552 0.93548 0.96552 1 1 1 1 1 1 1 -9999 -9999 1
-9999 0.69048 1 1 0.98824 0.98876 1 1 0.98876 0.98876 0.97727 0.98851 1 0.975 0.95652 0.97561 0.5119 0.52381 1 0.98824 1 0.98851 0.98837 0.97701 1 0.74138 0.95122 0.95455 0.92 0.95349 0.93182 0.95349 0.95122 0.96552 1 0.95 0.90476 1 0.625 -9999 -9999 -9999 -9999 -9999 -9999 -9999 -9999 -9999 -9999 -9999 -9999 -9999 -9999 -9999 -9999 1 -9999 1 0.95652 0.97561 0.97561 0.97561 0.94872 0.78378 0.78378 0.78378 0.78378 0.96552 0.95652 1 1 1 1 -9999 -9999 -9999 1
-9999 0.5119 0.93182 0.95 0.94872 0.96552 0.89286 0.95455 0.98824 0.97701 0.97727 0.98864 0.69048 0.96552 0.53333 1 0.95349 1 0.52381 0.95349 0.975 0.93182 1 0.98837 1 0.80952 0.89286 0 0.95455 0.95122 0.93182 0.97561 0.97619 0.74359 0.89286 1 0.90476 0.625 0 -9999 -9999 -9999 -9999 -9999 -9999 -9999 -9999 -9999 -9999 -9999 -9999 -9999 -9999 -9999 -9999 -9999 -9999 1 1 0.95455 1 0.97561 0.95122 0.925 0.94872 0.78378 0.78378 0.96552 1 1 1 1 1 1 1 1 1
-9999 0.93182 0.97701 0.93182 0.95652 -9999 0.625 0.73684 1 1 0.98824 0.97727 0.80952 0.93182 0.93182 0.5119 1 0.98824 0.93182 1 0.33333 0.95652 0.97727 0.97727 0.98851 0.98824 1 0.975 0.95122 0.52381 0.95349 1 0.90476 0.95652 0.95652 1 0.6 -9999 -9999 -9999 -9999 -9999 -9999 -9999 -9999 -9999 -9999 -9999 0.8 0.91304 0.53333 -9999 -9999 1 -9999 -9999 -9999 -9999 0.625 1 1 0.97561 0.95238 0.95122 0.925 0.94872 0.78378 0.95833 0.84211 1 1 1 1 1 1 1 1
-9999 1 0.95122 0.96 0.95 0.33333 1 0.95349 0.98824 1 0.5119 1 0.94872 0.95349 0.52381 0.69048 0.5119 1 0.975 0.91304 0.625 0.96 0.5119 0.98837 0.97727 0.97727 0.97701 1 1 0.5119 0.975 0.92 0 1 0.53333 1 -9999 -9999 -9999 -9999 -9999 -9999 1 0.75 0.875 0.95 0.95652 0.925 0.5119 0.69048 0.94872 0.5 -9999 1 -9999 -9999 -9999 1 0.95238 0.975 0.95122 0.95238 0.95238 0.95238 0.95122 0.94872 0.96552 1 0.9375 1 1 1 1 1 1 1 1
-9999 -9999 1 0.84211 0.90476 0.96 0.95122 0.52381 1 1 0.69048 0.69048 0.95122 1 0.89286 0.90476 0.53333 -9999 1 0.90476 0.74359 0.93182 1 0.98876 0.98876 0.98876 0.88119 0.98864 0.98824 0.63235 0.93182 0.95349 0.52381 0.96 0.84211 -9999 0.75 0.95652 0.93182 0.91304 0.96 0.93182 0.74359 0.92 1 0.92 0.975 1 0.52381 1 0.52381 0.91304 0 1 1 1 -9999 -9999 0.96 0.97561 0.95238 0.95349 0.95349 0.95238 0.95122 0.94872 0.96429 1 0.53333 1 1 1 1 1 1 1 1
-9999 -9999 0.5 0.96 0.95122 1 1 0.69048 1 1 0.98824 0.97727 0.63235 1 -9999 -9999 -9999 -9999 1 0.89286 0.69048 0.5119 1 1 0.98864 1 0.98864 0.98864 0.98837 1 1 1 0.5119 0.93182 0.74359 0.95122 0.975 0.52381 0.97727 0.97701 0.98824 0.98824 1 0.80952 0.5119 0.95122 0.74359 0.96 0.5119 1 0.60294 1 0.90476 0.75 0.53333 1 0.88889 -9999 0.78378 0.97619 0.95349 0.95349 0.95349 0.97619 0.95122 0.94872 0.85714 1 0.88889 1 1 1 1 1 1 1 1
-9999 0.95652 0.74359 0.975 0.95349 0.95349 0.97619 0.93182 0.95455 0.95122 0.69048 1 0.93182 0.90476 -9999 1 1 0.98837 0.98824 0.98824 1 0.63235 0.80952 0.98824 0.97701 0.98864 0.98876 0.98864 1 1 0.5119 1 0.97727 0.69048 1 0.84211 1 0.95122 0.98837 0.97727 0.97727 0.98864 0.98837 1 0.98824 0.52381 0.69048 1 1 0.98824 0.52381 0.95122 0.95122 0.75676 1 0.84211 0.95652 -9999 -9999 0.95349 0.95349 0.95349 0.95349 0.97619 0.95238 0.94872 0.85714 0.90476 0.625 1 1 1 1 1 1 1 1
-9999 1 0.93182 1 1 1 1 0.98824 0.98876 0.80952 1 0.98837 0.98824 0.52381 0.80952 1 0.97701 0.88119 1 0.98876 0.98876 0.98837 1 1 0.98864 1 0.88119 0.98864 0.52381 0.875 0.96 0.69048 0.97727 0.95349 0.71429 -9999 -9999 0.90476 0.52381 0.98851 0.98864 0.98876 1 0.5119 1 0.975 1 0.98864 0.98851 1 1 0.95652 1 0.96 0.53333 0.33333 0.95833 0.96552 -9999 0.95349 0.97619 0.97619 0.97619 0.95238 0.95238 0.95122 0.85714 0.90476 1 1 1 1 1 1 1 1 1
-9999 0.88119 0.88119 0.88119 1 0.88119 0.98876 1 0.97727 0.97701 0.98837 0.97727 0.97701 0.98851 0.98876 0.98876 0.98876 0.98876 1 0.88119 0.88119 1 0.95122 1 0.98864 0.98876 0.88119 1 0.98824 1 0.5119 0.5119 0.98837 0.95238 0.9375 -9999 -9999 0.95652 1 0.97701 0.97701 0.98837 0.98824 0.5119 0.5119 0.93182 0.98824 0.98851 1 0.93182 1 -9999 -9999 -9999 -9999 0.875 0.96552 0.96552 -9999 0.95238 0.95238 0.95238 0.95238 0.95238 0.95238 0.95 1 1 1 1 1 1 1 1 1 1 1
-9999 0.88119 0.88119 0.88119 0.88119 0.88235 0.88119 0.97701 1 0.80952 0.52381 0.5119 1 1 1 0.98837 0.97701 0.98864 0.98864 0.98864 0.98876 1 0.925 0.90476 0.98837 0.98864 1 0.97727 0.98864 1 1 0.95122 1 0.95 0.95 0 1 0.96 1 0.98837 1 0.98837 0.80952 0.95122 0.89286 0.75676 0.63235 1 0.5119 0.95122 0.95 -9999 -9999 -9999 -9999 0.95652 0.95652 0.96552 -9999 -9999 0.95238 0.95238 0.95238 0.95238 0.95238 0.925 0.95833 1 0.875 1 1 1 1 1 1 1 1
-9999 0.98876 0.97727 0.98864 1 1 0.97701 1 0.5119 0.95122 0.75676 0.95652 0.89286 0.95122 0.5119 0.5119 0.95349 0.96552 0.95238 1 0.97701 0.98837 1 0.98837 0.98837 0.98837 0.98824 1 0.98837 0.97727 1 0.94872 0.95 0.95 0.91304 0.75676 0.84211 1 0.52381 0.5119 0.95122 0.93182 0.92 1 0.5 0.95 0.89286 0.95238 0.5119 0.80952 0.5119 0.6 -9999 -9999 -9999 -9999 1 0.95455 0.97561 -9999 0.95238 0.95238 0.95238 0.95238 0.95238 0.975 1 1 0.625 1 1 1 1 1 1 1 1
-9999 0.97727 1 1 0.95349 0.96 0.85714 0.925 0.95349 0.95122 0.74359 0.95652 1 0.95122 0.5119 0.72414 0.95122 0.92 0.95833 0.95652 0.89286 0.95652 0.94872 1 1 1 1 0.63235 0.95122 0.52381 0.89286 0.95652 0.975 1 0.92 0.975 0.925 0.92 0.92 1 -9999 -9999 -9999 0.6 1 0.85714 0.95349 0.80952 1 0.97674 1 0.95 -9999 -9999 -9999 -9999 -9999 0.84211 0.95122 -9999 0.95238 0.95238 0.95238 0.95238 0.95238 0.95122 0.96 0.90476 1 1 1 1 1 1 1 1 1
-9999 0.98837 0.98824 0.5119 0.74359 0.5 0.96 0.94872 0.95349 0.93182 0.93182 0.52381 0.5119 0.69048 1 0.98824 1 0.98824 0.925 0.84211 -9999 -9999 0.90476 0.95349 0.5119 0.95122 0.5119 0.5 -9999 -9999 -9999 -9999 -9999 1 1 -9999 0.6 -9999 -9999 -9999 -9999 -9999 0.66667 0.90476 0.95238 0.93182 0.5119 0.98824 1 0.69048 0.95349 0.53333 -9999 -9999 -9999 -9999 0 0.84211 0.96552 -9999 -9999 0.95238 0.95238 0.95238 0.95238 0.95122 0.96 0.90476 0.53333 1 1 1 1 1 1 1 1
-9999 0.98824 1 0.5119 0.95238 0.95349 0.95349 0.93182 0.5119 0.5119 0.52381 0.52381 1 0.98824 0.97727 0.98837 1 0.93182 0.75676 0.96429 0.93023 0.95652 0.92 0.95349 0.74359 0.95652 -9999 -9999 -9999 -9999 -9999 -9999 0.95833 0.95652 0.5 0.53333 0.5 0.5 0.84211 -9999 -9999 -9999 0.875 1 0.74359 0.95455 0.89286 0.93182 0.52381 0.95349 1 -9999 -9999 -9999 -9999 0 0.5 0.91667 0.74359 0.74359 -9999 0.95238 0.95238 0.95238 0.95238 0.95122 0.96 1 1 1 1 1 1 1 1 1 1
-9999 0.98824 0.93182 0.95122 0.95349 0.93182 0.5119 0.5119 0.52381 0.80952 1 1 0.98824 0.97701 0.98876 0.98837 0.5119 0.74359 0.85714 0.92857 0.98837 0.93182 0.85714 0.5 0.91667 0.96 0.95122 0.96429 1 0.88889 0.84211 1 0.96 0.95652 0.96 0.96552 0.76316 1 0.95122 -9999 -9999 -9999 0.33333 1 -9999 -9999 0.53333 0.92 0.74359 0.925 0.95652 -9999 -9999 -9999 -9999 0.91667 0.69048 0.95349 0.74359 0.93182 -9999 0.95238 0.95238 0.95238 0.95238 0.95122 0.96 1 1 0.625 1 1 1 1 1 1 1
-9999 0.98837 1 0.5119 0.93182 0.5119 0.52381 1 1 1 1 0.98824 1 1 0.98837 0.52381 0.78378 0.95 0.89474 0.76316 1 0.95349 0.96 0.53333 0.92857 0.95349 1 0.5119 0.78378 0.95652 0.91667 0.95652 1 1 0.95455 0.91667 0.95238 0.96552 0.96552 -9999 0.8 1 0.90476 1 -9999 -9999 0.53333 0.95833 0.96 0.95652 0.90476 0.66667 -9999 -9999 1 0.78378 1 0.69048 0.69048 0.80952 -9999 -9999 0.95238 0.95238 0.95238 0.95122 0.95833 0.84211 1 1 1 1 1 1 1 1 1
-9999 0.98837 0.98824 1 0.80952 0.52381 1 0.98824 0.98824 1 0.5119 0.96 0.96 0.96 0.88889 1 0.5 -9999 0.875 0.96429 0.52381 0.80952 0.5119 0.52381 0.52381 1 0.97701 0.52381 0.925 0.90476 0.95455 0.78378 0.98824 0.95122 0.95652 0.66667 1 0.91667 1 0.92857 0.89474 0.5 0.5 1 -9999 0.8 0.91667 0.90698 0.85714 0.84211 0.90476 1 0.90476 0.6 0.90476 0.90698 0.98824 0.98824 0.98837 0.98824 0.52381 -9999 0.95238 0.95238 0.95238 0.975 0.95652 0.9375 1 1 1 1 1 1 1 1 1
-9999 0.98837 0.98824 0.98824 0.98824 1 1 0.98824 1 0.98824 0.5119 0.75676 0.95652 0.84211 -9999 0.5 0.5 0.95652 0.74359 0.95349 0.5119 0.80952 1 1 0.98824 0.98837 0.97701 0.98824 0.69048 0.93182 0.96552 0.95349 1 0.5119 0.75676 0.89474 0.90476 0.92857 1 0.975 0.89474 -9999 -9999 0.6 0.84211 0.95833 0.95349 1 0.75676 0.84211 -9999 1 1 0.6 0.5 0.90909 0.92857 0.95349 0.98837 0.98824 0.67857 -9999 0.95122 0.95238 0.95238 0.925 0.95238 1 1 1 1 1 1 1 1 1 1
-9999 -9999 0.98824 0.98824 0.98824 0.98824 0.98824 1 1 0.98864 0.98824 0.98824 0.5119 0.74359 0.88235 0.5 0.96 0.5119 1 1 1 0.52381 0.5119 0.95122 0.5119 1 0.97727 0.98837 0.98837 0.97701 0.98837 0.98824 0.98824 0.80952 0.90698 0.95349 0.95652 0.95652 0.95238 0.95455 0.95238 0.975 1 0.71429 0.71429 0.91667 0.5 0.98837 0.5119 0.74359 0.74359 0.6 -9999 -9999 -9999 0.6 0.90476 0.90244 0.98837 0.98837 0.80952 -9999 0.925 0.97561 0.95238 0.94872 0.9375 1 1 1 1 1 1 1 1 1 1
-9999 -9999 0.98824 0.98824 0.98824 0.98824 1 1 0.97701 0.98837 0.98837 0.98824 0.98837 1 0.98864 0.63235 0.52381 0.52381 0.98824 0.98824 0.98824 1 0.52381 0.95349 0.61765 0.5119 0.5119 0.52381 0.80952 0.98824 0.98824 1 0.98824 0.52381 0.95349 0.95455 1 0.91667 0.95833 0.96429 0.85714 0.75 0.90909 0.91667 0.93103 0.95122 0.98824 0.98876 0.97727 0.98837 0.93182 0.75 -9999 -9999 -9999 0.53333 0.78378 0.93182 0.98837 0.97701 1 -9999 -9999 0.95122 0.95122 0.76316 1 1 1 1 1 1 1 1 1 1 1
-9999 -9999 0.98837 1 1 0.98824 0.98824 0.98837 0.98837 1 1 0.98837 0.98851 1 0.98876 0.98876 0.98864 0.98876 1 0.98864 0.98876 0.97701 0.98824 0.98824 0.5119 0.95122 0.96429 0.85714 0.96552 0.93182 0.52381 0.52381 0.95349 0.5119 0.52381 0.98824 0.95349 0.95349 0.5 0.98824 0.98824 0.97701 0.98824 0.52381 1 0.90244 1 0.98864 0.97727 0.97727 0.98824 0.89474 -9999 -9999 -9999 0.95238 0.95122 0.5119 0.98837 0.97701 1 -9999 -9999 0.975 0.95122 0.78378 1 1 1 1 1 1 1 1 1 1 1
