data/entities/Measures_gates_embank/CaseDifferenceDepth_m.asc
ncols         98 
nrows         130 
xllcorner     530385.4375 
yllcorner     504074.10385949 
cellsize      100 
NODATA_value -9999 
[rows 0 to 30 of 130, columns 0 to 67 of 98]
-9999 -9999 -9999 -9999 -9999 -9999 -9999 -9999 -9999 -9999 -9999 -9999 -9999 -9999 -9999 -9999 -9999 -9999 -9999 -9999 -9999 -9999 -9999 -9999 -9999 -9999 -9999 -9999 -9999 -9999 -9999 -9999 -9999 -9999 -9999 -9999 -9999 -9999 -9999 -9999 -9999 -9999 -9999 -9999 -9999 -9999 -9999 -9999 -9999 -9999 -9999 -9999 -9999 -9999 -9999 -9999 -9999 -9999 -9999 -9999 -9999 -9999 -9999 -9999 -9999 -9999 -9999 -9999
-9999 -9999 -9999 -9999 -9999 -9999 -9999 -9999 -9999 -9999 -9999 -9999 -9999 -9999 -9999 -9999 -9999 -9999 -9999 -9999 -9999 -9999 -9999 -9999 -0.7294 -0.7583 -0.7974 -0.7345 -0.6607 -0.5289 -0.4605 -0.4096 -0.3846 -0.3555 -0.3158 -0.3125 -0.3192 -0.3256 -0.3338 -9999 -9999 -9999 -9999 -9999 -9999 -9999 -9999 -9999 -9999 -9999 -9999 -9999 -9999 -9999 -9999 -9999 -9999 -9999 -9999 -9999 -9999 -9999 -9999 -9999 -9999 -9999 -9999 -9999
-9999 -9999 -9999 -9999 -9999 -9999 -9999 -9999 -9999 -9999 -9999 -9999 -9999 -9999 -9999 -9999 -9999 -9999 -9999 -9999 -9999 -9999 -0.7522 -0.6845 -0.6539 -0.1354 -0.1354 -0.1354 -0.1353 -0.1352 -0.135 -0.1349 -0.3747 -0.3498 -0.2464 -0.2014 -0.2462 -0.2553 -0.2501 -0.2499 -0.2777 -0.3046 -0.3292 -0.3392 -0.348 -0.3594 -0.3732 -9999 -9999 -9999 -9999 -9999 -9999 -9999 -9999 -9999 -9999 -9999 -9999 -9999 -9999 -9999 -9999 -9999 -9999 -9999 -9999 -9999
-9999 -9999 -9999 -9999 -9999 -9999 -9999 -9999 -9999 -9999 -9999 -9999 -9999 -9999 -9999 -9999 -9999 -9999 -9999 -9999 -0.025 -0.025 -0.025 -0.5729 -0.1354 -0.1354 -0.1354 -0.1353 -0.1351 -0.135 -0.1348 -0.1346 -0.1343 -0.1324 -0.1298 -0.1163 -0.1083 -0.0988 -0.092 -0.1951 -0.2055 -0.225 -0.2634 -0.238 -0.2206 -0.2173 -0.218 -0.2199 -0.2254 -0.2344 -0.2464 -0.2616 -0.2801 -0.3027 -9999 -9999 -9999 -9999 -9999 -9999 -9999 -9999 -9999 -9999 -9999 -9999 -9999 -9999
-9999 -9999 -9999 -9999 -9999 -9999 -9999 -9999 -9999 -9999 -9999 -9999 -9999 -9999 -9999 -9999 -9999 -9999 -9999 -0.025 -0.025 -0.025 -0.025 -0.1354 -0.1354 -0.1353 -0.1353 -0.1353 -0.1351 -0.135 -0.1349 -0.1347 -0.1344 -0.1329 -0.1206 -0.1121 -0.1039 -0.0974 -0.0881 -0.0679 -0.0403 -0.033 -0.0186 0 0 -0.0088 -0.0198 -0.1122 -0.0885 -0.0682 -0.0531 -0.0429 -0.0371 -0.0332 -0.0266 -0.0256 -0.0259 -0.0408 -0.0833 -0.1257 -0.1631 -0.2013 -9999 -9999 -9999 -9999 -9999 -9999
-9999 -9999 -9999 -9999 -9999 -9999 -9999 -9999 -9999 -9999 -9999 -9999 -9999 -9999 -9999 -9999 -9999 -0.025 -0.025 -0.025 -0.025 -0.025 -0.025 -0.025 -0.1354 -0.1355 -0.1354 -0.1354 -0.1353 -0.1353 -0.1351 -0.1349 -0.1346 -0.1325 -0.1192 -0.1109 -0.0997 -0.0957 -0.0863 -0.0672 -0.0456 -0.0224 -0.0043 0 0 0 -0.005 -0.0174 -0.0269 -0.0333 -0.0445 -0.046 -0.0408 -0.036 -0.0292 -0.0318 -0.1807 -0.2974 -0.4781 -0.5096 -0.4383 -0.3631 -0.2563 -0.1161 -9999 -9999 -9999 -9999
-9999 -9999 -9999 -9999 -9999 -9999 -9999 -9999 -9999 -9999 -9999 -9999 -9999 -9999 -9999 -0.025 -0.025 -0.025 -0.025 -0.025 -0.025 -0.025 -0.025 -0.025 -0.1353 -0.1355 -0.1354 -0.1354 -0.1353 -0.1354 -0.1353 -0.1352 -0.135 -0.1337 -0.1136 -0.1016 -0.0966 -0.0941 -0.0841 -0.0649 -0.0467 -0.0317 -0.0168 -0.0003 0 0 -0.0107 -0.0237 -0.0356 -0.0479 -0.0564 -0.0566 -0.0568 -0.0574 -0.0574 -0.0572 -0.0571 -0.0568 -0.0562 -0.0554 -0.0549 -0.0534 -0.4715 -0.2984 -0.025 -0.025 -0.025 -9999
-9999 -9999 -9999 -9999 -9999 -9999 -9999 -9999 -9999 -9999 -9999 -9999 -9999 -9999 -0.025 -0.025 -0.025 -0.025 -0.025 -0.025 -0.025 -0.025 -0.025 -0.025 -0.025 -0.1354 -0.1354 -0.1354 -0.1354 -0.1354 -0.1354 -0.1353 -0.1352 -0.135 -0.0901 -0.1076 -0.0945 -0.0918 -0.0773 -0.0599 -0.0449 -0.035 -0.0276 -0.0203 -0.0154 -0.0156 -0.028 -0.0421 -0.0586 -0.0586 -0.0582 -0.0579 -0.0576 -0.0574 -0.0574 -0.0572 -0.0571 -0.0569 -0.0561 -0.055 -0.0543 -0.0533 -0.0526 -0.0525 -0.3765 -0.1942 -0.0251 -0.025
-9999 -9999 -9999 -9999 -9999 -9999 -9999 -9999 -9999 -9999 -9999 -9999 -0.8313 -0.025 -0.025 -0.025 -0.025 -0.025 -0.025 -0.025 -0.025 -0.025 -0.025 -0.025 -0.025 -0.1354 -0.1353 -0.1354 -0.1353 -0.1354 -0.1354 -0.1355 -0.1355 -0.1355 -0.1355 -0.135 -0.1152 -0.025 -0.038 -0.0447 -0.0398 -0.0351 -0.0319 -0.0292 -0.0284 -0.0303 -0.0417 -0.0561 -0.0592 -0.0587 -0.0582 -0.0578 -0.0576 -0.0575 -0.0574 -0.0573 -0.0573 -0.0571 -0.0567 -0.0548 -0.0535 -0.0532 -0.053 -0.0529 -0.0529 -0.0529 -0.0526 -0.025
-9999 -9999 -9999 -9999 -9999 -9999 -9999 -9999 -9999 -9999 -0.932 -0.8276 -0.7338 -0.722 -0.2026 -0.025 -0.025 -0.025 -0.025 -0.025 -0.025 -0.025 -0.025 -0.025 -0.025 -0.025 -0.1354 -0.1353 -0.1353 -0.1355 -0.1355 -0.1355 -0.1354 -0.1355 -0.1356 -0.1355 -0.1355 -0.1354 -0.025 -0.0318 -0.0352 -0.0346 -0.0337 -0.0336 -0.0353 -0.0413 -0.0512 -0.0598 -0.0592 -0.0586 -0.0581 -0.0577 -0.0575 -0.0575 -0.0575 -0.0574 -0.0574 -0.0573 -0.0567 -0.0545 -0.0533 -0.0531 -0.053 -0.053 -0.0531 -0.053 -0.0529 -0.053
-9999 -9999 -9999 -9999 -9999 -9999 -9999 -9999 -9999 -9999 -0.8596 -0.7768 -0.2022 -0.2014 -0.2024 -0.2027 -0.2026 -0.025 -0.025 -0.025 -0.025 -0.025 -0.025 -0.025 -0.025 -0.025 -0.1337 -0.1352 -0.1355 -0.1355 -0.1355 -0.1356 -0.1355 -0.1355 -0.1355 -0.1356 -0.1356 -0.1355 -0.025 -0.025 -0.0337 -0.0351 -0.0358 -0.0373 -0.0405 -0.0467 -0.059 -0.06 -0.0592 -0.0584 -0.0579 -0.0576 -0.0576 -0.0575 -0.0574 -0.0574 -0.0574 -0.0564 -0.025 -0.0545 -0.053 -0.053 -0.053 -0.053 -0.053 -0.053 -0.053 -0.053
-9999 -9999 -9999 -9999 -9999 -9999 -9999 -9999 -9999 -9999 -0.8225 -0.7272 -0.2022 -0.2022 -0.2029 -0.2036 -0.2041 -0.2045 -0.2046 -0.025 -0.025 -0.025 -0.025 -0.025 -0.025 -0.025 -0.025 -0.135 -0.1357 -0.1357 -0.1356 -0.1355 -0.1355 -0.1355 -0.1355 -0.1355 -0.1354 -0.1354 -0.1326 -0.025 -0.0348 -0.0452 -0.0433 -0.0444 -0.0464 -0.0531 -0.0633 -0.0602 -0.0593 -0.0584 -0.0579 -0.0576 -0.0575 -0.0575 -0.0575 -0.0574 -0.0573 -0.0251 -0.025 -0.0531 -0.0531 -0.0531 -0.053 -0.0529 -0.053 -0.053 -0.053 -0.0529
-9999 -9999 -9999 -9999 -9999 -9999 -9999 -9999 -9999 -0.9191 -0.6009 -0.2029 -0.2028 -0.2029 -0.2032 -0.2039 -0.2044 -0.2049 -0.205 -0.2051 -0.2051 -0.2051 -0.2051 -0.025 -0.025 -0.025 -0.025 -0.1362 -0.1362 -0.1361 -0.1357 -0.1356 -0.1355 -0.1355 -0.1354 -0.1355 -0.1354 -0.1354 -0.1354 -0.1353 -0.1231 -0.0999 -0.0744 -0.0638 -0.0561 -0.0602 -0.0636 -0.0677 -0.0593 -0.0582 -0.0579 -0.0576 -0.0574 -0.0574 -0.0574 -0.0573 -0.0574 -0.0336 -0.025 -0.0531 -0.0529 -0.053 -0.053 -0.0529 -0.0529 -0.053 -0.0529 -0.0529
-9999 -9999 -9999 -9999 -9999 -9999 -9999 -9999 -9999 -0.8131 -0.1085 -0.2033 -0.2035 -0.2038 -0.2036 -0.2044 -0.2049 -0.2049 -0.205 -0.2051 -0.205 -0.2051 -0.205 -0.2047 -0.1994 -0.025 -0.025 -0.025 -0.1364 -0.1364 -0.136 -0.1356 -0.1354 -0.1355 -0.1355 -0.1355 -0.1354 -0.1354 -0.1354 -0.1354 -0.1351 -0.1342 -0.1311 -0.1233 -0.1022 -0.0817 -0.0274 -0.025 -0.0251 -0.0593 -0.0592 -0.0581 -0.0577 -0.0574 -0.0574 -0.0573 -0.0572 -0.0562 -0.055 -0.0532 -0.0529 -0.025 -0.0517 -0.0529 -0.0529 -0.0529 -0.0529 -0.0529
-9999 -9999 -9999 -9999 -9999 -9999 -9999 -9999 -9999 -0.7373 -0.3096 -0.2049 -0.2048 -0.2047 -0.2035 -0.2047 -0.205 -0.2051 -0.205 -0.205 -0.2051 -0.205 -0.038 -0.1933 -0.1928 -0.1903 -0.1898 -0.025 -0.1366 -0.137 -0.1362 -0.1357 -0.1355 -0.1354 -0.1355 -0.1354 -0.1354 -0.1355 -0.1353 -0.1353 -0.1351 -0.1344 -0.1318 -0.1225 -0.1092 -0.1024 -0.1069 -0.0879 -0.0747 -0.065 -0.0619 -0.0592 -0.0579 -0.0477 -0.0574 -0.0573 -0.0573 -0.0566 -0.0559 -0.0251 -0.025 -0.025 -0.025 -0.025 -0.025 -0.0525 -0.0529 -0.0529
-9999 -9999 -9999 -9999 -9999 -9999 -9999 -9999 -0.9366 -0.6906 -0.2054 -0.2053 -0.2054 -0.2052 -0.2052 -0.2052 -0.205 -0.2051 -0.205 -0.205 -0.2051 -0.205 -0.1982 -0.1934 -0.1915 -0.1901 -0.1897 -0.025 -0.025 -0.1394 -0.1367 -0.1355 -0.1355 -0.1354 -0.1355 -0.1354 -0.1355 -0.1354 -0.1354 -0.1354 -0.1352 -0.1345 -0.1235 -0.0251 -0.0251 -0.1075 -0.1565 -0.1595 -0.0912 -0.025 -0.0392 -0.0416 -0.0578 -0.0639 -0.066 -0.0586 -0.0569 -0.0252 -0.025 -0.025 -0.025 -0.025 -0.025 -0.025 -0.025 -0.025 -0.0526 -0.0529
-9999 -9999 -9999 -9999 -9999 -9999 -9999 -9999 -0.8756 -0.6691 -0.2054 -0.2053 -0.2054 -0.2052 -0.2052 -0.2052 -0.2051 -0.2051 -0.2051 -0.2051 -0.205 -0.2051 -0.1971 -0.1934 -0.192 -0.1902 -0.1878 -0.1835 -0.025 -0.1418 -0.1379 -0.136 -0.1356 -0.1356 -0.1355 -0.1354 -0.1353 -0.1354 -0.1354 -0.1353 -0.1353 -0.1347 -0.0495 -0.025 -0.025 -0.0345 -0.1619 -0.1614 -0.025 -0.025 -0.025 -0.025 -0.0749 -0.1605 -0.1497 -0.1041 -0.0585 -0.0251 -0.025 -0.025 -0.025 -0.025 -0.025 -0.025 -0.025 -0.025 -0.025 -0.0526
-9999 -9999 -9999 -9999 -9999 -9999 -9999 -9999 -0.8245 -0.6759 -0.2053 -0.2054 -0.2054 -0.2053 -0.2053 -0.2051 -0.2051 -0.2051 -0.205 -0.2051 -0.2051 -0.2051 -0.2035 -0.1967 -0.1951 -0.1917 -0.1897 -0.1882 -0.025 -0.025 -0.1356 -0.1355 -0.1355 -0.1355 -0.1355 -0.1355 -0.1354 -0.1354 -0.1354 -0.1353 -0.1351 -0.1368 -0.1173 -0.025 -0.025 -0.163 -0.1634 -0.1633 -0.1166 -0.025 -0.025 -0.025 -0.1651 -0.1653 -0.1652 -0.1649 -0.1649 -0.1295 -0.025 -0.025 -0.025 -0.025 -0.025 -0.025 -0.025 -0.025 -0.025 -0.025
-9999 -9999 -9999 -9999 -9999 -9999 -9999 -0.9478 -0.7842 -0.2058 -0.2056 -0.2055 -0.2054 -0.2054 -0.2053 -0.2052 -0.2052 -0.2051 -0.205 -0.2051 -0.205 -0.2049 -0.2036 -0.2018 -0.199 -0.1964 -0.1918 -0.1906 -0.1916 -0.025 -0.1355 -0.1355 -0.1355 -0.1355 -0.1355 -0.1354 -0.1355 -0.1355 -0.1354 -0.1352 -0.1353 -0.1638 -0.1639 -0.1641 -0.1635 -0.1635 -0.1633 -0.1633 -0.1633 -0.1632 -0.025 -0.0924 -0.1653 -0.1653 -0.1652 -0.1646 -0.1673 -0.1701 -0.1705 -0.1493 -0.0877 -0.0803 -0.025 -0.025 -0.025 -0.025 -0.025 -0.025
-9999 -9999 -9999 -9999 -9999 -9999 -9999 -0.9021 -0.7577 -0.2061 -0.2059 -0.2056 -0.2054 -0.2053 -0.2053 -0.2053 -0.2052 -0.205 -0.2049 -0.1993 -0.2037 -0.2039 -0.2035 -0.2035 -0.2024 -0.1993 -0.1919 -0.1909 -0.1923 -0.025 -0.1355 -0.1355 -0.1355 -0.1355 -0.1354 -0.1353 -0.1354 -0.1361 -0.1437 -0.066 -0.025 -0.1626 -0.165 -0.165 -0.025 -0.1633 -0.1632 -0.1634 -0.1636 -0.1639 -0.1637 -0.1652 -0.1654 -0.1653 -0.1652 -0.1644 -0.1749 -0.1749 -0.1747 -0.1746 -0.1745 -0.1742 -0.1264 -0.025 -0.025 -0.025 -0.025 -0.025
-9999 -9999 -9999 -9999 -9999 -9999 -9999 -0.8643 -0.7484 -0.2065 -0.2064 -0.206 -0.2057 -0.2055 -0.2051 -0.2052 -0.2052 -0.2049 -0.147 -0.025 -0.025 -0.2027 -0.2038 -0.2039 -0.2036 -0.2002 -0.0251 -0.1366 -0.1968 -0.025 -0.1355 -0.1355 -0.1354 -0.1354 -0.1352 -0.1353 -0.1353 -0.1358 -0.025 -0.025 -0.1552 -0.1637 -0.1658 -0.1664 -0.1667 -0.1652 -0.1052 -0.0967 -0.1641 -0.1651 -0.1655 -0.1656 -0.1656 -0.1654 -0.1656 -0.1681 -0.1741 -0.1748 -0.1748 -0.1747 -0.1746 -0.1746 -0.1745 -0.1744 -0.1745 -0.025 -0.025 -0.025
-9999 -9999 -9999 -9999 -9999 -9999 -0.9574 -0.8348 -0.2075 -0.2071 -0.2069 -0.2067 -0.2064 -0.2057 -0.2052 -0.2052 -0.2052 -0.2049 -0.2045 -0.1286 -0.0251 -0.2027 -0.2041 -0.204 -0.2041 -0.2044 -0.1738 -0.1445 -0.2022 -0.025 -0.025 -0.1354 -0.1352 -0.1353 -0.1352 -0.1114 -0.1355 -0.1502 -0.1456 -0.1155 -0.1669 -0.1666 -0.1667 -0.1667 -0.1669 -0.1669 -0.1119 -0.1242 -0.1663 -0.1662 -0.166 -0.1659 -0.1656 -0.1654 -0.1658 -0.1677 -0.1738 -0.1747 -0.1747 -0.1746 -0.1746 -0.1745 -0.1746 -0.1748 -0.1748 -0.1722 -0.0256 -0.025
-9999 -9999 -9999 -9999 -9999 -9999 -0.9221 -0.8156 -0.2074 -0.2074 -0.2072 -0.2071 -0.2067 -0.2062 -0.1616 -0.205 -0.205 -0.2051 -0.2051 -0.2051 -0.2049 -0.2047 -0.2045 -0.2045 -0.2046 -0.2047 -0.2047 -0.2047 -0.2047 -0.2047 -0.025 -0.1353 -0.1352 -0.135 -0.1348 -0.1365 -0.1631 -0.1664 -0.167 -0.167 -0.1669 -0.1669 -0.1667 -0.1668 -0.1669 -0.1669 -0.1667 -0.1666 -0.1665 -0.1665 -0.1663 -0.1661 -0.1658 -0.1653 -0.1677 -0.1725 -0.1738 -0.1744 -0.1746 -0.1745 -0.1745 -0.1745 -0.1747 -0.1749 -0.1751 -0.1754 -0.1757 -0.1759
-9999 -9999 -9999 -9999 -9999 -9999 -0.8935 -0.8096 -0.2076 -0.2076 -0.2075 -0.2074 -0.2074 -0.2063 -0.2048 -0.205 -0.2051 -0.2051 -0.2052 -0.2052 -0.2051 -0.205 -0.2047 -0.2047 -0.2047 -0.2047 -0.2047 -0.2047 -0.2046 -0.2046 -0.2045 -0.025 -0.1351 -0.135 -0.1352 -0.1401 -0.1541 -0.1664 -0.167 -0.1671 -0.167 -0.167 -0.167 -0.167 -0.167 -0.1669 -0.1668 -0.1667 -0.1665 -0.1665 -0.1664 -0.1663 -0.1662 -0.164 -0.1647 -0.1722 -0.174 -0.1744 -0.1745 -0.1745 -0.1744 -0.1745 -0.1747 -0.1751 -0.1753 -0.1756 -0.1759 -0.1759
-9999 -9999 -9999 -9999 -9999 -0.9668 -0.8728 -0.2082 -0.208 -0.208 -0.2079 -0.2079 -0.2078 -0.2076 -0.1815 -0.205 -0.2051 -0.2052 -0.2052 -0.2052 -0.2051 -0.2049 -0.2048 -0.2048 -0.2046 -0.2047 -0.2047 -0.2048 -0.2047 -0.2047 -0.2045 -0.025 -0.135 -0.135 -0.1353 -0.1435 -0.1528 -0.1666 -0.1671 -0.1672 -0.1672 -0.1671 -0.167 -0.1671 -0.1671 -0.167 -0.1669 -0.1667 -0.1666 -0.1665 -0.1664 -0.1664 -0.1662 -0.025 -0.1111 -0.1725 -0.1739 -0.1744 -0.1743 -0.1743 -0.1743 -0.1746 -0.1752 -0.1755 -0.1758 -0.1759 -0.1759 -0.1759
-9999 -9999 -9999 -9999 -9999 -0.9378 -0.8599 -0.208 -0.208 -0.208 -0.208 -0.208 -0.208 -0.2077 -0.0882 -0.2039 -0.2054 -0.2053 -0.2052 -0.2052 -0.2051 -0.205 -0.2048 -0.2048 -0.2047 -0.2046 -0.2047 -0.2046 -0.2047 -0.2048 -0.2045 -0.0691 -0.025 -0.025 -0.1369 -0.1674 -0.1676 -0.1676 -0.1674 -0.1673 -0.1673 -0.1671 -0.1672 -0.1673 -0.1674 -0.1672 -0.1668 -0.1667 -0.1666 -0.1665 -0.1664 -0.1664 -0.1668 -0.1136 -0.0676 -0.1465 -0.1735 -0.1775 -0.1774 -0.1387 -0.1763 -0.176 -0.1761 -0.176 -0.176 -0.176 -0.176 -0.1759
-9999 -9999 -9999 -9999 -9999 -0.913 -0.8554 -0.2079 -0.2081 -0.2081 -0.2081 -0.208 -0.208 -0.2079 -0.2075 -0.2065 -0.2062 -0.2057 -0.2054 -0.2052 -0.2051 -0.205 -0.2049 -0.2047 -0.2047 -0.2047 -0.2047 -0.2046 -0.2047 -0.2046 -0.2047 -0.1177 -0.025 -0.025 -0.1406 -0.1676 -0.1675 -0.1677 -0.1674 -0.1674 -0.1673 -0.1672 -0.1671 -0.169 -0.1702 -0.1689 -0.1671 -0.1667 -0.1665 -0.1665 -0.1664 -0.1665 -0.167 -0.1667 -0.1662 -0.1727 -0.1727 -0.1791 -0.1781 -0.1774 -0.1773 -0.1768 -0.1767 -0.1764 -0.1763 -0.1761 -0.1761 -0.176
-9999 -9999 -9999 -9999 -0.9747 -0.8926 -0.2081 -0.2081 -0.2081 -0.2081 -0.2081 -0.2081 -0.2081 -0.2081 -0.208 -0.2076 -0.207 -0.2063 -0.2058 -0.2054 -0.2051 -0.2049 -0.2049 -0.2048 -0.2047 -0.2046 -0.2045 -0.2046 -0.2047 -0.2046 -0.2043 -0.2044 -0.1513 -0.025 -0.2694 -0.1641 -0.1678 -0.1679 -0.1676 -0.1674 -0.1673 -0.0669 -0.1655 -0.1776 -0.1792 -0.1772 -0.1624 -0.0251 -0.1665 -0.1665 -0.1664 -0.1665 -0.1718 -0.1714 -0.1843 -0.1858 -0.1857 -0.1856 -0.1787 -0.1774 -0.177 -0.1768 -0.1767 -0.1766 -0.1765 -0.1765 -0.1764 -0.1761
-9999 -9999 -9999 -9999 -0.9478 -0.8784 -0.208 -0.2081 -0.208 -0.2081 -0.2081 -0.2081 -0.2081 -0.2082 -0.208 -0.2078 -0.2072 -0.2066 -0.206 -0.2056 -0.2061 -0.205 -0.2048 -0.2047 -0.2046 -0.2046 -0.2044 -0.2044 -0.2045 -0.0995 -0.2045 -0.2052 -0.2052 -0.025 -0.025 -0.1685 -0.1685 -0.1688 -0.1683 -0.1681 -0.1705 -0.184 -0.1959 -0.1945 -0.1933 -0.1889 -0.0553 -0.025 -0.0925 -0.1663 -0.1649 -0.0252 -0.025 -0.1363 -0.1855 -0.1856 -0.1855 -0.1855 -0.1827 -0.1801 -0.177 -0.1767 -0.1768 -0.1767 -0.1767 -0.1766 -0.1764 -0.1763
-9999 -9999 -9999 -9999 -0.9253 -0.8745 -0.208 -0.2081 -0.208 -0.208 -0.2081 -0.2081 -0.2081 -0.2083 -0.2083 -0.2082 -0.2077 -0.1506 -0.2073 -0.2061 -0.2049 -0.2048 -0.2046 -0.2046 -0.2046 -0.2045 -0.2045 -0.2045 -0.2047 -0.2048 -0.205 -0.2051 -0.2052 -0.2052 -0.025 -0.025 -0.025 -0.1713 -0.1748 -0.1816 -0.1945 -0.198 -0.198 -0.1975 -0.1971 -0.1964 -0.158 -0.025 -0.0626 -0.025 -0.025 -0.025 -0.1834 -0.1845 -0.1855 -0.1854 -0.1853 -0.1851 -0.1847 -0.184 -0.1821 -0.1796 -0.1778 -0.1774 -0.1775 -0.1771 -0.1768 -0.1765
-9999 -9999 -9999 -0.9821 -0.9088 -0.209 -0.2085 -0.2083 -0.208 -0.2079 -0.2079 -0.2079 -0.2085 -0.2086 -0.2086 -0.2087 -0.2084 -0.2082 -0.2074 -0.2063 -0.1131 -0.2042 -0.2044 -0.2046 -0.2046 -0.2045 -0.2045 -0.2045 -0.2047 -0.2048 -0.2049 -0.205 -0.2053 -0.1003 -0.0317 -0.025 -0.025 -0.025 -0.1753 -0.1917 -0.1984 -0.1987 -0.1985 -0.1981 -0.1978 -0.1972 -0.1953 -0.0797 -0.025 -0.025 -0.025 -0.025 -0.1858 -0.1856 -0.1855 -0.1853 -0.1852 -0.1849 -0.1845 -0.1841 -0.1833 -0.1811 -0.1786 -0.178 -0.178 -0.1778 -0.1773 -0.1765
