data/entities/Measures_gates_embank/CaseDifferenceDepth_m.asc
ncols         98 
nrows         130 
xllcorner     530385.4375 
yllcorner     504074.10385949 
cellsize      100 
NODATA_value -9999 
[rows 90 to 119 of 130, columns 0 to 68 of 98]
-9999 -9999 -9999 -9999 -9999 -9999 -9999 -9999 -9999 -9999 -9999 -9999 -0.7896 -0.6549 -0.5767 -0.1073 -0.2693 -0.2687 -0.2684 -0.2683 -0.268 -0.2677 -0.2674 -0.2672 -0.267 -0.2669 -0.2668 -0.2667 -0.2666 -0.2664 -0.2663 -0.2661 -0.2659 -0.2657 -0.2655 -0.2653 -0.2651 -0.2651 -0.2649 -0.2647 -0.2646 -0.2645 -0.2643 -0.2642 -0.2641 -0.264 -0.2639 -0.2637 -0.2636 -0.2636 -0.2634 -0.2633 -0.2632 -0.2632 -0.263 -0.2629 -0.2628 -0.1428 -0.05 -0.05 -0.05 -0.0501 -0.0504 -0.20805 -0.19002 -0.23846 -0.05 -0.05 -0.05
-9999 -9999 -9999 -9999 -9999 -9999 -9999 -9999 -9999 -9999 -9999 -9999 -9999 -9999 -0.9705 -0.5487 -0.4026 -0.2691 -0.2685 -0.2683 -0.2683 -0.2682 -0.2678 -0.2675 -0.2673 -0.2672 -0.267 -0.2669 -0.2668 -0.2666 -0.2665 -0.2664 -0.2661 -0.2659 -0.2657 -0.2655 -0.2653 -0.2652 -0.2651 -0.2649 -0.2648 -0.2647 -0.2645 -0.2644 -0.2642 -0.2641 -0.264 -0.2638 -0.2637 -0.2636 -0.2635 -0.2634 -0.2633 -0.2632 -0.2632 -0.263 -0.0546 -0.0587 -0.0501 -0.0501 -0.0501 -0.0501 -0.0501 -0.19755 -0.19712 -0.23586 -0.092949 -0.05 -0.05
-9999 -9999 -9999 -9999 -9999 -9999 -9999 -9999 -9999 -9999 -9999 -9999 -9999 -9999 -9999 -0.8291 -0.5076 -0.05 -0.0501 -0.183 -0.2687 -0.2686 -0.2681 -0.2678 -0.2675 -0.2673 -0.2672 -0.2671 -0.2669 -0.2669 -0.2667 -0.2665 -0.2663 -0.2661 -0.2658 -0.2656 -0.2654 -0.2652 -0.2651 -0.2651 -0.2649 -0.2647 -0.2646 -0.2644 -0.2643 -0.2642 -0.2641 -0.264 -0.2638 -0.2637 -0.2636 -0.2635 -0.2634 -0.2633 -0.2632 -0.151 -0.05 -0.0501 -0.24625 -0.25383 -0.25493 -0.21943 -0.25653 -0.25493 -0.17822 -0.23886 -0.25763 -0.0501 -0.05
-9999 -9999 -9999 -9999 -9999 -9999 -9999 -9999 -9999 -9999 -9999 -9999 -9999 -9999 -9999 -9999 -9999 -0.5359 -0.0998 -0.0501 -0.2609 -0.2694 -0.2683 -0.2678 -0.2675 -0.2674 -0.2673 -0.2673 -0.2672 -0.267 -0.2669 -0.2667 -0.2665 -0.2663 -0.2659 -0.2655 -0.2654 -0.2653 -0.2651 -0.2651 -0.2649 -0.2648 -0.2647 -0.2645 -0.2644 -0.2643 -0.2641 -0.264 -0.2639 -0.2637 -0.2636 -0.2635 -0.2633 -0.2632 -0.25507 -0.05 -0.0501 -0.19115 -0.23186 -0.20482 -0.18773 -0.18733 -0.18553 -0.18303 -0.17037 -0.21876 -0.23266 -0.17732 -0.05
-9999 -9999 -9999 -9999 -9999 -9999 -9999 -9999 -9999 -9999 -9999 -9999 -9999 -9999 -9999 -9999 -9999 -9999 -9999 -0.5705 -0.3208 -0.05 -0.2688 -0.2677 -0.2675 -0.2675 -0.2676 -0.2677 -0.2677 -0.2675 -0.2671 -0.267 -0.2668 -0.2666 -0.2664 -0.266 -0.2655 -0.2654 -0.2653 -0.2651 -0.265 -0.2649 -0.2647 -0.2646 -0.2644 -0.2643 -0.2642 -0.2641 -0.2639 -0.2638 -0.2636 -0.2635 -0.2634 -0.05 -0.05 -0.05 -0.17135 -0.18045 -0.21585 -0.25303 -0.21933 -0.18643 -0.18423 -0.17918 -0.17287 -0.18886 -0.22996 -0.22226 -0.20982
-9999 -9999 -9999 -9999 -9999 -9999 -9999 -9999 -9999 -9999 -9999 -9999 -9999 -9999 -9999 -9999 -9999 -9999 -9999 -9999 -0.8466 -0.4791 -0.2213 -0.0503 -0.1959 -0.2677 -0.268 -0.2683 -0.2684 -0.268 -0.2676 -0.2673 -0.2671 -0.2669 -0.2667 -0.2664 -0.2658 -0.2655 -0.2654 -0.2653 -0.2651 -0.265 -0.2648 -0.2647 -0.2646 -0.2645 -0.2644 -0.2642 -0.264 -0.2639 -0.2638 -0.2636 -0.05 -0.05 -0.05 -0.05 -0.12685 -0.13625 -0.11875 -0.10575 -0.25583 -0.18493 -0.17958 -0.17818 -0.17327 -0.16637 -0.20196 -0.22706 -0.22416
-9999 -9999 -9999 -9999 -9999 -9999 -9999 -9999 -9999 -9999 -9999 -9999 -9999 -9999 -9999 -9999 -9999 -9999 -9999 -9999 -9999 -9999 -0.4623 -0.1136 -0.05 -0.1296 -0.2752 -0.2699 -0.269 -0.2687 -0.2682 -0.2678 -0.2675 -0.2672 -0.2669 -0.2665 -0.2661 -0.2658 -0.2655 -0.2654 -0.2653 -0.2651 -0.2649 -0.2649 -0.2647 -0.2646 -0.2645 -0.2644 -0.2642 -0.264 -0.2639 -0.0501 -0.0501 -0.05 -0.05 -0.05 -0.0531 -0.0514 -0.10995 -0.15055 -0.14245 -0.21415 -0.17938 -0.17608 -0.15577 -0.15587 -0.19706 -0.22406 -0.21596
-9999 -9999 -9999 -9999 -9999 -9999 -9999 -9999 -9999 -9999 -9999 -9999 -9999 -9999 -9999 -9999 -9999 -9999 -9999 -9999 -9999 -9999 -9999 -9999 -0.2981 -0.2329 -0.0294 -0.05 -0.2704 -0.2693 -0.2689 -0.2684 -0.268 -0.2675 -0.2671 -0.2668 -0.2663 -0.2659 -0.2657 -0.2655 -0.2653 -0.2652 -0.2651 -0.265 -0.2648 -0.2648 -0.2646 -0.2645 -0.2644 -0.0501 -0.0501 -0.2567 -0.0501 -0.05 -0.05 -0.05 -0.0501 -0.0501 -0.11515 -0.17045 -0.05 -0.05 -0.21415 -0.2483 -0.18493 -0.15977 -0.19176 -0.22016 -0.22056
-9999 -9999 -9999 -9999 -9999 -9999 -9999 -9999 -9999 -9999 -9999 -9999 -9999 -9999 -9999 -9999 -9999 -9999 -9999 -9999 -9999 -9999 -9999 -9999 -9999 -9999 -0.5429 -0.3454 -0.2754 -0.2702 -0.2695 -0.269 -0.2684 -0.2678 -0.2674 -0.267 -0.2665 -0.2661 -0.2658 -0.2656 -0.2654 -0.2653 -0.2651 -0.2651 -0.2649 -0.2648 -0.2647 -0.2646 -0.05 -0.05 -0.2707 -0.2707 -0.2708 -0.1084 -0.0501 -0.0501 -0.12355 -0.23235 -0.25296 -0.25066 -0.25216 -0.20745 -0.18845 -0.25673 -0.19663 -0.17872 -0.15347 -0.19426 -0.18506
-9999 -9999 -9999 -9999 -9999 -9999 -9999 -9999 -9999 -9999 -9999 -9999 -9999 -9999 -9999 -9999 -9999 -9999 -9999 -9999 -9999 -9999 -9999 -9999 -9999 -9999 -9999 -9999 -0.561 -0.7254 -0.2704 -0.2696 -0.2685 -0.268 -0.2676 -0.2674 -0.2672 -0.1321 -0.2661 -0.2656 -0.2655 -0.2653 -0.2652 -0.2651 -0.2651 -0.2649 -0.2649 -0.0501 -0.05 -0.2709 -0.2708 -0.2708 -0.2709 -0.271 -0.23598 -0.0501 -0.19212 -0.19152 -0.18482 -0.17812 -0.17742 -0.17772 -0.17842 -0.18062 -0.18283 -0.18522 -0.17202 -0.17537 -0.17832
-9999 -9999 -9999 -9999 -9999 -9999 -9999 -9999 -9999 -9999 -9999 -9999 -9999 -9999 -9999 -9999 -9999 -9999 -9999 -9999 -9999 -9999 -9999 -9999 -9999 -9999 -9999 -9999 -0.4803 -0.05 -0.2183 -0.2717 -0.2684 -0.2679 -0.2677 -0.2676 -0.2675 -0.267 -0.2664 -0.2658 -0.2656 -0.2655 -0.2653 -0.2652 -0.2651 -0.2651 -0.05 -0.05 -0.2714 -0.2711 -0.271 -0.2709 -0.2709 -0.271 -0.271 -0.0501 -0.19222 -0.19122 -0.18302 -0.17732 -0.17712 -0.17722 -0.17752 -0.17682 -0.17732 -0.17502 -0.18712 -0.19253 -0.0501
-9999 -9999 -9999 -9999 -9999 -9999 -9999 -9999 -9999 -9999 -9999 -9999 -9999 -9999 -9999 -9999 -9999 -9999 -9999 -9999 -9999 -9999 -9999 -9999 -9999 -9999 -9999 -9999 -9999 -0.0503 -0.0503 -0.2365 -0.2681 -0.2679 -0.2678 -0.2677 -0.2676 -0.2675 -0.2666 -0.266 -0.2657 -0.2656 -0.2654 -0.2653 -0.2653 -0.0501 -0.05 -0.2714 -0.2713 -0.2712 -0.271 -0.2709 -0.2709 -0.2708 -0.2708 -0.0501 -0.05 -0.18285 -0.22812 -0.14997 -0.15626 -0.16917 -0.17102 -0.17032 -0.16962 -0.16902 -0.17952 -0.063349 -0.05
-9999 -9999 -9999 -9999 -9999 -9999 -9999 -9999 -9999 -9999 -9999 -9999 -9999 -9999 -9999 -9999 -9999 -9999 -9999 -9999 -9999 -9999 -9999 -9999 -9999 -9999 -9999 -9999 -0.195 -0.05 -0.05 -0.0503 -0.268 -0.2679 -0.2679 -0.2678 -0.2679 -0.2684 -0.2669 -0.2661 -0.2657 -0.2655 -0.2654 -0.2654 -0.05 -0.05 -0.2715 -0.2714 -0.2714 -0.2713 -0.2712 -0.2711 -0.271 -0.271 -0.271 -0.0501 -0.05 -0.15235 -0.21616 -0.19352 -0.19247 -0.25593 -0.22582 -0.19942 -0.18322 -0.18312 -0.20732 -0.05 -0.3766
-9999 -9999 -9999 -9999 -9999 -9999 -9999 -9999 -9999 -9999 -9999 -9999 -9999 -9999 -9999 -9999 -9999 -9999 -9999 -9999 -9999 -9999 -9999 -9999 -9999 -9999 -9999 -9999 -0.05 -0.05 -0.05 -0.05 -0.05 -0.0504 -0.0501 -0.0501 -0.0501 -0.05 -0.0501 -0.0501 -0.0501 -0.0501 -0.0501 -0.05 -0.0501 -0.2717 -0.2716 -0.2716 -0.2714 -0.2714 -0.2712 -0.2712 -0.2711 -0.2711 -0.271 -0.0504 -0.2312 -0.2312 -0.19676 -0.19566 -0.19556 -0.16175 -0.071349 -0.24836 -0.19982 -0.2328 -0.0501 -0.1702 -9999
-9999 -9999 -9999 -9999 -9999 -9999 -9999 -9999 -9999 -9999 -9999 -9999 -9999 -9999 -9999 -9999 -9999 -9999 -9999 -9999 -9999 -9999 -9999 -9999 -9999 -9999 -9999 -0.05 -0.05 -0.05 -0.05 -0.2885 -0.2881 -0.2877 -0.2873 -0.2868 -0.2858 -0.2837 -0.2831 -0.2813 -0.2779 -0.2747 -0.2737 -0.2731 -0.2725 -0.2721 -0.2717 -0.2717 -0.2715 -0.2715 -0.2713 -0.2713 -0.2712 -0.2712 -0.0502 -0.0501 -0.2313 -0.2313 -0.2313 -0.2313 -0.2312 -0.2314 -0.2316 -0.2319 -0.2319 -0.0903 -0.0501 -9999 -9999
-9999 -9999 -9999 -9999 -9999 -9999 -9999 -9999 -9999 -9999 -9999 -9999 -9999 -9999 -9999 -9999 -9999 -9999 -9999 -9999 -9999 -9999 -9999 -9999 -9999 -9999 -0.3363 -0.5442 -0.2983 -0.2946 -0.2914 -0.289 -0.2885 -0.2878 -0.2874 -0.287 -0.2863 -0.2853 -0.2845 -0.2827 -0.2547 -0.2743 -0.2735 -0.273 -0.2726 -0.2722 -0.2719 -0.2717 -0.2716 -0.2716 -0.2714 -0.2713 -0.2713 -0.2713 -0.0501 -0.0501 -0.2313 -0.2313 -0.2314 -0.2314 -0.2314 -0.2315 -0.2318 -0.2319 -0.2319 -0.0507 -0.4583 -9999 -9999
-9999 -9999 -9999 -9999 -9999 -9999 -9999 -9999 -9999 -9999 -9999 -9999 -9999 -9999 -9999 -9999 -9999 -9999 -9999 -9999 -9999 -9999 -9999 -9999 -9999 -9999 -0.5505 -0.6926 -0.2994 -0.2961 -0.2924 -0.2896 -0.2888 -0.2882 -0.2874 -0.2871 -0.2868 -0.286 -0.2855 -0.2634 -0.05 -0.2749 -0.2735 -0.2732 -0.2728 -0.2724 -0.272 -0.2718 -0.2716 -0.2715 -0.2715 -0.2714 -0.2714 -0.2714 -0.05 -0.2313 -0.2313 -0.2315 -0.2315 -0.2315 -0.2315 -0.2317 -0.2323 -0.2321 -0.0737 -0.2906 -9999 -9999 -9999
-9999 -9999 -9999 -9999 -9999 -9999 -9999 -9999 -9999 -9999 -9999 -9999 -9999 -9999 -9999 -9999 -9999 -9999 -9999 -9999 -9999 -9999 -9999 -9999 -9999 -0.6833 -0.6348 -0.3038 -0.3013 -0.2986 -0.2969 -0.2941 -0.2896 -0.2885 -0.2875 -0.2873 -0.2871 -0.2868 -0.2865 -0.05 -0.2757 -0.2746 -0.274 -0.2735 -0.273 -0.2726 -0.2722 -0.2719 -0.2717 -0.2716 -0.2715 -0.2715 -0.2714 -0.2715 -0.05 -0.05 -0.05 -0.2316 -0.2323 -0.2317 -0.2319 -0.2328 -0.2346 -0.2025 -0.1801 -9999 -9999 -9999 -9999
-9999 -9999 -9999 -9999 -9999 -9999 -9999 -9999 -9999 -9999 -9999 -9999 -9999 -9999 -9999 -9999 -9999 -9999 -9999 -9999 -9999 -9999 -9999 -9999 -9999 -0.7383 -0.6175 -0.5978 -0.575 -0.5405 -0.7824 -0.6332 -0.6269 -0.6222 -0.9564 -1.0267 -0.8841 -0.2876 -0.2872 -0.2819 -0.2773 -0.2752 -0.2745 -0.2738 -0.2731 -0.2727 -0.2724 -0.2721 -0.2718 -0.2717 -0.2716 -0.2716 -0.2716 -0.2715 -0.05 -0.2426 -0.2426 -0.05 -0.2384 -0.1234 -0.1758 -0.2459 -0.2464 -0.2057 -0.523 -9999 -9999 -9999 -9999
-9999 -9999 -9999 -9999 -9999 -9999 -9999 -9999 -9999 -9999 -9999 -9999 -9999 -9999 -9999 -9999 -9999 -9999 -9999 -9999 -9999 -9999 -9999 -9999 -9999 -0.6608 -0.5945 -0.5983 -0.5395 -0.4401 -0.5066 -0.6218 -0.6554 -0.6383 -0.8755 -0.6376 -0.6299 -0.6838 -0.5259 -0.2847 -0.2786 -0.2761 -0.2751 -0.2742 -0.2735 -0.2728 -0.2726 -0.2723 -0.272 -0.2718 -0.2717 -0.2717 -0.2716 -0.2716 -0.05 -0.2147 -0.2432 -0.2444 -0.2441 -0.2459 -0.2207 -0.2619 -0.2549 -0.3737 -9999 -9999 -9999 -9999 -9999
-9999 -9999 -9999 -9999 -9999 -9999 -9999 -9999 -9999 -9999 -9999 -9999 -9999 -9999 -9999 -9999 -9999 -9999 -9999 -9999 -9999 -9999 -9999 -9999 -9999 -9999 -9999 -9999 -9999 -9999 -9999 -9999 -9999 -9999 -9999 -9999 -9999 -0.8014 -0.4491 -0.6159 -0.7555 -0.2772 -0.2756 -0.2744 -0.2735 -0.2729 -0.2725 -0.2723 -0.272 -0.2718 -0.2717 -0.2717 -0.2717 -0.2717 -0.0501 -0.2012 -0.0501 -0.2461 -0.246 -0.2469 -0.1534 -0.3344 -0.306 -9999 -9999 -9999 -9999 -9999 -9999
-9999 -9999 -9999 -9999 -9999 -9999 -9999 -9999 -9999 -9999 -9999 -9999 -9999 -9999 -9999 -9999 -9999 -9999 -9999 -9999 -9999 -9999 -9999 -9999 -9999 -9999 -9999 -9999 -9999 -9999 -9999 -9999 -9999 -9999 -9999 -9999 -9999 -9999 -9999 -1.0451 -1.0248 -0.8009 -0.2758 -0.2746 -0.2737 -0.2731 -0.2727 -0.2725 -0.2722 -0.272 -0.2719 -0.2718 -0.2718 -0.2717 -0.0501 -0.2484 -0.2488 -0.2481 -0.2482 -0.249 -0.172 -0.3442 -0.5762 -9999 -9999 -9999 -9999 -9999 -9999
-9999 -9999 -9999 -9999 -9999 -9999 -9999 -9999 -9999 -9999 -9999 -9999 -9999 -9999 -9999 -9999 -9999 -9999 -9999 -9999 -9999 -9999 -9999 -9999 -9999 -9999 -9999 -9999 -9999 -9999 -9999 -9999 -9999 -9999 -9999 -9999 -9999 -9999 -9999 -9999 -9999 -0.9339 -0.7031 -0.2746 -0.2739 -0.2734 -0.2729 -0.2727 -0.2724 -0.2722 -0.2721 -0.2719 -0.2718 -0.05 -0.0501 -0.2495 -0.2496 -0.2499 -0.2509 -0.2534 -0.3143 -0.4434 -9999 -9999 -9999 -9999 -9999 -9999 -9999
-9999 -9999 -9999 -9999 -9999 -9999 -9999 -9999 -9999 -9999 -9999 -9999 -9999 -9999 -9999 -9999 -9999 -9999 -9999 -9999 -9999 -9999 -9999 -9999 -9999 -9999 -9999 -9999 -9999 -9999 -9999 -9999 -9999 -9999 -9999 -9999 -9999 -9999 -9999 -9999 -9999 -9999 -0.9097 -0.7302 -0.2741 -0.2735 -0.2732 -0.2729 -0.2727 -0.2725 -0.2722 -0.272 -0.2719 -0.05 -0.0501 -0.2501 -0.2505 -0.2553 -0.2599 -0.393 -0.4104 -9999 -9999 -9999 -9999 -9999 -9999 -9999 -9999
-9999 -9999 -9999 -9999 -9999 -9999 -9999 -9999 -9999 -9999 -9999 -9999 -9999 -9999 -9999 -9999 -9999 -9999 -9999 -9999 -9999 -9999 -9999 -9999 -9999 -9999 -9999 -9999 -9999 -9999 -9999 -9999 -9999 -9999 -9999 -9999 -9999 -9999 -9999 -9999 -9999 -9999 -9999 -1.0766 -0.8 -0.2738 -0.2735 -0.2731 -0.2729 -0.2729 -0.2727 -0.2724 -0.2557 -0.0501 -0.1857 -0.2023 -0.1675 -0.2801 -0.2796 -0.346 -0.6186 -9999 -9999 -9999 -9999 -9999 -9999 -9999 -9999
-9999 -9999 -9999 -9999 -9999 -9999 -9999 -9999 -9999 -9999 -9999 -9999 -9999 -9999 -9999 -9999 -9999 -9999 -9999 -9999 -9999 -9999 -9999 -9999 -9999 -9999 -9999 -9999 -9999 -9999 -9999 -9999 -9999 -9999 -9999 -9999 -9999 -9999 -9999 -9999 -9999 -9999 -9999 -9999 -0.6299 -0.9522 -0.2739 -0.2738 -0.2737 -0.2734 -0.2731 -0.2727 -0.05 -0.0501 -0.0671 -0.2936 -0.2971 -0.2987 -0.3361 -0.5158 -9999 -9999 -9999 -9999 -9999 -9999 -9999 -9999 -9999
-9999 -9999 -9999 -9999 -9999 -9999 -9999 -9999 -9999 -9999 -9999 -9999 -9999 -9999 -9999 -9999 -9999 -9999 -9999 -9999 -9999 -9999 -9999 -9999 -9999 -9999 -9999 -9999 -9999 -9999 -9999 -9999 -9999 -9999 -9999 -9999 -9999 -9999 -9999 -9999 -9999 -9999 -9999 -9999 -1.2854 -0.3147 -0.2741 -0.275 -0.2751 -0.2749 -0.2747 -0.2302 -0.05 -0.0501 -0.0501 -0.2365 -0.3007 -0.3037 -0.3969 -0.8239 -9999 -9999 -9999 -9999 -9999 -9999 -9999 -9999 -9999
-9999 -9999 -9999 -9999 -9999 -9999 -9999 -9999 -9999 -9999 -9999 -9999 -9999 -9999 -9999 -9999 -9999 -9999 -9999 -9999 -9999 -9999 -9999 -9999 -9999 -9999 -9999 -9999 -9999 -9999 -9999 -9999 -9999 -9999 -9999 -9999 -9999 -9999 -9999 -9999 -9999 -9999 -9999 -9999 -0.3153 -0.3083 -0.2764 -0.2764 -0.2769 -0.2767 -0.2765 -0.2698 -0.05 -0.0501 -0.0501 -0.0501 -0.312 -0.447 -0.6376 -9999 -9999 -9999 -9999 -9999 -9999 -9999 -9999 -9999 -9999
-9999 -9999 -9999 -9999 -9999 -9999 -9999 -9999 -9999 -9999 -9999 -9999 -9999 -9999 -9999 -9999 -9999 -9999 -9999 -9999 -9999 -9999 -9999 -9999 -9999 -9999 -9999 -9999 -9999 -9999 -9999 -9999 -9999 -9999 -9999 -9999 -9999 -9999 -9999 -9999 -9999 -9999 -9999 -9999 -0.3446 -0.3129 -0.279 -0.2785 -0.278 -0.2779 -0.2776 -0.277 -0.05 -0.0501 -0.0501 -0.2597 -0.3219 -0.4675 -0.9529 -9999 -9999 -9999 -9999 -9999 -9999 -9999 -9999 -9999 -9999
-9999 -9999 -9999 -9999 -9999 -9999 -9999 -9999 -9999 -9999 -9999 -9999 -9999 -9999 -9999 -9999 -9999 -9999 -9999 -9999 -9999 -9999 -9999 -9999 -9999 -9999 -9999 -9999 -9999 -9999 -9999 -9999 -9999 -9999 -9999 -9999 -9999 -9999 -9999 -9999 -9999 -9999 -9999 -9999 -9999 -0.3144 -0.3381 -0.2796 -0.2791 -0.2787 -0.2784 -0.2774 -0.0853 -0.0501 -0.3049 -0.5494 -0.6419 -0.8617 -9999 -9999 -9999 -9999 -9999 -9999 -9999 -9999 -9999 -9999 -9999
