data/entities/Measures_gates_embank/CaseDifferenceDepth_m.asc
ncols         98 
nrows         130 
xllcorner     530385.4375 
yllcorner     504074.10385949 
cellsize      100 
NODATA_value -9999 
[rows 0 to 29 of 130, columns 0 to 68 of 98]
-9999 -9999 -9999 -9999 -9999 -9999 -9999 -9999 -9999 -9999 -9999 -9999 -9999 -9999 -9999 -9999 -9999 -9999 -9999 -9999 -9999 -9999 -9999 -9999 -9999 -9999 -9999 -9999 -9999 -9999 -9999 -9999 -9999 -9999 -9999 -9999 -9999 -9999 -9999 -9999 -9999 -9999 -9999 -9999 -9999 -9999 -9999 -9999 -9999 -9999 -9999 -9999 -9999 -9999 -9999 -9999 -9999 -9999 -9999 -9999 -9999 -9999 -9999 -9999 -9999 -9999 -9999 -9999 -9999
-9999 -9999 -9999 -9999 -9999 -9999 -9999 -9999 -9999 -9999 -9999 -9999 -9999 -9999 -9999 -9999 -9999 -9999 -9999 -9999 -9999 -9999 -9999 -9999 -0.7544 -0.7833 -0.8224 -0.7595 -0.6857 -0.5539 -0.4855 -0.4346 -0.4096 -0.3805 -0.3408 -0.3375 -0.3442 -0.3506 -0.3588 -9999 -9999 -9999 -9999 -9999 -9999 -9999 -9999 -9999 -9999 -9999 -9999 -9999 -9999 -9999 -9999 -9999 -9999 -9999 -9999 -9999 -9999 -9999 -9999 -9999 -9999 -9999 -9999 -9999 -9999
-9999 -9999 -9999 -9999 -9999 -9999 -9999 -9999 -9999 -9999 -9999 -9999 -9999 -9999 -9999 -9999 -9999 -9999 -9999 -9999 -9999 -9999 -0.7772 -0.7095 -0.6789 -0.1561 -0.1562 -0.1562 -0.156 -0.156 -0.1558 -0.1557 -0.3997 -0.3748 -0.2714 -0.2264 -0.2712 -0.2803 -0.2751 -0.2749 -0.3027 -0.3296 -0.3543 -0.3642 -0.373 -0.3844 -0.3982 -9999 -9999 -9999 -9999 -9999 -9999 -9999 -9999 -9999 -9999 -9999 -9999 -9999 -9999 -9999 -9999 -9999 -9999 -9999 -9999 -9999 -9999
-9999 -9999 -9999 -9999 -9999 -9999 -9999 -9999 -9999 -9999 -9999 -9999 -9999 -9999 -9999 -9999 -9999 -9999 -9999 -9999 -0.05 -0.05 -0.05 -0.5979 -0.1562 -0.1562 -0.1562 -0.1561 -0.1559 -0.1558 -0.1556 -0.1555 -0.1552 -0.1534 -0.151 -0.1384 -0.1328 -0.1237 -0.1169 -0.2203 -0.2306 -0.2501 -0.2884 -0.263 -0.2456 -0.2423 -0.243 -0.2449 -0.2504 -0.2594 -0.2714 -0.2866 -0.3051 -0.3277 -9999 -9999 -9999 -9999 -9999 -9999 -9999 -9999 -9999 -9999 -9999 -9999 -9999 -9999 -9999
-9999 -9999 -9999 -9999 -9999 -9999 -9999 -9999 -9999 -9999 -9999 -9999 -9999 -9999 -9999 -9999 -9999 -9999 -9999 -0.05 -0.05 -0.05 -0.05 -0.1562 -0.1562 -0.1561 -0.1561 -0.1561 -0.156 -0.1558 -0.1557 -0.1555 -0.1553 -0.1539 -0.1425 -0.1346 -0.1288 -0.1223 -0.1131 -0.0928 -0.0652 -0.0579 -0.0436 0.0181 -0.0151 -0.0338 -0.0447 -0.1372 -0.1135 -0.0932 -0.0781 -0.0679 -0.0621 -0.0582 -0.0516 -0.0506 -0.0509 -0.0658 -0.1083 -0.1507 -0.1881 -0.2263 -9999 -9999 -9999 -9999 -9999 -9999 -9999
-9999 -9999 -9999 -9999 -9999 -9999 -9999 -9999 -9999 -9999 -9999 -9999 -9999 -9999 -9999 -9999 -9999 -0.05 -0.05 -0.05 -0.05 -0.05 -0.05 -0.05 -0.1562 -0.1563 -0.1562 -0.1562 -0.1561 -0.1561 -0.1559 -0.1558 -0.1555 -0.1535 -0.1412 -0.1334 -0.1247 -0.1207 -0.1113 -0.0922 -0.0705 -0.0474 -0.0293 -0.0063 -0.0041 -0.0188 -0.03 -0.0424 -0.0518 -0.0583 -0.0695 -0.0707 -0.0657 -0.0609 -0.0542 -0.0568 -0.2057 -0.3224 -0.5031 -0.5346 -0.4633 -0.3881 -0.2813 -0.1411 -9999 -9999 -9999 -9999 -9999
-9999 -9999 -9999 -9999 -9999 -9999 -9999 -9999 -9999 -9999 -9999 -9999 -9999 -9999 -9999 -0.05 -0.05 -0.05 -0.05 -0.05 -0.05 -0.05 -0.05 -0.05 -0.1562 -0.1563 -0.1562 -0.1562 -0.1561 -0.1562 -0.1561 -0.156 -0.1558 -0.1546 -0.1361 -0.1265 -0.1215 -0.119 -0.1091 -0.0898 -0.0717 -0.0567 -0.0417 -0.0253 -0.0146 -0.0245 -0.0357 -0.0486 -0.0606 -0.0728 -0.0806 -0.0808 -0.081 -0.0817 -0.0817 -0.0815 -0.0814 -0.081 -0.0804 -0.0797 -0.0791 -0.0776 -0.4965 -0.3234 -0.05 -0.05 -0.05 -9999 -9999
-9999 -9999 -9999 -9999 -9999 -9999 -9999 -9999 -9999 -9999 -9999 -9999 -9999 -9999 -0.05 -0.05 -0.05 -0.05 -0.05 -0.05 -0.05 -0.05 -0.05 -0.05 -0.05 -0.1562 -0.1563 -0.1562 -0.1562 -0.1563 -0.1563 -0.1562 -0.1561 -0.1559 -0.115 -0.1315 -0.1195 -0.1167 -0.1023 -0.0849 -0.0699 -0.06 -0.0526 -0.0453 -0.0404 -0.0405 -0.053 -0.067 -0.083 -0.0828 -0.0824 -0.0822 -0.0819 -0.0818 -0.0817 -0.0815 -0.0814 -0.0812 -0.0804 -0.0792 -0.0785 -0.0776 -0.077 -0.0768 -0.4015 -0.2192 -0.0501 -0.05 -0.05
-9999 -9999 -9999 -9999 -9999 -9999 -9999 -9999 -9999 -9999 -9999 -9999 -0.8563 -0.05 -0.05 -0.05 -0.05 -0.05 -0.05 -0.05 -0.05 -0.05 -0.05 -0.05 -0.05 -0.1563 -0.1562 -0.1562 -0.1562 -0.1563 -0.1562 -0.1563 -0.1564 -0.1563 -0.1564 -0.1559 -0.1371 -0.05 -0.063 -0.0697 -0.0648 -0.0601 -0.0569 -0.0542 -0.0534 -0.0553 -0.0666 -0.0811 -0.0834 -0.0829 -0.0825 -0.0821 -0.082 -0.0818 -0.0817 -0.0816 -0.0816 -0.0814 -0.081 -0.0791 -0.0779 -0.0776 -0.0773 -0.0772 -0.0773 -0.0773 -0.0769 -0.05 -0.05
-9999 -9999 -9999 -9999 -9999 -9999 -9999 -9999 -9999 -9999 -0.957 -0.8526 -0.7588 -0.747 -0.2223 -0.05 -0.05 -0.05 -0.05 -0.05 -0.05 -0.05 -0.05 -0.05 -0.05 -0.05 -0.1562 -0.1562 -0.1562 -0.1563 -0.1563 -0.1564 -0.1563 -0.1563 -0.1564 -0.1563 -0.1563 -0.1563 -0.05 -0.0568 -0.0602 -0.0596 -0.0587 -0.0586 -0.0603 -0.0663 -0.0762 -0.0841 -0.0835 -0.0829 -0.0824 -0.082 -0.0819 -0.0818 -0.0818 -0.0817 -0.0817 -0.0816 -0.0811 -0.0789 -0.0777 -0.0775 -0.0774 -0.0774 -0.0774 -0.0774 -0.0773 -0.0774 -0.0773
-9999 -9999 -9999 -9999 -9999 -9999 -9999 -9999 -9999 -9999 -0.8846 -0.8018 -0.2219 -0.2211 -0.2221 -0.2224 -0.2223 -0.05 -0.05 -0.05 -0.05 -0.05 -0.05 -0.05 -0.05 -0.05 -0.1547 -0.1561 -0.1564 -0.1564 -0.1564 -0.1564 -0.1564 -0.1563 -0.1564 -0.1564 -0.1564 -0.1563 -0.05 -0.05 -0.0587 -0.0602 -0.0608 -0.0623 -0.0655 -0.0717 -0.084 -0.0843 -0.0835 -0.0827 -0.0822 -0.082 -0.082 -0.0819 -0.0817 -0.0817 -0.0817 -0.0806 -0.05 -0.0789 -0.0774 -0.0774 -0.0774 -0.0773 -0.0774 -0.0774 -0.0774 -0.0774 -0.0773
-9999 -9999 -9999 -9999 -9999 -9999 -9999 -9999 -9999 -9999 -0.8475 -0.7522 -0.2219 -0.2219 -0.2226 -0.2233 -0.2237 -0.224 -0.2242 -0.05 -0.05 -0.05 -0.05 -0.05 -0.05 -0.05 -0.05 -0.1559 -0.1566 -0.1565 -0.1564 -0.1564 -0.1564 -0.1563 -0.1563 -0.1563 -0.1563 -0.1563 -0.1539 -0.05 -0.0598 -0.0703 -0.0683 -0.0694 -0.0714 -0.0781 -0.0873 -0.0845 -0.0836 -0.0827 -0.0823 -0.082 -0.0819 -0.0819 -0.0819 -0.0819 -0.0817 -0.0501 -0.05 -0.0775 -0.0775 -0.0775 -0.0774 -0.0773 -0.0774 -0.0774 -0.0774 -0.0774 -0.0774
-9999 -9999 -9999 -9999 -9999 -9999 -9999 -9999 -9999 -0.9441 -0.6259 -0.2226 -0.2225 -0.2226 -0.2229 -0.2235 -0.224 -0.2244 -0.2245 -0.2246 -0.2247 -0.2246 -0.2246 -0.05 -0.05 -0.05 -0.05 -0.157 -0.157 -0.1569 -0.1566 -0.1565 -0.1564 -0.1564 -0.1563 -0.1564 -0.1563 -0.1563 -0.1563 -0.1562 -0.1448 -0.1227 -0.0994 -0.0888 -0.0811 -0.0852 -0.0876 -0.0914 -0.0835 -0.0825 -0.0823 -0.082 -0.0818 -0.0818 -0.0819 -0.0818 -0.0819 -0.0585 -0.05 -0.0775 -0.0774 -0.0775 -0.0774 -0.0773 -0.0774 -0.0774 -0.0774 -0.0773 -0.0774
-9999 -9999 -9999 -9999 -9999 -9999 -9999 -9999 -9999 -0.8381 -0.1335 -0.223 -0.2232 -0.2234 -0.2233 -0.224 -0.2245 -0.2244 -0.2245 -0.2246 -0.2246 -0.2246 -0.2246 -0.2242 -0.2192 -0.05 -0.05 -0.05 -0.1573 -0.1573 -0.1568 -0.1565 -0.1563 -0.1564 -0.1563 -0.1563 -0.1562 -0.1563 -0.1563 -0.1562 -0.156 -0.1552 -0.1523 -0.1451 -0.1257 -0.1057 -0.0524 -0.05 -0.0501 -0.0836 -0.0835 -0.0825 -0.0821 -0.0818 -0.0818 -0.0817 -0.0817 -0.0806 -0.0794 -0.0777 -0.0773 -0.05 -0.0761 -0.0773 -0.0773 -0.0774 -0.0774 -0.0773 -0.0774
-9999 -9999 -9999 -9999 -9999 -9999 -9999 -9999 -9999 -0.7623 -0.3346 -0.2245 -0.2244 -0.2243 -0.2232 -0.2243 -0.2246 -0.2246 -0.2246 -0.2245 -0.2246 -0.2245 -0.063 -0.2144 -0.2144 -0.2127 -0.2122 -0.05 -0.1574 -0.1579 -0.1571 -0.1565 -0.1564 -0.1562 -0.1564 -0.1563 -0.1563 -0.1564 -0.1562 -0.1562 -0.156 -0.1553 -0.153 -0.1446 -0.1322 -0.1254 -0.1289 -0.1108 -0.098 -0.0889 -0.086 -0.0835 -0.0823 -0.0725 -0.0818 -0.0817 -0.0817 -0.081 -0.0802 -0.0501 -0.05 -0.05 -0.05 -0.05 -0.05 -0.0769 -0.0774 -0.0774 -0.0774
-9999 -9999 -9999 -9999 -9999 -9999 -9999 -9999 -0.9616 -0.7156 -0.2249 -0.2249 -0.225 -0.2247 -0.2248 -0.2248 -0.2246 -0.2247 -0.2246 -0.2246 -0.2246 -0.2246 -0.2182 -0.2147 -0.2137 -0.2125 -0.212 -0.05 -0.05 -0.1602 -0.1576 -0.1564 -0.1564 -0.1563 -0.1564 -0.1563 -0.1563 -0.1563 -0.1563 -0.1563 -0.1561 -0.1555 -0.146 -0.0501 -0.0501 -0.1305 -0.1745 -0.1766 -0.1131 -0.05 -0.064 -0.0664 -0.0823 -0.0881 -0.0897 -0.0829 -0.0813 -0.0502 -0.05 -0.05 -0.05 -0.05 -0.05 -0.05 -0.05 -0.05 -0.0771 -0.0774 -0.0773
-9999 -9999 -9999 -9999 -9999 -9999 -9999 -9999 -0.9006 -0.6941 -0.225 -0.2249 -0.2249 -0.2248 -0.2248 -0.2248 -0.2247 -0.2247 -0.2246 -0.2246 -0.2246 -0.2247 -0.2174 -0.2147 -0.214 -0.2126 -0.2102 -0.206 -0.05 -0.1626 -0.1587 -0.1569 -0.1564 -0.1565 -0.1564 -0.1563 -0.1562 -0.1563 -0.1563 -0.1562 -0.1562 -0.1555 -0.0745 -0.05 -0.05 -0.0595 -0.1786 -0.1782 -0.05 -0.05 -0.05 -0.05 -0.0993 -0.1775 -0.1692 -0.1258 -0.083 -0.0501 -0.05 -0.05 -0.05 -0.05 -0.05 -0.05 -0.05 -0.05 -0.05 -0.077 -0.0773
-9999 -9999 -9999 -9999 -9999 -9999 -9999 -9999 -0.8495 -0.7009 -0.2248 -0.2249 -0.225 -0.2249 -0.2249 -0.2247 -0.2247 -0.2247 -0.2246 -0.2246 -0.2247 -0.2247 -0.2231 -0.2168 -0.2158 -0.214 -0.2121 -0.2106 -0.05 -0.05 -0.1565 -0.1564 -0.1564 -0.1564 -0.1564 -0.1564 -0.1563 -0.1563 -0.1563 -0.1562 -0.156 -0.1577 -0.1419 -0.05 -0.05 -0.1795 -0.1799 -0.1797 -0.1416 -0.05 -0.05 -0.05 -0.181 -0.1811 -0.1811 -0.1808 -0.1808 -0.1545 -0.05 -0.05 -0.05 -0.05 -0.05 -0.05 -0.05 -0.05 -0.05 -0.05 -0.05
-9999 -9999 -9999 -9999 -9999 -9999 -9999 -0.9728 -0.8092 -0.2253 -0.2251 -0.2251 -0.225 -0.225 -0.2249 -0.2248 -0.2248 -0.2247 -0.2246 -0.2247 -0.2246 -0.2245 -0.2232 -0.2215 -0.2189 -0.2165 -0.2141 -0.213 -0.214 -0.05 -0.1564 -0.1564 -0.1564 -0.1564 -0.1564 -0.1563 -0.1564 -0.1564 -0.1563 -0.1561 -0.1561 -0.1805 -0.1805 -0.1805 -0.18 -0.18 -0.1798 -0.1797 -0.1798 -0.1797 -0.05 -0.1174 -0.1811 -0.1811 -0.181 -0.1805 -0.1828 -0.1847 -0.1849 -0.1729 -0.1127 -0.1053 -0.05 -0.05 -0.05 -0.05 -0.05 -0.05 -0.05
-9999 -9999 -9999 -9999 -9999 -9999 -9999 -0.9271 -0.7827 -0.2257 -0.2255 -0.2252 -0.225 -0.2249 -0.2249 -0.2249 -0.2248 -0.2247 -0.2245 -0.2206 -0.2234 -0.2235 -0.2232 -0.2231 -0.2221 -0.2192 -0.2141 -0.2133 -0.2144 -0.05 -0.1564 -0.1564 -0.1565 -0.1564 -0.1563 -0.1562 -0.1563 -0.1569 -0.1634 -0.091 -0.05 -0.1795 -0.1813 -0.1813 -0.05 -0.1797 -0.1797 -0.1798 -0.1799 -0.1802 -0.1799 -0.1812 -0.1813 -0.1811 -0.181 -0.1799 -0.1879 -0.1876 -0.1874 -0.1872 -0.1871 -0.1869 -0.1514 -0.05 -0.05 -0.05 -0.05 -0.05 -0.05
-9999 -9999 -9999 -9999 -9999 -9999 -9999 -0.8893 -0.7734 -0.226 -0.226 -0.2256 -0.2253 -0.2251 -0.2248 -0.2249 -0.2248 -0.2246 -0.172 -0.05 -0.05 -0.2225 -0.2234 -0.2235 -0.2232 -0.2201 -0.0501 -0.1616 -0.2169 -0.05 -0.1564 -0.1564 -0.1563 -0.1563 -0.1562 -0.1562 -0.1562 -0.1566 -0.05 -0.05 -0.173 -0.1804 -0.182 -0.1824 -0.1827 -0.1816 -0.1302 -0.1217 -0.1804 -0.1812 -0.1815 -0.1815 -0.1814 -0.1812 -0.1813 -0.1831 -0.1872 -0.1875 -0.1874 -0.1872 -0.1871 -0.1871 -0.1869 -0.1869 -0.1869 -0.05 -0.05 -0.05 -0.05
-9999 -9999 -9999 -9999 -9999 -9999 -0.9824 -0.8598 -0.2271 -0.2267 -0.2265 -0.2263 -0.226 -0.2253 -0.2249 -0.2248 -0.2248 -0.2246 -0.2242 -0.1536 -0.0501 -0.2225 -0.2237 -0.2237 -0.2238 -0.224 -0.1988 -0.1695 -0.222 -0.05 -0.05 -0.1563 -0.1562 -0.1562 -0.1562 -0.1362 -0.1559 -0.1702 -0.1667 -0.1405 -0.183 -0.1826 -0.1827 -0.1827 -0.1829 -0.1828 -0.1369 -0.1492 -0.1822 -0.1821 -0.1819 -0.1818 -0.1815 -0.1812 -0.1814 -0.1827 -0.1869 -0.1874 -0.1873 -0.1872 -0.1872 -0.187 -0.187 -0.1871 -0.187 -0.1849 -0.0506 -0.05 -0.05
-9999 -9999 -9999 -9999 -9999 -9999 -0.9471 -0.8406 -0.227 -0.227 -0.2268 -0.2267 -0.2263 -0.2259 -0.1866 -0.2246 -0.2247 -0.2247 -0.2247 -0.2247 -0.2245 -0.2244 -0.2241 -0.2241 -0.2242 -0.2243 -0.2243 -0.2243 -0.2243 -0.2243 -0.05 -0.1563 -0.1561 -0.156 -0.1558 -0.1574 -0.1801 -0.1827 -0.1831 -0.1831 -0.183 -0.1829 -0.1828 -0.1828 -0.1828 -0.1828 -0.1826 -0.1825 -0.1824 -0.1824 -0.1822 -0.182 -0.1816 -0.1811 -0.1827 -0.186 -0.1868 -0.1871 -0.1872 -0.1871 -0.1871 -0.187 -0.187 -0.1871 -0.1872 -0.1872 -0.1873 -0.1874 -0.1873
-9999 -9999 -9999 -9999 -9999 -9999 -0.9185 -0.8346 -0.2272 -0.2272 -0.2271 -0.227 -0.227 -0.2259 -0.2245 -0.2247 -0.2248 -0.2248 -0.2248 -0.2249 -0.2248 -0.2246 -0.2244 -0.2243 -0.2243 -0.2244 -0.2243 -0.2244 -0.2243 -0.2242 -0.2242 -0.05 -0.156 -0.1559 -0.1561 -0.1605 -0.1728 -0.1827 -0.1831 -0.1832 -0.1831 -0.1831 -0.183 -0.183 -0.183 -0.1829 -0.1827 -0.1826 -0.1824 -0.1824 -0.1823 -0.1822 -0.1821 -0.1803 -0.1803 -0.1857 -0.1869 -0.1872 -0.1871 -0.1871 -0.187 -0.187 -0.187 -0.1872 -0.1873 -0.1874 -0.1875 -0.1875 -0.1874
-9999 -9999 -9999 -9999 -9999 -0.9918 -0.8978 -0.2278 -0.2276 -0.2276 -0.2275 -0.2275 -0.2274 -0.2272 -0.2065 -0.2247 -0.2248 -0.2248 -0.2249 -0.2249 -0.2247 -0.2246 -0.2245 -0.2244 -0.2243 -0.2243 -0.2244 -0.2244 -0.2243 -0.2243 -0.2241 -0.05 -0.156 -0.156 -0.1562 -0.1636 -0.1719 -0.1829 -0.1832 -0.1833 -0.1833 -0.1831 -0.183 -0.1831 -0.183 -0.1829 -0.1828 -0.1826 -0.1825 -0.1824 -0.1823 -0.1823 -0.1821 -0.05 -0.1361 -0.186 -0.1868 -0.1871 -0.187 -0.1869 -0.1868 -0.187 -0.1873 -0.1875 -0.1875 -0.1876 -0.1875 -0.1875 -0.1874
-9999 -9999 -9999 -9999 -9999 -0.9628 -0.8849 -0.2276 -0.2277 -0.2276 -0.2277 -0.2276 -0.2276 -0.2273 -0.1132 -0.2236 -0.2251 -0.225 -0.2249 -0.2249 -0.2247 -0.2247 -0.2245 -0.2244 -0.2244 -0.2243 -0.2244 -0.2243 -0.2243 -0.2244 -0.2242 -0.0941 -0.05 -0.05 -0.1574 -0.1836 -0.1838 -0.1837 -0.1835 -0.1834 -0.1834 -0.1832 -0.1832 -0.1832 -0.1834 -0.1831 -0.1828 -0.1826 -0.1825 -0.1824 -0.1823 -0.1823 -0.1826 -0.1386 -0.0926 -0.1713 -0.1865 -0.1895 -0.1893 -0.1637 -0.1882 -0.1879 -0.1879 -0.1877 -0.1877 -0.1876 -0.1875 -0.1874 -0.1874
-9999 -9999 -9999 -9999 -9999 -0.938 -0.8804 -0.2275 -0.2277 -0.2277 -0.2277 -0.2276 -0.2276 -0.2276 -0.2272 -0.2262 -0.2258 -0.2253 -0.2251 -0.2249 -0.2247 -0.2247 -0.2245 -0.2244 -0.2244 -0.2244 -0.2244 -0.2243 -0.2243 -0.2243 -0.2244 -0.1427 -0.05 -0.05 -0.1627 -0.1837 -0.1837 -0.1838 -0.1835 -0.1835 -0.1834 -0.1833 -0.1832 -0.1848 -0.1858 -0.1847 -0.183 -0.1827 -0.1824 -0.1824 -0.1824 -0.1824 -0.1827 -0.1824 -0.1821 -0.1873 -0.1877 -0.1903 -0.1899 -0.189 -0.1889 -0.1884 -0.1883 -0.188 -0.1878 -0.1877 -0.1876 -0.1875 -0.1873
-9999 -9999 -9999 -9999 -0.9997 -0.9176 -0.2278 -0.2277 -0.2278 -0.2278 -0.2277 -0.2278 -0.2277 -0.2277 -0.2276 -0.2273 -0.2266 -0.2259 -0.2255 -0.2251 -0.2248 -0.2246 -0.2246 -0.2245 -0.2244 -0.2243 -0.2242 -0.2243 -0.2244 -0.2243 -0.224 -0.2241 -0.1763 -0.05 -0.2076 -0.1834 -0.1839 -0.184 -0.1837 -0.1835 -0.1835 -0.0919 -0.1848 -0.1926 -0.1938 -0.1921 -0.1794 -0.0501 -0.1825 -0.1824 -0.1824 -0.1824 -0.1864 -0.1861 -0.196 -0.1971 -0.197 -0.1969 -0.1905 -0.1892 -0.1886 -0.1884 -0.1883 -0.1881 -0.188 -0.1879 -0.1878 -0.1875 -0.1873
-9999 -9999 -9999 -9999 -0.9728 -0.9034 -0.2277 -0.2277 -0.2276 -0.2277 -0.2277 -0.2277 -0.2278 -0.2278 -0.2277 -0.2274 -0.2268 -0.2263 -0.2257 -0.2253 -0.2257 -0.2247 -0.2245 -0.2244 -0.2243 -0.2243 -0.2241 -0.2241 -0.2242 -0.1245 -0.2242 -0.2247 -0.2247 -0.05 -0.05 -0.1845 -0.1845 -0.1848 -0.1844 -0.1844 -0.1869 -0.197 -0.2082 -0.207 -0.2059 -0.2023 -0.0803 -0.05 -0.1175 -0.1823 -0.1812 -0.0502 -0.05 -0.1613 -0.1969 -0.1969 -0.1969 -0.1968 -0.1937 -0.1917 -0.1889 -0.1885 -0.1884 -0.1882 -0.1882 -0.188 -0.1878 -0.1876 -0.1871
-9999 -9999 -9999 -9999 -0.9503 -0.8995 -0.2276 -0.2277 -0.2276 -0.2277 -0.2278 -0.2277 -0.2278 -0.2279 -0.2279 -0.2279 -0.2274 -0.1756 -0.2269 -0.2258 -0.2247 -0.2245 -0.2243 -0.2243 -0.2243 -0.2242 -0.2242 -0.2242 -0.2243 -0.2245 -0.2246 -0.2247 -0.2247 -0.2248 -0.05 -0.05 -0.05 -0.187 -0.1901 -0.1963 -0.2071 -0.2101 -0.2101 -0.2096 -0.2093 -0.2087 -0.183 -0.05 -0.0876 -0.05 -0.05 -0.05 -0.1954 -0.1961 -0.1969 -0.1967 -0.1967 -0.1964 -0.1961 -0.1953 -0.1935 -0.191 -0.1893 -0.1888 -0.1888 -0.1884 -0.1881 -0.1877 -0.1867
