data/entities/Measures_gates_embank/CaseDifferenceDuration_fraction.asc
ncols         98 
nrows         130 
xllcorner     530385.4375 
yllcorner     504074.10385949 
cellsize      100 
NODATA_value -9999 
[rows 66 to 98 of 130, columns 0 to 74 of 98]
-9999 0 0 0.34118 0.32941 0.32143 0.32143 0.34118 0.38636 0.34118 0.28571 0.18919 0.086957 0 -9999 0 0 0.086957 0.33333 0.46512 0.28571 0.30952 0.30952 0.30952 0.32941 0.33721 0.36782 0.34118 0.29762 0.47727 0.27586 0.48837 0.30952 0.27381 0.21622 0 0 0.21429 0.28571 0.225 0 -9999 -9999 0 0 0.16667 0.48837 0.30952 0.21622 0 -9999 0 0 0 0 0 0.21429 0.48837 0.13953 0.14118 0.14286 -9999 0.2439 0.2381 0.2381 0.225 0.095238 0.4 0.4 0.4 0.4 0.4 0.4 0.4 0.4
-9999 -9999 0 0 0.34118 0.34118 0.32941 0.35294 0.39773 0.38636 0.35294 0.34118 0.28571 0.23077 0 0 0.16 0.28571 0.30952 0.30952 0.30952 0.29762 0.27381 0.46341 0.28571 0.30952 0.375 0.33721 0.34884 0.35632 0.33721 0.32941 0.34118 0.30952 0.46512 0.46512 0.13043 0.086957 0 0.090909 0 0.325 0 0 0 0.16667 0.27381 0.34884 0.28571 0.4359 0.33333 0 -9999 -9999 -9999 0 0 0.41463 0.13953 0.13953 0.14286 -9999 0.225 0.2439 0.2381 0.23077 0.125 0.4 0.4 0.4 0.4 0.4 0.4 0.4 0.4
-9999 -9999 0 0 0.34118 0.34118 0.35294 0.35294 0.37931 0.38372 0.36047 0.34118 0.34884 0.35294 0.38636 0.33824 0.28571 0.28571 0.34118 0.34118 0.34118 0.33333 0.29762 0.48837 0.33824 0.28571 0.28571 0.28571 0.30952 0.31765 0.32941 0.32143 0.31765 0.28571 0.48837 0 0.090909 0.125 0.16667 0.21429 0.21429 0 0 0.125 0.2069 0.46341 0.32941 0.38202 0.375 0.33721 0.5 0 -9999 -9999 -9999 0 0.24324 0.47727 0.13953 0.13793 0.14286 -9999 -9999 0.26829 0.26829 0.18421 0.25 0.4 0.4 0.4 0.4 0.4 0.4 0.4 0.4
-9999 -9999 0 0 0.33333 0.34118 0.35294 0.36047 0.36047 0.35294 0.35294 0.36047 0.37931 0.38636 0.40449 0.39326 0.38636 0.40449 0.38636 0.38636 0.39326 0.36782 0.34118 0.34118 0.28571 0.46341 0.21429 0.14286 0.27586 0.47727 0.28571 0.29762 0.48837 0.27381 0.28571 0.34118 0.48837 0.48837 0.27381 0.31765 0.31765 0.36782 0.31765 0.30952 0.30952 0.43902 0.30952 0.38636 0.375 0.375 0.30588 0 -9999 -9999 -9999 0 0.46341 0.28571 0.13953 0.13793 0.14286 -9999 -9999 0.275 0.26829 0.18919 0.25 0.4 0.4 0.4 0.4 0.4 0.4 0.4 0.4
-9999 -9999 -9999 0 0 0.32143 0.34118 0.37931 0.37931 0.33333 0.29762 0.30952 0.34118 0.38636 0.36634 0.41573 0.39326 0.40449 0.39326 0.39326 0.39326 0.34884 0.33333 0.28571 0.48837 0.2069 0 0 0 0 0.14815 0.48837 0.32941 0.27381 0.28571 0.36782 0.35632 0.36782 0.36782 0.375 0.39326 0.48039 0.38202 0.30588 0.125 0 0.24324 0.30588 0.34884 0.36782 0.32941 0.43902 0 0 0.16667 0.43902 0.28571 0.30952 0.32941 0.13793 0.14286 -9999 -9999 0.275 0.26829 0.20833 0.25 0.4 0.4 0.4 0.4 0.4 0.4 0.4 0.4
-9999 -9999 -9999 0 0 0.30952 0.32143 0.34884 0.39773 0.28571 0.23077 0 0.48837 0.34118 0.41573 0.38636 0.37209 0.36047 0.375 0.38636 0.36047 0.36782 0.34118 0.32941 0.425 0.090909 0 0 0 -9999 0 0 0.33333 0.46341 0.23077 0.27586 0.32941 0.34483 0.375 0.375 0.39326 0.41573 0.375 0.30952 0.21429 0.090909 0.425 0.32941 0.34118 0.36782 0.375 0.32941 0.30588 0.32941 0.28571 0.30952 0.34884 0.34118 0.32941 0.31765 0.32353 -9999 -9999 0.275 0.275 0.21739 0.22222 0.4 0.4 0.4 0.4 0.4 0.4 0.4 0.4
-9999 -9999 -9999 0 0 0.28571 0.30952 0.33333 0.38636 0.28571 0.21053 0.17857 0.23077 0.30952 0.39326 0.38636 0.34118 0.30952 0.33333 0.37931 0.41573 0.38636 0.37931 0.36047 0.21622 0.21429 0.21429 0.17857 0.16667 0.21429 0.46341 0.34118 0.32941 0.30952 0.30952 0.34884 0.32941 0.30952 0.28571 0.34884 0.38636 0.38202 0.33721 0.28571 0.41026 0.41026 0.46341 0.47727 0.30952 0.33721 0.32941 0.36782 0.375 0.33721 0.30952 0.47727 0.33721 0.34884 0.34118 0.30588 0.27381 -9999 -9999 0.275 0.26829 0.20833 0.125 0.4 0.4 0.4 0.4 0.4 0.4 0.4 0.4
-9999 -9999 -9999 -9999 0 0 0.27381 0.29762 0.38636 0.34118 0.29762 0 0.24324 0.28571 0.38636 0.37931 0.35294 0.21622 0.27381 0.34884 0.41573 0.39326 0.36047 0.4359 0.46341 0.28571 0.39326 0.34118 0.34884 0.38636 0.375 0.37931 0.39326 0.39326 0.39326 0.38202 0.375 0.33721 0.32941 0.36782 0.38636 0.38202 0.33721 0.30952 0.48837 0.46512 0.46341 0.46512 0.30952 0.35632 0.375 0.38636 0.39326 0.41573 0.375 0.34884 0.375 0.33721 0.33721 0.32941 0.27381 -9999 -9999 0.275 0.26829 0.21429 0.10526 0.4 0.4 0.4 0.4 0.4 0.4 0.4 0.4
-9999 -9999 -9999 -9999 0 0 0.48837 0.52273 0.28571 0.30952 0.30952 0.43902 0.41463 0.30952 0.36047 0.37931 0.34118 0.47727 0.28571 0.32941 0.38636 0.36047 0.34118 0.32941 0.30952 0.32941 0.32143 0.34118 0.36782 0.38636 0.38636 0.39326 0.4902 0.42222 0.41573 0.41573 0.39326 0.38202 0.39326 0.39326 0.40449 0.39326 0.38636 0.34884 0.32941 0.29762 0.47727 0.27381 0.32941 0.375 0.38636 0.38202 0.39326 0.39326 0.36782 0.30588 0.29762 0.30952 0.32941 0.30588 0.37931 0.27273 -9999 0.275 0.26829 0.18919 0.095238 0.4 0.4 0.4 0.4 0.4 0.4 0.4 0.4
-9999 -9999 -9999 -9999 0 0 0.46341 0.46341 0.46341 0.48837 0.28571 0.30952 0.33333 0.38372 0.41573 0.39326 0.37931 0.38372 0.29762 0.46512 0.46341 0.48837 0.30952 0.32941 0.34884 0.37209 0.37931 0.375 0.375 0.375 0.38202 0.41573 0.41573 0.43333 0.43333 0.41573 0.43333 0.43333 0.43333 0.43333 0.43333 0.43333 0.41573 0.38202 0.375 0.375 0.375 0.375 0.32941 0.30952 0.30952 0.32941 0.375 0.38636 0.34118 0.28571 0.48837 0.47727 0.5 0.14286 0.27907 0.26829 -9999 0.25641 0.275 0.275 0.18182 0.4 0.4 0.4 0.25 0.22222 0.4 0.4 0.4
-9999 -9999 -9999 -9999 -9999 0 0 0.23684 0.21429 0.52273 0.32143 0.38636 0.40449 0.41573 0.48515 0.41573 0.38636 0.37209 0.39655 0.21429 -9999 0.2069 0.30952 0.39326 0.39326 0.40449 0.41573 0.39326 0.38636 0.375 0.38636 0.41573 0.52747 0.46154 0.49505 0.51961 0.5098 0.51961 0.61165 0.51961 0.5 0.49505 0.43333 0.41111 0.41573 0.41573 0.41573 0.38636 0.30952 0.2069 0 0.48837 0.32941 0.36782 0.32941 0.30952 0.27381 0.27586 0.27027 0.21429 0.21429 0.21429 -9999 0.24138 0.25641 0.275 0.14286 0.4 0.4 0.4 0.10526 0.10526 0.22222 0.4 0.4
-9999 -9999 -9999 -9999 -9999 0 0 0.21429 0 0.16667 0.48837 0.36471 0.40449 0.42697 0.49505 0.41573 0.38636 0.35294 0.30952 0.46341 0.4359 0.5 0.34884 0.43333 0.41573 0.41573 0.41573 0.37931 0.32941 0.375 0.39326 0.41573 0.42222 0.46154 0.48515 0.48515 0.4902 0.5098 0.5098 0.51961 0.51961 0.5098 0.48515 0.43333 0.42222 0.40449 0.38636 0.35632 0.34118 0.32941 0.32941 0.32941 0.38636 0.34483 0.30588 0.28571 0.4359 0.21429 0.10526 0.125 0.10526 0.10526 -9999 -9999 0.18919 0.28205 0.10526 0.4 0.4 0.4 0.10526 0.10526 0.25 0.4 0.4
-9999 -9999 -9999 -9999 -9999 0 0 0.14286 -9999 0 0.425 0.35294 0.40449 0.41573 0.41573 0.39773 0.38372 0.33333 0.34118 0.34118 0.37209 0.37931 0.38636 0.41573 0.39326 0.38636 0.32941 0 0.23684 0.39326 0.40449 0.41573 0.42222 0.41573 0.41573 0.4902 0.43333 0.43333 0.4902 0.46154 0.4902 0.5 0.51648 0.42222 0.41573 0.38636 0.34884 0.33721 0.375 0.40449 0.41573 0.39326 0.38202 0.33721 0.32353 0.41026 0.25641 0.19048 0.4 0.4 0.4 0.4 0.4 -9999 0.21429 0.25641 0.10526 0.4 0.4 0.4 0.10526 0.10526 0.4 0.4 0.4
-9999 -9999 -9999 -9999 -9999 -9999 0 0 -9999 0 0.24324 0.39326 0.3908 0.38636 0.39773 0.3908 0.38372 0.36471 0.38372 0.3908 0.38636 0.38372 0.34118 0.32143 0.32941 0.34884 0.32941 0.46341 0.27381 0.34118 0.36782 0.36782 0.28571 0.28571 0.28571 0.48837 0.37931 0.30952 0.30952 0.375 0.41573 0.43333 0.41573 0.39326 0.38636 0.375 0.33721 0.32941 0.30952 0.30952 0.30952 0.30952 0.32941 0.28571 0.17857 0 0.19048 0.10526 0.4 0.4 0.4 0.4 0.25 -9999 0.24 0.25641 0.10526 0.4 0.4 0.4 0.10526 0.10526 0.4 0.4 0.4
-9999 -9999 -9999 -9999 -9999 -9999 0 0 0.13043 0.16667 0.16667 0 0.52273 0.33333 0.38372 0.38372 0.38372 0.38372 0.37931 0.38636 0.40449 0.34118 0.52273 0.21429 0.48837 0.33333 0.38636 0.30952 0.46512 0.17857 0 -9999 0 0 0.17857 0 0.21429 0.47727 0.32941 0.375 0.39326 0.39326 0.39326 0.38636 0.375 0.34884 0.34884 0.32941 0.47727 0.14286 0 0.23077 0.46341 0.4359 0.13636 0.18182 0.25 0.10526 0.4 0.4 0.4 0.4 0.13333 -9999 -9999 0.25641 0.10526 0.4 0.4 0.4 0.10526 0.10526 0.4 0.4 0.4
-9999 -9999 -9999 -9999 -9999 -9999 0 0 0.43243 0.44444 0.4359 0.21429 0.48837 0.33333 0.40909 0.40909 0.3908 0.38372 0.38372 0.3908 0.38372 0.34118 0.33824 0.4359 0.48837 0.29762 0.30952 0.5 0.48837 0.425 0.24138 0 -9999 -9999 0.32941 0.27381 0.29762 0.375 0.51961 0.49505 0.42222 0.40449 0.38202 0.38636 0.375 0.35632 0.34118 0.31765 0.28571 0.27381 0.28571 0.48837 0.48837 0.46341 0.27586 0.25641 0.24138 0.10526 0.4 0.4 0.4 0.4 0.25 0 -9999 0.25 0.10526 0.4 0.4 0.4 0.10526 0.10526 0.25 0.4 0.4
-9999 -9999 -9999 -9999 -9999 -9999 -9999 0 0 0.27586 0.36111 0.51163 0.30952 0.38824 0.42045 0.39773 0.39535 0.33333 0.35294 0.38372 0.40449 0.37647 0.30952 0.28571 0.28571 0.30952 0.32941 0.37209 0.32941 0.29762 0.24324 0 -9999 0 0.46512 0.32941 0.33721 0.38636 0.41573 0.39326 0.39326 0.39326 0.39326 0.38636 0.375 0.36782 0.33721 0.32941 0.32941 0.32941 0.32941 0.30952 0.32941 0.30952 0.46512 0.26829 0.25 0.14286 0.4 0.4 0.4 0.4 0.4 0 -9999 0.25 0.10526 0.4 0.4 0.4 0.10526 0.10526 0.10526 0.4 0.4
-9999 -9999 -9999 -9999 -9999 -9999 -9999 0 0 0.22222 0.31034 0.54545 0.36471 0.38824 0.38824 0.3908 0.3908 0.39773 0.38372 0.39535 0.3908 0.33333 0.35294 0.4359 0.28571 0.33333 0.37931 0.375 0.375 0.375 0.28571 0.4359 0.2069 0.46341 0.28571 0.32941 0.34884 0.37931 0.30952 0 0.43902 0.42222 0.36782 0.36782 0.35632 0.375 0.38636 0.37931 0.47727 0.21429 0.24138 0.46341 0.29762 0.30952 0.27273 0.25641 0.25 0.18182 0.095238 0.4 0.4 0.4 0.4 0 -9999 0.25641 0.1 0.4 0.4 0.4 0.10526 0.10526 0.10526 0.125 0.4
-9999 -9999 -9999 -9999 -9999 -9999 -9999 0 0 0.22222 0.48718 0.30952 0.37647 0.40698 0.44944 0.40909 0.4023 0.3908 0.38372 0.38824 0.33333 0.28571 0.48837 0.48837 0.29762 0.30952 0.34118 0.34118 0.34118 0.375 0.30952 0.29762 0.30952 0.32941 0.32941 0.34884 0.37931 0.38636 0.30952 0 0.16 0.41026 0.30952 0.32941 0.32941 0.34884 0.375 0.32941 0.24138 0 0 0.090909 0.24324 0.41026 0.27027 0.18182 0.13333 0.19048 0.21429 0.2069 0.1 0.125 0.22222 0.13333 -9999 -9999 0.2 0.4 0.4 0.4 0.10526 0.10526 0.10526 0.10526 0.125
-9999 -9999 -9999 -9999 -9999 -9999 -9999 -9999 0 0 0.53488 0.33333 0.38824 0.41379 0.58889 0.40909 0.38824 0.33333 0.32143 0.32143 0.53488 0.4878 0.54545 0.34118 0.28571 0.5 0.5 0.33824 0.5 0.43902 0.28571 0.30952 0.31765 0.34118 0.37931 0.39326 0.39326 0.39326 0.41573 0.32941 0.32941 0.33721 0.30952 0.30952 0.30952 0.30952 0.32941 0.30952 0.425 0.13043 0.090909 0.21429 0.425 0.4359 0.24138 0.18182 0.095238 0.10526 0.20833 0.2069 0.20833 0.10526 0.13333 0.13333 -9999 -9999 0.25 0.4 0.4 0.4 0.25 0.10526 0.10526 0.10526 0.28571
-9999 -9999 -9999 -9999 -9999 -9999 -9999 -9999 0 0 0.32143 0.34118 0.36471 0.4 0.41379 0.39535 0.33333 0.5122 0.35294 0.54545 0.46341 0.41026 0.35135 0.16667 0 0.21429 0.48837 0.28571 0.39655 0.46341 0.28571 0.29762 0.30952 0.34118 0.38636 0.42222 0.41111 0.39326 0.375 0.39326 0.39326 0.39326 0.33721 0.28571 0.41463 0.48837 0.28571 0.28571 0.28571 0.28571 0.48837 0.24138 0.125 0.090909 0.18182 0.125 0.4 0.18182 0.2069 0.2069 0.18182 0.125 0.4 0.125 -9999 -9999 0.28571 0.4 0.4 0.4 0.4 0.10526 0.10526 0.25 0.4
-9999 -9999 -9999 -9999 -9999 -9999 -9999 -9999 -9999 0 0 0.48718 0.44737 0.53488 0.38824 0.39535 0.35294 0.32143 0.28571 0.48837 0.41026 0.21429 0.14815 0.045455 0.16667 0.46341 0.34118 0.37209 0.37931 0.3908 0.34118 0.32941 0.28571 0.28571 0.36782 0.39604 0.41573 0.39326 0.39326 0.40449 0.41111 0.38614 0.32941 0.28571 0.38462 0.27381 0.30952 0.31765 0.30952 0.30952 0.27381 0.27586 0 -9999 0 0 0.18182 0.2069 0.2069 0.21739 0.10526 0.25 0.4 0.25 -9999 0.35714 0.25 0.4 0.4 0.4 0.4 0.10526 0.10526 0.4 0.4
-9999 -9999 -9999 -9999 -9999 -9999 -9999 -9999 -9999 -9999 0 -9999 -9999 0 0.46296 0.4186 0.38824 0.34524 0.28571 0.4359 0.16667 0.13043 0.21429 0.43902 0.28571 0.32941 0.3908 0.38636 0.38636 0.39773 0.38636 0.37209 0.32941 0.5 0.30952 0.38636 0.375 0.375 0.38202 0.39326 0.33721 0.4359 0.48837 0.30952 0.32941 0.32941 0.375 0.38202 0.30952 0.425 0.16667 0.24324 0.46341 0.28571 0.46341 0.5 0.30952 0.41026 0 -9999 -9999 0.4 -9999 -9999 0.21739 0.27778 0.28571 0.4 0.4 0.4 0.4 0.10526 0.25 0.4 0.4
-9999 -9999 -9999 -9999 -9999 -9999 -9999 -9999 -9999 -9999 -9999 0 -9999 0 0.047619 0.30952 0.54545 0.30952 0.32143 0.4359 0 0 0.16667 0.4359 0.33824 0.34118 0.38636 0.37931 0.37209 0.37209 0.32941 0.30952 0.48837 0.48837 0.28571 0.30952 0.30952 0.30952 0.30952 0.28571 0.41463 0 0.27586 0.46341 0.43902 0.30952 0.37931 0.39326 0.34118 0.48837 0.24324 0.46512 0.28571 0.32941 0.30952 0.30952 0.30588 0 -9999 -9999 0.4 -9999 -9999 0.125 0.26087 0.34483 0.4 0.4 0.4 0.4 0.4 0.4 0.4 0.4 0.28571
-9999 -9999 -9999 -9999 -9999 -9999 -9999 -9999 -9999 -9999 -9999 -9999 0 0 0 -9999 0 0.4359 0.32143 0.16667 -9999 0 0.045455 0.27586 0.28571 0.34118 0.37931 0.37209 0.34118 0.30952 0.30952 0.52273 0.4359 0.46512 0.28571 0.28571 0.30952 0.30952 0.46512 0.28571 0.47727 0.41026 0.33333 0.46341 0.47727 0.30952 0.375 0.39326 0.375 0.33721 0.27381 0.30952 0.32941 0.30588 0.46512 0.24138 0 -9999 -9999 -9999 -9999 0.4 0.4 0.125 0.34783 0.53571 0.4 0.4 0.4 0.4 0.4 0.4 0.25 0.28571 0.11765
-9999 -9999 -9999 -9999 -9999 -9999 -9999 -9999 -9999 -9999 -9999 -9999 -9999 -9999 0 0 0 0 0.16667 0 0 0 0.15385 0.46341 0.34118 0.34118 0.35294 0.34118 0.34118 0.36471 0.32941 0.30952 0.5 0.27381 0.30952 0.375 0.37931 0.36782 0.39326 0.33721 0.34118 0.34884 0.34884 0.34884 0.375 0.35632 0.34884 0.32941 0.33721 0.36782 0.375 0.31765 0.30952 0.5 0.090909 0 0.4 0.4 -9999 -9999 0.4 0.4 0.4 0.25 0.30435 0.57143 0.4 0.4 0.4 0.4 0.4 0.125 0.2 0.2 0
-9999 -9999 -9999 -9999 -9999 -9999 -9999 -9999 -9999 -9999 -9999 -9999 -9999 -9999 -9999 0 0 -9999 -9999 -9999 0 0.28571 0.31034 0.46341 0.28571 0.29762 0.30952 0.30952 0.32143 0.32941 0.32941 0.32941 0.30952 0.30952 0.32941 0.34884 0.36782 0.375 0.36782 0.36782 0.34884 0.34118 0.34884 0.375 0.38636 0.34118 0.30952 0.30952 0.33721 0.375 0.37931 0.30952 0.43902 0.125 0 0.25 -9999 -9999 0.125 0.125 0.2 0.31818 0.2 0.2381 0.48 0.55172 0.25 0.4 0.4 0.4 0.28571 0.22727 0.22727 0 0.4
-9999 -9999 -9999 -9999 -9999 -9999 -9999 -9999 -9999 -9999 -9999 -9999 -9999 -9999 -9999 -9999 -9999 0 -9999 -9999 -9999 0.22222 0.16667 0.24138 0.425 0.48837 0.52273 0.28571 0.28571 0.4878 0.28571 0.32941 0.34118 0.28571 0.48837 0.32941 0.32941 0.36782 0.38636 0.34884 0.32941 0.28571 0.33721 0.375 0.36782 0.36782 0.375 0.38636 0.34884 0.34118 0.30952 0.27381 0.48837 0.14815 0.19048 -9999 -9999 0.125 0.19048 0.30435 0.53846 0.51852 0.53846 0.5 0.51852 0.57143 0.57143 0.56522 0.4 0.4 0.22727 0.22727 0.22727 0 -9999
-9999 -9999 -9999 -9999 -9999 -9999 -9999 -9999 -9999 -9999 -9999 -9999 -9999 -9999 -9999 -9999 -9999 -9999 -9999 0 0 -9999 -9999 0 0.31034 0.34211 0.46341 0.51163 0.48718 0.13043 0.41026 0.28571 0.28571 0.34211 0.090909 -9999 0.425 0.31765 0.34884 0.37931 0.375 0.36782 0.375 0.39326 0.44444 0.39326 0.38636 0.33721 0.28571 0.41026 0.21429 0.46341 0.24324 -9999 -9999 -9999 0.10526 0.10526 0.125 0.15789 0.31818 0.51852 0.62963 0.62963 0.62963 0.57143 0.55172 0.57143 0.31818 0.31818 0.31818 0.4 0.28571 -9999 -9999
-9999 -9999 -9999 -9999 -9999 -9999 -9999 -9999 -9999 -9999 -9999 -9999 -9999 -9999 -9999 -9999 -9999 -9999 -9999 -9999 0 0 -9999 -9999 -9999 0 0.13043 0.4878 0.55814 0.045455 0.21429 0.48837 0.48837 0.21429 0 0 0.16667 0.30952 0.36782 0.36047 0.36047 0.34884 0.36782 0.38636 0.38636 0.37931 0.32941 0.29762 0.33333 0.16667 0.4359 0 -9999 -9999 -9999 -9999 0.13333 0.13333 0.25 0.4 0.2 0.52 0.62963 0.62963 0.62963 0.57143 0.57143 0.55172 0.55172 0.53571 0.56522 0.4 0.4 -9999 -9999
-9999 -9999 -9999 -9999 -9999 -9999 -9999 -9999 -9999 -9999 -9999 -9999 -9999 -9999 -9999 -9999 -9999 -9999 -9999 -9999 -9999 -9999 0 -9999 -9999 -9999 -9999 0.16667 0.46154 0.31034 0.27586 0.4359 0.46341 0.35135 0.27586 0.4359 0.48837 0.30952 0.37931 0.37931 0.34884 0.34118 0.36782 0.36047 0.33721 0.28571 0.4359 0 0 0 -9999 -9999 -9999 -9999 -9999 -9999 0.4 0.4 0.25 0.22222 0.25 0.125 0.62963 0.53846 0.48148 0.48148 0.57143 0.53333 0.55172 0.53571 0.5 0.4 -9999 -9999 -9999
-9999 -9999 -9999 -9999 -9999 -9999 -9999 -9999 -9999 -9999 -9999 -9999 -9999 -9999 -9999 -9999 -9999 -9999 -9999 -9999 -9999 -9999 -9999 -9999 -9999 -9999 -9999 -9999 0 0.46154 0.47222 0.27586 0.21429 0.27586 0.31034 0.21429 0.28571 0.38636 0.38636 0.375 0.39326 0.40449 0.37931 0.33721 0.32941 0.28571 0.46512 0.46512 0 -9999 -9999 -9999 -9999 -9999 -9999 -9999 0.4 0.4 0.28571 0.125 0.4 0.4 0.125 0.2381 0.30435 0.5 0.57143 0.47222 0.58621 0.5 0.1 -9999 -9999 -9999 -9999
-9999 -9999 -9999 -9999 -9999 -9999 -9999 -9999 -9999 -9999 -9999 -9999 -9999 -9999 -9999 -9999 -9999 -9999 -9999 -9999 -9999 -9999 -9999 -9999 -9999 -9999 0 0 0 0.48718 0.47222 0.31034 0.21429 0.16667 0.16667 0.16667 0.32353 0.36782 0.46512 0.28571 0.34118 0.39326 0.36782 0.30952 0.27381 0.27381 0.47727 0.46512 -9999 -9999 0 0 0 -9999 -9999 -9999 0.28571 0.125 0.2 0.2 0.2 0.25 0.25 0.2381 0.30435 0.5 0.48148 0.57143 0.57143 0.086957 -9999 -9999 -9999 -9999 -9999
