data/entities/Measures_gates_embank/CaseDifferenceDuration_fraction.asc
ncols         98 
nrows         130 
xllcorner     530385.4375 
yllcorner     504074.10385949 
cellsize      100 
NODATA_value -9999 
[rows 0 to 34 of 130, columns 0 to 79 of 98]
1 1 1 1 1 1 1 1 1 1 1 1 1 1 1 1 1 1 1 1 1 1 1 1 1 1 1 1 1 1 1 1 1 1 1 1 1 1 1 1 1 1 1 1 1 1 1 1 1 1 1 1 1 1 1 1 1 1 1 1 1 1 1 1 1 1 1 1 1 1 1 1 1 1 1 1 1 1 1 1
1 1 1 1 1 1 1 1 1 1 1 1 1 1 1 1 1 1 1 1 1 1 1 1 0 0 0 0 0 0 0 0 0 0 0 0 0 0 0 1 1 1 1 1 1 1 1 1 1 1 1 1 1 1 1 1 1 1 1 1 1 1 1 1 1 1 1 1 1 1 1 1 1 1 1 1 1 1 1 1
1 1 1 1 1 1 1 1 1 1 1 1 1 1 1 1 1 1 1 1 1 1 0 0 0 0.17391 0.17949 0.13636 0.10526 0.13333 0.4 0.33333 0 0 1 1 1 1 1 1 0 0 0 0 0 0 0 1 1 1 1 1 1 1 1 1 1 1 1 1 1 1 1 1 1 1 1 1 1 1 1 1 1 1 1 1 1 1 1 1
1 1 1 1 1 1 1 1 1 1 1 1 1 1 1 1 1 1 1 1 1 1 1 0 0.10526 0.14286 0.10526 0.2 0 0.33333 0.25 0.095238 0.10526 0.4 0.4 0 0 1 1 1 1 1 1 1 1 1 1 1 1 1 1 1 0 0 1 1 1 1 1 1 1 1 1 1 1 1 1 1 1 1 1 1 1 1 1 1 1 1 1 1
1 1 1 1 1 1 1 1 1 1 1 1 1 1 1 1 1 1 1 1 1 1 1 0.25 0.25 0.10526 0.33333 0.33333 0 0 0.13333 0.13636 0.095238 0.4 0 0.66667 0.66667 0.66667 0 1 1 1 1 1 1 1 1 1 1 1 1 1 1 1 1 1 1 1 1 1 1 1 1 1 1 1 1 1 1 1 1 1 1 1 1 1 1 1 1 1
1 1 1 1 1 1 1 1 1 1 1 1 1 1 1 1 1 1 1 1 1 1 1 1 0.33333 0.13333 0.14286 0.10526 0.25 0.25 0.10526 0.13636 0.10526 0.33333 0 0.5 0.42857 0.4375 1 0 1 1 1 1 1 1 1 1 1 1 1 1 1 1 1 1 1 0 0 0 0 0 1 1 1 1 1 1 1 1 1 1 1 1 1 1 1 1 1 1
1 1 1 1 1 1 1 1 1 1 1 1 1 1 1 1 1 1 1 1 1 1 1 1 0.33333 0.14286 0.25 0.17391 0.14286 0.10526 0.14286 0.1 0.25 0 1 0 0.25 1 0.66667 0.5 0 1 1 1 1 1 1 1 1 1 1 1 1 1 1 1 0.15789 0.375 0.17647 0.375 0.28571 0.4 0 0 1 1 1 1 1 1 1 1 1 1 1 1 1 1 1 1
1 1 1 1 1 1 1 1 1 1 1 1 1 1 1 1 1 1 1 1 1 1 1 1 1 0.16667 0.3 0.23077 0.35 0.25641 0.31034 0.13043 0.22222 0 1 1 1 0.4 0 0.5 0 0 0 1 1 1 1 1 1 1 1 1 1 0 1 0.2963 0.30435 0.25 0.66667 0.66667 0.66667 0.25 0.25 1 0 1 1 1 1 1 1 1 1 1 1 1 1 1 1 1
1 1 1 1 1 1 1 1 1 1 1 1 0 1 1 1 1 1 1 1 1 1 1 1 1 0.2069 0.24 0.24324 0.35 0.41463 0.25641 0.24324 0.14286 0.4 0.33333 0 1 1 1 1 0 0 0 0 1 1 1 1 1 0 0 0 1 0.66667 0.15789 0.2963 0.15789 0.66667 1 1 1 0.5 0.1875 0.28571 0.5 1 1 1 1 1 1 1 1 1 1 1 1 1 1 1
1 1 1 1 1 1 1 1 1 1 0 0 0 0 0.095238 1 1 1 1 1 1 1 1 1 1 1 0.1 0.14286 0.13043 0.29032 0.25641 0.3 0.25 0.14286 0.10526 0.13333 0 0 1 1 1 1 1 1 1 1 1 0 0 0 0.5 1 0.5 0.1875 0.15 0.2963 0.1875 0 1 0 1 0.33333 0.13636 0.15 0.1875 0.5 1 0 1 1 1 1 1 1 1 1 1 1 1 1
1 1 1 1 1 1 1 1 1 1 0 0 0.20513 0.095238 0.095238 0 0 1 1 1 1 1 1 1 1 1 1 0 0.13333 0.25 0.24324 0.44186 0.29032 0.25 0.16667 0.17391 0.10526 0 1 1 1 1 1 1 1 1 1 1 0 0 1 1 0.375 0.30769 0.34783 0.31818 0.66667 1 1 1 0.66667 0.13043 0.3 0.25 0.13636 0.15789 0.5 0.66667 1 0 1 1 1 1 1 1 1 1 1 1
1 1 1 1 1 1 1 1 1 1 0 0 0.2069 0.13043 0.095238 0.086957 0.086957 0.1 0 1 1 1 1 1 1 1 1 1 0.33333 0.14286 0.16667 0.3 0.27586 0.24 0.24 0.24 0.13636 0.095238 1 1 1 1 1 1 1 1 1 1 1 1 0 1 0.15789 0.34783 0.30435 0.30435 0.66667 1 1 1 0.5 0.26087 0.31034 0.26087 0.15789 0.375 0.25 0.5 0.66667 1 0.5 1 1 1 1 1 1 1 1 1
1 1 1 1 1 1 1 1 1 0 0 0.095238 0.095238 0.12 0.12 0.090909 0.095238 0.16 0.20513 0.44186 0.32143 0.26506 0.44186 1 1 1 1 0.33333 0.13043 0.16667 0.13043 0.13043 0.13043 0.16667 0.25 0.27586 0.3 0.27586 0.14286 0 1 1 1 1 1 1 1 1 1 1 0 0.66667 0.28571 0.375 0.5 0.5 0.5 1 1 0 1 0.66667 0.33333 0.5 0.375 0.375 0.375 0.375 0.66667 1 1 0 1 1 1 1 1 1 1 1
1 1 1 1 1 1 1 1 1 0 1 0 0 0 0 0.05 0.16 0.225 0.43902 0.26506 0.30952 0.225 0.12 0.1 0 1 1 1 0.29032 0.2069 0.14286 0.10526 0.14286 0.13636 0.16667 0.45238 0.25641 0.29032 0.16667 0.1 0.22222 0.33333 0 0 1 1 1 1 1 1 0.5 1 0.5 0 0 0 1 1 1 1 1 1 1 1 0.5 0.375 0.25 0.1875 0.5 0.66667 1 0.5 1 1 1 1 1 1 1 1
1 1 1 1 1 1 1 1 1 0 0 0 0 0.05 1 0 0.2069 0.41463 0.43902 0.43902 0.3 0 1 0 0 0 0.095238 1 0.29032 0.2069 0.10526 0.33333 0.13333 0.095238 0.13636 0.24 0.27586 0.16667 0.14286 0.10526 0.33333 0 0 1 1 1 1 1 0 0.66667 1 0 1 1 1 1 0.5 1 1 1 1 1 1 1 1 1 0.5 0.25 0.13636 0.375 0.5 0 1 1 1 1 1 1 1 1
1 1 1 1 1 1 1 1 0 0 0.28571 0.3 0.20513 0.20513 0.16 0.16 0.3 0.43902 0.42857 0.43902 0.14286 0 0 0 0 0.16 0.325 1 1 0.2069 0 0 0.33333 0.125 0.13043 0.13636 0.13043 0.13636 0.10526 0.22222 0.33333 0 1 1 1 1 0 0 1 1 1 1 1 1 1 1 1 1 1 1 1 1 1 1 1 1 1 1 0.5 0.5 0.5 1 1 1 1 1 1 1 1 1
1 1 1 1 1 1 1 1 0 0 0.33333 0.29762 0.28571 0.45455 0.225 0.42857 0.45455 0.45455 0.32836 0.29762 0.38095 0.14286 0 0 0 0.095238 0.13043 0.13793 1 0.18919 0 0.4 0.10526 0.10526 0.125 0.14286 0.13043 0.14286 0.10526 0.22222 0.33333 1 1 1 1 1 0 0 1 1 1 1 1 0 0 1 1 1 1 1 1 1 1 1 1 1 1 1 1 0 0.66667 0 1 1 1 1 1 1 1 1
1 1 1 1 1 1 1 1 0 0 0.32143 0.32143 0.29762 0.27381 0.28571 0.42857 0.41463 0.43902 0.36207 0.32143 0.29762 0.16 0 0 0 0.095238 0.13043 0.16 1 1 0.3 0.23684 0.27586 0.25 0.27586 0.3 0.24324 0.13043 0.10526 0.25 0.33333 1 1 1 1 1 0.10526 0.14286 1 1 1 1 0 0.32143 0.10526 0.125 0 1 1 1 1 1 1 1 1 1 1 1 1 1 1 0.5 1 1 1 1 1 1 1 1
1 1 1 1 1 1 1 0 0 0.39024 0.29762 0.28571 0.47727 0.44186 0.41463 0.20513 0.21429 0.16 0.21429 0.4 0.2069 0.13043 0 0 0.095238 0.16 0.13043 0.086957 0.125 1 0.46512 0.3012 0.3 0.27586 0.17391 0.24324 0.43902 0.13043 0.2 0 1 0.13333 0 0 0.125 0 0.18182 0.75362 0.125 0 1 1 0.125 0.29032 0.125 1 0 0 1 1 1 1 1 1 1 1 1 1 1 1 1 1 1 1 1 1 1 1 1 1
1 1 1 1 1 1 1 0 0 0.32353 0.42857 0.21429 0.15385 0.16216 0.14286 0.14286 0.13043 0.095238 0 1 0 0 0.20513 0.20513 0.14286 0.086957 0 0 0.095238 1 0.27711 0.79518 0.28 0.10526 0.10526 0.13636 0.13636 0.22222 1 1 1 1 0 0 1 1 0 0.13333 0.10526 0.10526 0.125 0.125 0.30435 0.375 0.2 1 0 0 0 0 0 0 1 1 1 1 1 1 1 1 1 1 1 1 1 1 1 1 1 1
1 1 1 1 1 1 1 0 0 0.27381 0.43902 0.086957 0.16216 0.20513 0.2 0.21429 0.086957 0 1 1 1 1 0.41463 0.28571 0.14286 0 1 1 0 1 0.45238 0.43902 0.4 0 0.33333 0.10526 0.33333 1 1 1 1 0 0.10526 0.125 0.10526 1 1 1 0 0.2 0.10526 0.13043 0.33333 0.30435 0.13333 0 0.125 0.10526 0.13043 0.17391 0.14286 0.10526 0.125 0 0 1 1 1 1 1 1 1 1 1 1 1 1 1 1 1
1 1 1 1 1 1 0 0 0.42857 0.27381 0.42857 0.39024 0.42857 0.16216 0.45455 0.14286 0.095238 0.090909 1 1 1 1 0.16 0.45455 0.14286 0 1 1 0 1 1 0.23077 0.28 0.4 0 1 1 1 1 1 0 0.10526 0.13636 0.30435 0.33333 0.2 1 1 0 0.125 0.17391 0.17391 0.30435 0.14286 0.11111 0 0 0.14286 0.25 0.54321 0.25 0.25581 0.29167 0.14286 0.125 1 1 1 1 1 1 1 1 1 1 1 1 1 1 1
1 1 1 1 1 1 0 0 0.45455 0.28571 0.43902 0.43902 0.20513 0.13043 1 1 0 0 0.095238 0 0 0.095238 0.21429 0.4 0.4 0.16216 0.17949 0.13043 0.13043 0.20513 1 0.13043 0.14286 0.125 0 1 0 0.25 0.14286 0.125 0.13333 0.10526 0.14286 0.13043 0.29167 0.29167 0.31034 0.26316 0.29167 0.3 0.31034 0.14286 0.10526 0.2 0.13333 0.095238 0.14286 0.29167 0.25641 0.25641 0.3 0.17391 0.25 0.13636 0.14286 0.10526 0 0.10526 0.1 0 0.066667 0 1 1 1 1 1 1 1 1
1 1 1 1 1 1 0 0 0.27381 0.29762 0.43902 0.43902 0.21429 0 0.095238 0 0.12 0.45455 0.42857 0.4 0.43902 0.43902 0.41463 0.43902 0.43902 0.43902 0.43902 0.2069 0.086957 0 0 1 0.13636 0.10526 0.33333 0 0 0 0.11111 0.14286 0.10526 0.10526 0.10526 0.14286 0.29167 0.31034 0.24324 0.3 0.325 0.45 0.3 0.10526 0 1 0 0.13333 0.13636 0.16667 0.25 0.19048 0.13043 0.10526 0.095238 0.14286 0.14286 0.10526 0.10526 0.10526 0.10526 0.10526 0.10526 0.125 0.066667 0.066667 1 1 1 1 1 1
1 1 1 1 1 0 0 0.27381 0.29762 0.29762 0.43902 0.43902 0.21429 0 1 0.45455 0.42857 0.2619 0.45455 0.44186 0.43902 0.42857 0.42857 0.44186 0.42857 0.43902 0.43902 0.14286 0.095238 0 0 1 0.10526 0.25 0 0 1 0 0 0.125 0.125 0.13333 0.10526 0.14286 0.29167 0.31034 0.29032 0.28205 0.325 0.45 0.31034 0.10526 0 1 1 0 0.10526 0.10526 0.10526 0.125 0.2 0 0.066667 0.10526 0.095238 0.13636 0.14286 0.14286 0.14286 0.125 0 0 0 0.095238 0 1 1 1 1 1
1 1 1 1 1 0 0 0.28571 0.32143 0.29762 0.45455 0.42857 0.21429 0 1 0 0.16 0.4 0.44186 0.44186 0.44186 0.44186 0.44186 0.42857 0.42857 0.43902 0.4 0.2069 0.086957 0.05 0 1 1 1 1 0.10526 0.125 0.125 0 0.11111 0.10526 0.13636 0.14286 0.14286 0.13636 0.30435 0.31034 0.47619 0.24324 0.3 0.17391 0.14286 0.10526 1 1 1 0 0 1 1 0 0 0 0.125 0.10526 0.14286 0.14286 0.14286 0.13636 0 1 1 1 0.125 1 1 1 1 1 1
1 1 1 1 1 0 0 0.32143 0.32143 0.30952 0.28571 0.44186 0.15385 0.086957 0.13043 0.21429 0.16216 0.3 0.42857 0.47727 0.28571 0.28571 0.32353 0.37931 0.45455 0.44186 0.45455 0.20513 0.16 0.05 0 1 1 1 1 0.10526 0.125 0.14286 0.325 0.3 0.14286 0.14286 0 0.2 0.10526 0.10526 0.13333 0.2 0.14286 0.29167 0.17391 0.14286 0.10526 0 1 1 1 1 1 1 0 0.125 0.095238 0.095238 0.10526 0.10526 0.095238 0.10526 0.125 0 1 1 1 0.10526 0 1 1 1 1 1
1 1 1 1 0 0 0.29762 0.33333 0.34524 0.32143 0.29762 0.32353 0.42857 0.43902 0.29762 0.28571 0.47727 0.43902 0.43902 0.4 0.37931 0.43902 0.43902 0.45455 0.45455 0.45455 0.44186 0.20513 0.086957 0.086957 1 1 1 1 0 1 0 0.13333 0.10526 0.25 0 1 1 0 0.13333 0 1 1 0 0.29167 0.14286 0 0 0 0 0.13333 0.10526 0 1 1 0 0.10526 0.16667 0.13636 0.13043 0.16667 0.13636 0.14286 0.14286 0.125 0 0 0.2 0.13043 0.13043 0.125 0.125 1 1 1
1 1 1 1 0 0 0.29762 0.34524 0.37647 0.34118 0.32143 0.29762 0.29762 0.32143 0.33333 0.32143 0.37931 0.27381 0.16216 0.086957 1 0.095238 0.21429 0.39024 0.42857 0.42857 0.44186 0.2069 0.095238 1 1 0 0.21429 1 1 0.18182 0.10526 0.10526 0 0 0 1 0 0.066667 0.13043 0 1 1 1 0 1 1 1 1 0 0.14286 0.13043 0.11111 1 1 0 0 0 0.10526 0.14286 0.13043 0.095238 0.10526 0.066667 0.125 0.066667 0 0.10526 0.13043 0.13043 0.10526 0.11111 0 1 1
1 1 1 1 0 0 0.32143 0.32143 0.37931 0.36471 0.32143 0.33333 0.32143 0.34524 0.38372 0.27381 0.16 1 0 0 0.095238 0 0.12 0.43902 0.42857 0.41463 0.41463 0.225 0.17949 0.43902 0.16 0.13043 0.095238 0 1 1 1 0.11111 0.28 0 0 0.10526 0.095238 0.12 0.3 0.10526 1 1 1 1 1 1 1 0.11111 0.14286 0.23684 0.23684 0.14286 0 0 0 0 0 0.11111 0.10526 0.10526 0.125 0 0 0.10526 0.1 0.13043 0.125 0.23333 0.2 0.095238 0.125 0 0 0
1 1 1 0 0 0.30952 0.32143 0.29762 0.43902 0.42857 0.16 0 0.44186 0.32143 0.37647 0.37931 0.095238 0 1 0 1 0 0.095238 0.20513 0.4 0.17949 0.21429 0.3 0.32353 0.35714 0.44186 0.05 0 1 1 1 1 1 1 0 0.11111 0.095238 0.12 0.16216 0.2 0.10526 1 1 1 1 1 1 0 0.14286 0.16667 0.325 0.41463 0.24138 0.13043 0.14286 0.125 0 0 0 0.066667 0.13333 0 0 0.066667 0.1 0.10526 0.095238 0.13043 0.2 0.19231 0.10526 0 0 0 0
1 1 1 0 0 0.32143 0.32143 0.5 1 0 0 0 0.41463 0.29762 0.37647 0.28571 0.2069 1 0 0 1 0 0.095238 0.39024 0.20513 0.125 0.086957 0.12 0.4 0.32143 0.2069 1 1 1 1 1 1 1 1 0 0.1 0.14286 0.17949 0.2069 0.41463 0.2 1 1 1 1 1 1 0 0 0.066667 0.16667 0.24138 0.25 0.14286 0.13043 0.11111 0 1 0 0.125 0.10526 0.125 0 0.10526 0.10526 0.125 0 0.11111 0.10526 0.125 1 1 1 1 0
1 1 1 0 0 0.32143 0.29762 0.16216 1 0 0.047619 0.086957 0.42857 0.32143 0.38372 0.35294 0.27381 0.29762 0.21429 0.095238 1 0 0.16 0.44186 0.086957 0 1 0 0 0.21429 0.095238 1 1 1 1 1 1 1 1 0.052632 0.12 0.42857 0.16216 0.13043 0 0 1 1 1 1 1 1 0 0 1 0 0 0.125 0.095238 0.14286 0.10526 0.125 0 0 0 0 0 0 0 0 1 1 0 0 1 1 1 1 1 1
1 1 0 0 0.32143 0.32143 0.32353 0.086957 0.16 0.42857 0.2619 0.35294 0.33333 0.36471 0.38636 0.3908 0.36471 0.34524 0.47727 0.21429 0 0.12 0.095238 0 1 1 0 1 0 1 0 0 0 1 1 1 1 1 1 1 0.086957 0.16216 0.16216 0.12 0.12 0 1 1 1 1 1 1 1 0 1 1 1 1 0 0.14286 0.13636 0.13636 0.095238 0 0 1 0 0 0 1 1 1 1 0 1 1 1 1 1 1
1 1 0 0 0.34524 0.29762 0.43902 0.086957 0.29762 0.32143 0.38372 0.41573 0.39326 0.38636 0.37931 0.36471 0.32143 0.29762 0.27381 0.47727 0.34524 0.2069 0 1 1 1 1 1 1 0 0 0 0 1 1 1 1 1 1 1 1 0.41463 0.43902 0.41463 0.41463 0.086957 0 0 0 1 1 1 1 0 1 1 1 1 1 0.125 0.1 0.14286 0.13043 0.10526 0 0 0 0 0 1 1 1 0 0 0 1 1 1 1 1
