data/entities/Measures_gates_embank/CaseDifferenceDepth_m.asc
ncols         98 
nrows         130 
xllcorner     530385.4375 
yllcorner     504074.10385949 
cellsize      100 
NODATA_value -9999 
[rows 60 to 89 of 130, columns 0 to 68 of 98]
-9999 -1.0667 -0.2329 -0.2328 -0.2328 -0.2329 -0.2329 -0.233 -0.2329 -0.2329 -0.2328 -0.2328 -0.2328 -0.2328 -0.2328 -0.2329 -0.2328 -0.2328 -0.2329 -0.2331 -0.2331 -0.2332 -0.2331 -0.2331 -0.233 -0.2331 -0.2331 -0.2328 -0.2325 -0.2323 -0.2323 -0.2323 -0.2326 -0.2322 -0.2318 -0.2316 -0.2314 -0.2314 -0.2313 -0.231 -0.1909 -0.05 -0.1473 -0.2308 -0.2307 -0.2305 -0.2306 -0.2305 -0.2305 -0.2306 -0.2305 -0.2306 -0.116 -0.05 -0.0507 -0.1336 -0.2292 -0.229 -0.19811 -0.05 -0.24031 -0.24021 -0.24011 -0.24021 -0.24011 -0.24021 -0.25101 -0.26662 -0.247
-9999 -1.0133 -0.2329 -0.2329 -0.2328 -0.2328 -0.2328 -0.2327 -0.2327 -0.2327 -0.2327 -0.2326 -0.2327 -0.2327 -0.2327 -0.2326 -0.2326 -0.2326 -0.2325 -0.2326 -0.05 -0.1603 -0.2327 -0.2328 -0.2329 -0.2329 -0.2329 -0.2331 -0.1324 -0.05 -0.0501 -0.0906 -0.0501 -0.2314 -0.2313 -0.1807 -0.2312 -0.2311 -0.05 -0.0785 -0.0804 -0.2304 -0.2304 -0.2305 -0.2306 -0.2306 -0.2306 -0.2306 -0.2305 -0.2305 -0.2305 -0.2305 -0.0855 -0.05 -0.0501 -0.1527 -0.2288 -0.2288 -0.2288 -0.05 -0.05 -0.24001 -0.24011 -0.24011 -0.24011 -0.24021 -0.25061 -0.26592 -0.25
-9999 -0.9693 -0.2327 -0.2327 -0.2327 -0.2326 -0.2326 -0.2326 -0.2326 -0.2326 -0.2327 -0.2327 -0.2327 -0.2327 -0.2327 -0.2327 -0.2327 -0.2326 -0.2325 -0.2322 -0.2318 -0.2318 -0.2321 -0.2324 -0.2324 -0.2323 -0.1583 -0.1989 -0.05 -0.05 -0.05 -0.1871 -0.2304 -0.2303 -0.2302 -0.23 -0.23 -0.2298 -0.2297 -0.2298 -0.2301 -0.2304 -0.2303 -0.2305 -0.2305 -0.2305 -0.2305 -0.2304 -0.2305 -0.2305 -0.2305 -0.2306 -0.0501 -0.0506 -0.0813 -0.2286 -0.2286 -0.2287 -0.2286 -0.2287 -0.05 -0.24001 -0.24001 -0.23991 -0.24001 -0.23991 -0.25171 -0.26422 -0.2342
-9999 -0.9743 -0.2327 -0.2326 -0.2325 -0.2326 -0.2325 -0.2326 -0.2326 -0.2326 -0.2327 -0.2326 -0.2326 -0.2326 -0.2327 -0.2327 -0.2326 -0.2325 -0.2323 -0.2318 -0.2317 -0.2317 -0.2316 -0.2318 -0.2316 -0.2312 -0.2307 -0.2307 -0.2307 -0.2306 -0.2305 -0.2304 -0.2304 -0.2302 -0.23 -0.2299 -0.2298 -0.2298 -0.2297 -0.1978 -0.2164 -0.2299 -0.2299 -0.23 -0.2284 -0.2101 -0.2302 -0.2303 -0.2303 -0.2303 -0.2302 -0.1802 -0.05 -0.05 -0.1946 -0.2287 -0.2286 -0.2286 -0.2287 -0.19651 -0.05 -0.23991 -0.23971 -0.23981 -0.23981 -0.23981 -0.25256 -0.26032 -0.2187
-9999 -1.0396 -0.96 -0.2326 -0.2325 -0.2325 -0.2325 -0.2325 -0.2325 -0.2326 -0.2326 -0.2326 -0.2326 -0.2327 -0.2327 -0.2326 -0.2327 -0.2325 -0.232 -0.2317 -0.2316 -0.2315 -0.2314 -0.2314 -0.231 -0.2309 -0.2308 -0.2307 -0.2307 -0.2306 -0.2305 -0.2304 -0.2303 -0.2302 -0.23 -0.23 -0.2299 -0.2298 -0.2298 -0.2297 -0.2296 -0.2295 -0.2294 -0.2293 -0.1378 -0.2217 -0.2298 -0.2298 -0.2298 -0.2299 -0.2299 -0.2297 -0.0627 -0.0501 -0.2287 -0.2287 -0.2287 -0.2287 -0.2287 -0.19641 -0.05 -0.05 -0.23951 -0.23951 -0.23961 -0.23951 -0.25256 -0.26312 -0.2149
-9999 -1.0463 -1.0137 -0.2325 -0.2325 -0.2324 -0.2324 -0.2325 -0.2325 -0.2325 -0.2325 -0.2325 -0.2325 -0.2326 -0.2327 -0.2326 -0.2325 -0.2322 -0.2317 -0.2315 -0.2314 -0.2313 -0.2312 -0.2311 -0.231 -0.2309 -0.2308 -0.2308 -0.2307 -0.2306 -0.2305 -0.2304 -0.2302 -0.2302 -0.2301 -0.23 -0.2299 -0.2299 -0.2298 -0.2297 -0.2297 -0.2296 -0.2294 -0.2295 -0.1888 -0.2293 -0.2293 -0.2294 -0.2294 -0.2296 -0.2296 -0.2294 -0.2291 -0.2289 -0.2288 -0.2287 -0.2287 -0.2287 -0.19651 -0.19651 -0.19651 -0.05 -0.23921 -0.23911 -0.23931 -0.23911 -0.25366 -0.2704 -0.1803
-9999 -1.0606 -1.0184 -0.2325 -0.2325 -0.2325 -0.2324 -0.2324 -0.2325 -0.2324 -0.2324 -0.2323 -0.2323 -0.2324 -0.2321 -0.2322 -0.2318 -0.2316 -0.2315 -0.2315 -0.2314 -0.2313 -0.2313 -0.2311 -0.231 -0.2309 -0.2309 -0.2308 -0.2307 -0.2306 -0.2305 -0.2304 -0.2303 -0.2303 -0.2301 -0.2302 -0.2301 -0.2299 -0.2299 -0.2299 -0.2298 -0.058 -0.2279 -0.2295 -0.2294 -0.2294 -0.2293 -0.2293 -0.2292 -0.2292 -0.0501 -0.2292 -0.2291 -0.2289 -0.2288 -0.2288 -0.2288 -0.2288 -0.19651 -0.19651 -0.19641 -0.05 -0.23891 -0.23851 -0.23831 -0.23881 -0.27654 -0.1493 -0.0553
-9999 -9999 -1.0034 -1.0008 -0.2324 -0.2324 -0.2325 -0.2325 -0.2325 -0.2324 -0.2323 -0.2322 -0.2321 -0.2321 -0.232 -0.2319 -0.2317 -0.2317 -0.2316 -0.2316 -0.2315 -0.2314 -0.2313 -0.2312 -0.2311 -0.231 -0.2309 -0.2308 -0.2307 -0.2306 -0.2305 -0.2304 -0.2303 -0.2302 -0.2302 -0.2302 -0.2301 -0.2301 -0.23 -0.2299 -0.2298 -0.2298 -0.2295 -0.2295 -0.2295 -0.2294 -0.2294 -0.2292 -0.2293 -0.2293 -0.2292 -0.2291 -0.2095 -0.1645 -0.2288 -0.2289 -0.2288 -0.2288 -0.19641 -0.19651 -0.19651 -0.05 -0.23851 -0.23701 -0.23691 -0.23801 -0.2701 -0.05 -0.05
-9999 -9999 -1.01 -0.9832 -0.2325 -0.2325 -0.2325 -0.2325 -0.2325 -0.2324 -0.2323 -0.2322 -0.2321 -0.2321 -0.2319 -0.2319 -0.2318 -0.2318 -0.2317 -0.2316 -0.2316 -0.2314 -0.2314 -0.2313 -0.2311 -0.2311 -0.231 -0.2308 -0.2307 -0.2306 -0.2305 -0.2304 -0.2304 -0.2303 -0.2303 -0.2303 -0.2301 -0.23 -0.23 -0.2299 -0.2298 -0.2298 -0.2296 -0.2296 -0.2295 -0.2294 -0.2294 -0.2293 -0.2293 -0.2293 -0.2293 -0.2292 -0.05 -0.05 -0.1625 -0.2289 -0.2289 -0.2289 -0.19641 -0.19651 -0.19641 -0.05 -0.05 -0.23421 -0.23391 -0.23701 -0.2413 -0.05 -0.05
-9999 -9999 -1.0525 -0.9578 -0.2325 -0.2325 -0.2325 -0.2325 -0.2325 -0.2324 -0.2324 -0.2323 -0.2322 -0.2321 -0.232 -0.2319 -0.2319 -0.2318 -0.2318 -0.2317 -0.2317 -0.2315 -0.2315 -0.2314 -0.2312 -0.2312 -0.2311 -0.231 -0.2308 -0.2306 -0.2305 -0.2304 -0.2304 -0.2304 -0.2304 -0.2302 -0.2302 -0.2301 -0.2301 -0.23 -0.2299 -0.2298 -0.2298 -0.2297 -0.2296 -0.2295 -0.2294 -0.2294 -0.2294 -0.2293 -0.2293 -0.2293 -0.0668 -0.0501 -0.229 -0.229 -0.229 -0.2289 -0.19651 -0.19651 -0.19651 -0.05 -0.05 -0.22991 -0.23011 -0.23581 -0.2247 -0.05 -0.05
-9999 -9999 -9999 -0.954 -0.9411 -0.2325 -0.2325 -0.2325 -0.2325 -0.2325 -0.2324 -0.2324 -0.2322 -0.2321 -0.2321 -0.232 -0.232 -0.2319 -0.2319 -0.2318 -0.2317 -0.2317 -0.2316 -0.2315 -0.2314 -0.2313 -0.2312 -0.231 -0.2308 -0.2306 -0.2306 -0.2305 -0.2305 -0.2305 -0.2304 -0.2303 -0.2302 -0.2302 -0.2301 -0.23 -0.23 -0.2299 -0.2298 -0.2298 -0.2297 -0.2296 -0.2295 -0.2295 -0.2294 -0.2294 -0.2293 -0.2293 -0.2293 -0.2292 -0.2292 -0.229 -0.2291 -0.229 -0.229 -0.19641 -0.19641 -0.05 -0.05 -0.22161 -0.22531 -0.24336 -0.2255 -0.05 -0.05
-9999 -9999 -9999 -0.9876 -0.91 -0.2326 -0.2326 -0.2326 -0.2326 -0.2325 -0.2325 -0.2324 -0.2322 -0.2322 -0.2322 -0.2322 -0.2321 -0.232 -0.2319 -0.2319 -0.2318 -0.2318 -0.2316 -0.2316 -0.2315 -0.2314 -0.2312 -0.231 -0.2309 -0.2308 -0.2308 -0.2306 -0.2306 -0.2305 -0.2305 -0.2304 -0.2302 -0.2302 -0.2301 -0.2301 -0.23 -0.23 -0.2299 -0.2299 -0.2297 -0.2297 -0.2296 -0.2295 -0.2294 -0.2294 -0.2294 -0.2293 -0.2293 -0.2293 -0.2292 -0.2291 -0.2291 -0.2291 -0.229 -0.2289 -0.229 -0.05 -0.05 -0.22151 -0.22261 -0.24306 -0.2418 -0.0501 -0.05
-9999 -9999 -9999 -1.0451 -0.89 -0.2327 -0.2327 -0.2327 -0.2327 -0.2326 -0.2326 -0.2325 -0.2324 -0.2323 -0.2323 -0.2323 -0.2322 -0.2321 -0.2321 -0.232 -0.2319 -0.2319 -0.2318 -0.2317 -0.2316 -0.2314 -0.2313 -0.2313 -0.2311 -0.2311 -0.2309 -0.2309 -0.2308 -0.2306 -0.2306 -0.2305 -0.2304 -0.2303 -0.2303 -0.2301 -0.2301 -0.23 -0.23 -0.2299 -0.2299 -0.2298 -0.2297 -0.2296 -0.2296 -0.2295 -0.2294 -0.2293 -0.2293 -0.2293 -0.2292 -0.2291 -0.2291 -0.2291 -0.2291 -0.2291 -0.229 -0.05 -0.05 -0.22111 -0.22111 -0.23896 -0.2737 -0.0577 -0.05
-9999 -9999 -9999 -9999 -0.9124 -0.8583 -0.2327 -0.2327 -0.2327 -0.2327 -0.2327 -0.2326 -0.2325 -0.2325 -0.2324 -0.2324 -0.2323 -0.2322 -0.2321 -0.2321 -0.232 -0.2319 -0.2319 -0.2317 -0.2316 -0.2314 -0.2315 -0.2314 -0.2313 -0.2312 -0.2311 -0.2309 -0.2308 -0.2308 -0.2306 -0.2306 -0.2304 -0.2304 -0.2304 -0.2303 -0.2302 -0.2301 -0.2301 -0.23 -0.2299 -0.2299 -0.2297 -0.2297 -0.2296 -0.2296 -0.2295 -0.2295 -0.2294 -0.2293 -0.2293 -0.2292 -0.2291 -0.2291 -0.2291 -0.229 -0.229 -0.05 -0.05 -0.22061 -0.22031 -0.22591 -0.2839 -0.1091 -0.05
-9999 -9999 -9999 -9999 -0.9646 -0.8224 -0.2328 -0.2328 -0.2328 -0.2328 -0.2328 -0.2328 -0.2327 -0.2326 -0.2327 -0.2325 -0.2325 -0.2324 -0.2323 -0.2322 -0.2321 -0.2321 -0.2319 -0.2318 -0.2317 -0.2316 -0.2316 -0.2315 -0.2313 -0.2312 -0.2311 -0.2311 -0.2309 -0.2308 -0.2308 -0.2306 -0.2306 -0.2305 -0.2304 -0.2303 -0.2303 -0.2302 -0.2301 -0.2301 -0.23 -0.2299 -0.2298 -0.2297 -0.2296 -0.2296 -0.2295 -0.2294 -0.2295 -0.2293 -0.2293 -0.2292 -0.2292 -0.2291 -0.2291 -0.2291 -0.229 -0.19651 -0.05 -0.22011 -0.21971 -0.22051 -0.26542 -0.1425 -0.0501
-9999 -9999 -9999 -9999 -1.038 -0.8218 -0.233 -0.233 -0.2329 -0.2329 -0.2329 -0.2329 -0.2329 -0.2329 -0.2328 -0.2327 -0.2327 -0.2327 -0.2325 -0.2324 -0.2322 -0.2322 -0.232 -0.2319 -0.2318 -0.2318 -0.2317 -0.2316 -0.2315 -0.2313 -0.2312 -0.2311 -0.231 -0.2309 -0.2309 -0.2308 -0.2306 -0.2306 -0.2305 -0.2305 -0.2304 -0.2303 -0.2302 -0.2301 -0.2301 -0.23 -0.2299 -0.2299 -0.2297 -0.2297 -0.2295 -0.2295 -0.2295 -0.2294 -0.2294 -0.2293 -0.2292 -0.2292 -0.2291 -0.19651 -0.19661 -0.19651 -0.05 -0.21971 -0.21901 -0.21941 -0.26356 -0.1314 -0.0501
-9999 -9999 -9999 -9999 -9999 -0.8637 -0.7569 -0.2331 -0.2331 -0.2331 -0.2331 -0.2331 -0.233 -0.2331 -0.233 -0.233 -0.2329 -0.2328 -0.2327 -0.2326 -0.2325 -0.2323 -0.2321 -0.232 -0.232 -0.2319 -0.2318 -0.2317 -0.2316 -0.2314 -0.2313 -0.2312 -0.2311 -0.231 -0.2309 -0.2308 -0.2307 -0.2306 -0.2306 -0.2305 -0.2304 -0.2303 -0.2303 -0.2302 -0.2301 -0.23 -0.23 -0.2299 -0.2298 -0.2297 -0.2297 -0.2295 -0.2295 -0.2295 -0.2295 -0.2293 -0.2293 -0.2293 -0.19701 -0.19821 -0.19921 -0.20111 -0.05 -0.21981 -0.21801 -0.21931 -0.27603 -0.0764 -0.05
-9999 -9999 -9999 -9999 -9999 -0.936 -0.7224 -0.2333 -0.2333 -0.2333 -0.2333 -0.2332 -0.2333 -0.2332 -0.2332 -0.2331 -0.2331 -0.233 -0.2329 -0.2328 -0.2327 -0.2326 -0.2323 -0.2322 -0.2322 -0.2321 -0.232 -0.2318 -0.2317 -0.2316 -0.2314 -0.2313 -0.2312 -0.2311 -0.231 -0.2309 -0.2308 -0.2307 -0.2306 -0.2306 -0.2306 -0.2304 -0.2304 -0.2303 -0.2303 -0.2302 -0.23 -0.2299 -0.2299 -0.2298 -0.2298 -0.2297 -0.2296 -0.2295 -0.2295 -0.2294 -0.2294 -0.19831 -0.2415 -0.2174 -0.2236 -0.2337 -0.05 -0.05 -0.22131 -0.22141 -0.27222 -0.0504 -0.05
-9999 -9999 -9999 -9999 -9999 -1.0305 -0.7319 -0.2336 -0.2334 -0.2336 -0.2335 -0.2335 -0.2335 -0.2335 -0.2334 -0.2333 -0.2333 -0.2333 -0.2332 -0.233 -0.2328 -0.2327 -0.2326 -0.2324 -0.2324 -0.2322 -0.2321 -0.232 -0.2318 -0.2316 -0.2316 -0.2314 -0.2312 -0.2311 -0.231 -0.2309 -0.2309 -0.2308 -0.2308 -0.2306 -0.2307 -0.2306 -0.2304 -0.2304 -0.2303 -0.2302 -0.2301 -0.2301 -0.23 -0.2299 -0.2298 -0.2297 -0.2297 -0.2296 -0.2295 -0.2295 -0.19671 -0.25117 -0.0893 -0.0501 -0.0558 -0.096 -0.1556 -0.05 -0.22511 -0.22341 -0.2805 -0.0501 -0.05
-9999 -9999 -9999 -9999 -9999 -9999 -0.7958 -0.6385 -0.1709 -0.234 -0.2339 -0.2338 -0.2339 -0.2338 -0.2337 -0.2336 -0.2336 -0.2335 -0.2333 -0.2332 -0.2331 -0.2329 -0.2328 -0.2326 -0.2326 -0.2324 -0.2323 -0.2322 -0.2321 -0.2318 -0.2317 -0.2314 -0.2313 -0.2312 -0.2312 -0.2311 -0.231 -0.2309 -0.2308 -0.2308 -0.2307 -0.2306 -0.2306 -0.2305 -0.2304 -0.2304 -0.2302 -0.2301 -0.2301 -0.23 -0.2299 -0.2298 -0.2297 -0.2297 -0.2296 -0.2296 -0.24627 -0.2412 -0.0586 -0.05 -0.0501 -0.05 -0.1616 -0.05 -0.23411 -0.22431 -0.2786 -0.0501 -0.05
-9999 -9999 -9999 -9999 -9999 -9999 -0.8964 -0.6341 -0.2346 -0.2346 -0.2344 -0.2343 -0.2342 -0.2341 -0.234 -0.2339 -0.2339 -0.2337 -0.2336 -0.2334 -0.2333 -0.2332 -0.233 -0.2329 -0.2328 -0.2326 -0.2325 -0.2324 -0.2323 -0.2322 -0.232 -0.2318 -0.2314 -0.2313 -0.2313 -0.2312 -0.2311 -0.2311 -0.231 -0.2309 -0.2308 -0.2307 -0.2306 -0.2306 -0.2305 -0.2304 -0.2304 -0.2303 -0.2302 -0.23 -0.23 -0.2299 -0.2298 -0.2298 -0.2298 -0.23406 -0.20546 -0.2475 -0.0575 -0.0497 -0.05 -0.0651 -0.1662 -0.05 -0.05 -0.22441 -0.26692 -0.05 -0.05
-9999 -9999 -9999 -9999 -9999 -9999 -1.0228 -0.6223 -0.235 -0.235 -0.2349 -0.2348 -0.2346 -0.2344 -0.2344 -0.2343 -0.2341 -0.234 -0.2338 -0.2336 -0.2335 -0.2333 -0.2333 -0.2331 -0.2329 -0.2328 -0.2327 -0.2325 -0.2325 -0.2324 -0.2324 -0.2322 -0.1209 -0.2312 -0.2315 -0.2315 -0.2313 -0.2312 -0.2311 -0.2311 -0.2309 -0.2308 -0.2308 -0.2307 -0.2306 -0.2306 -0.2304 -0.2303 -0.2302 -0.2302 -0.2301 -0.23 -0.2299 -0.2299 -0.2298 -0.19661 -0.19791 -0.2423 -0.05 -0.05 -0.0512 -0.0689 -0.1247 -0.2884 -0.05 -0.22381 -0.26182 -0.05 -0.05
-9999 -9999 -9999 -9999 -9999 -9999 -9999 -0.6971 -0.6716 -0.2355 -0.2353 -0.2352 -0.2351 -0.2349 -0.2347 -0.2345 -0.2344 -0.2342 -0.234 -0.2338 -0.2337 -0.2337 -0.2335 -0.2333 -0.2331 -0.233 -0.2329 -0.2327 -0.2327 -0.2326 -0.2325 -0.2325 -0.0685 -0.2319 -0.2317 -0.2316 -0.2315 -0.2314 -0.2313 -0.2311 -0.2311 -0.2309 -0.2308 -0.2308 -0.2307 -0.2306 -0.2306 -0.2304 -0.2303 -0.2302 -0.2301 -0.2301 -0.23 -0.2299 -0.2299 -0.19641 -0.19811 -0.24307 -0.102 -0.05 -0.05 -0.0509 -0.0946 -0.2632 -0.05 -0.22311 -0.25762 -0.05 -0.05
-9999 -9999 -9999 -9999 -9999 -9999 -9999 -0.836 -0.627 -0.236 -0.2359 -0.2357 -0.2355 -0.2353 -0.235 -0.2349 -0.2346 -0.2345 -0.2342 -0.2341 -0.2339 -0.2339 -0.2336 -0.2335 -0.2333 -0.2331 -0.233 -0.2329 -0.2328 -0.2327 -0.2326 -0.2326 -0.2325 -0.2322 -0.232 -0.2319 -0.2317 -0.2316 -0.2315 -0.2313 -0.2311 -0.2311 -0.231 -0.2309 -0.2308 -0.2307 -0.2307 -0.2306 -0.2305 -0.2303 -0.2303 -0.2301 -0.2301 -0.23 -0.19641 -0.19651 -0.20886 -0.22506 -0.23947 -0.0501 -0.05 -0.0741 -0.0947 -0.2183 -0.05 -0.22241 -0.23362 -0.05 -0.05
-9999 -9999 -9999 -9999 -9999 -9999 -9999 -1.009 -0.602 -0.2366 -0.2364 -0.2362 -0.2359 -0.2357 -0.2354 -0.2352 -0.235 -0.2347 -0.2346 -0.2343 -0.2342 -0.2341 -0.2338 -0.2337 -0.2335 -0.2333 -0.2333 -0.2331 -0.233 -0.2329 -0.2328 -0.2327 -0.2325 -0.2324 -0.2322 -0.2321 -0.2319 -0.2317 -0.2317 -0.2315 -0.2314 -0.2312 -0.2311 -0.231 -0.2309 -0.2308 -0.2308 -0.2307 -0.2306 -0.2305 -0.2303 -0.2302 -0.2302 -0.2301 -0.19671 -0.24796 -0.1705 -0.24666 -0.21706 -0.21686 -0.23847 -0.17725 -0.1376 -0.1567 -0.05 -0.05 -0.23936 -0.0501 -0.05
-9999 -9999 -9999 -9999 -9999 -9999 -9999 -9999 -0.5237 -0.7572 -0.2372 -0.2368 -0.2363 -0.236 -0.2357 -0.2355 -0.2352 -0.235 -0.2347 -0.2347 -0.2345 -0.2342 -0.234 -0.2338 -0.2337 -0.2335 -0.2334 -0.2333 -0.2332 -0.233 -0.233 -0.2328 -0.2326 -0.2325 -0.2323 -0.2322 -0.2321 -0.2319 -0.2318 -0.2317 -0.2315 -0.2314 -0.2313 -0.2311 -0.231 -0.2309 -0.2308 -0.2308 -0.2307 -0.2306 -0.2305 -0.2303 -0.2303 -0.2302 -0.19701 -0.22826 -0.24037 -0.2418 -0.21696 -0.21666 -0.21676 -0.25025 -0.1405 -0.152 -0.05 -0.05 -0.15065 -0.05 -0.05
-9999 -9999 -9999 -9999 -9999 -9999 -9999 -9999 -0.7682 -0.932 -0.238 -0.2373 -0.2367 -0.2364 -0.2361 -0.2359 -0.2356 -0.2353 -0.235 -0.2349 -0.2347 -0.2345 -0.2343 -0.2341 -0.2339 -0.2337 -0.2337 -0.2335 -0.2333 -0.2332 -0.2331 -0.233 -0.2328 -0.2326 -0.2324 -0.2323 -0.2322 -0.2321 -0.232 -0.2318 -0.2316 -0.2315 -0.2314 -0.2313 -0.2312 -0.2311 -0.231 -0.2309 -0.2308 -0.2307 -0.2307 -0.2305 -0.2304 -0.2303 -0.23696 -0.2112 -0.0819 -0.23116 -0.21556 -0.21656 -0.22126 -0.21415 -0.0863 -0.1496 -0.05 -0.05 -0.13305 -0.05 -0.05
-9999 -9999 -9999 -9999 -9999 -9999 -9999 -9999 -9999 -0.9866 -0.8626 -0.2378 -0.237 -0.2367 -0.2364 -0.2362 -0.2359 -0.2356 -0.2354 -0.2351 -0.2348 -0.2346 -0.2345 -0.2343 -0.2341 -0.2339 -0.2339 -0.2337 -0.2336 -0.2334 -0.2333 -0.2331 -0.2329 -0.2327 -0.2326 -0.2325 -0.2323 -0.2322 -0.232 -0.232 -0.2318 -0.2317 -0.2315 -0.2315 -0.2313 -0.2312 -0.2311 -0.231 -0.2309 -0.2309 -0.2307 -0.2306 -0.2305 -0.2285 -0.2303 -0.2303 -0.22956 -0.21466 -0.21576 -0.21726 -0.23962 -0.1559 -0.05 -0.16125 -0.05 -0.26601 -0.17965 -0.05 -0.05
-9999 -9999 -9999 -9999 -9999 -9999 -9999 -9999 -9999 -9999 -0.5519 -0.2079 -0.2197 -0.237 -0.2368 -0.2364 -0.2361 -0.2358 -0.2357 -0.2354 -0.2351 -0.2349 -0.2346 -0.2345 -0.2344 -0.2342 -0.234 -0.2339 -0.2338 -0.2336 -0.2335 -0.2333 -0.2331 -0.2329 -0.2327 -0.2326 -0.2324 -0.2324 -0.2321 -0.2321 -0.2319 -0.2318 -0.2316 -0.2315 -0.2314 -0.2313 -0.2312 -0.2311 -0.231 -0.2309 -0.2308 -0.2307 -0.2306 -0.2306 -0.2304 -0.2304 -0.2302 -0.2299 -0.2294 -0.2304 -0.1553 -0.0691 -0.05 -0.05 -0.15942 -0.24641 -0.11015 -0.05 -0.05
-9999 -9999 -9999 -9999 -9999 -9999 -9999 -9999 -9999 -9999 -9999 -0.6849 -0.2441 -0.3342 -0.2382 -0.2367 -0.2363 -0.2361 -0.2359 -0.2356 -0.2353 -0.235 -0.2348 -0.2347 -0.2345 -0.2344 -0.2342 -0.2341 -0.234 -0.2338 -0.2336 -0.2335 -0.2333 -0.2331 -0.2329 -0.2328 -0.2327 -0.2325 -0.2324 -0.2322 -0.2321 -0.2319 -0.2318 -0.2317 -0.2315 -0.2315 -0.2313 -0.2313 -0.2312 -0.2311 -0.2309 -0.2308 -0.2307 -0.2306 -0.2305 -0.2304 -0.2303 -0.2302 -0.0501 -0.0501 -0.0502 -0.05 -0.05 -0.22695 -0.15642 -0.23951 -0.0512 -0.05 -0.05
