data/entities/Measures_gates_embank/CaseDifferenceDepth_m.asc
ncols         98 
nrows         130 
xllcorner     530385.4375 
yllcorner     504074.10385949 
cellsize      100 
NODATA_value -9999 
[rows 62 to 92 of 130, columns 0 to 67 of 98]
-9999 -0.9443 -0.2204 -0.2211 -0.2227 -0.224 -0.2241 -0.224 -0.2237 -0.2234 -0.2232 -0.2228 -0.2225 -0.2222 -0.222 -0.2219 -0.2219 -0.2222 -0.2238 -0.2253 -0.2314 -0.2307 -0.2264 -0.2202 -0.2203 -0.2213 -0.1333 -0.1739 -0.025 -0.025 -0.025 -0.1621 -0.2333 -0.233 -0.2356 -0.2378 -0.2378 -0.2376 -0.2375 -0.233 -0.2165 -0.2127 -0.2178 -0.2179 -0.2179 -0.2179 -0.2184 -0.2188 -0.219 -0.2191 -0.2191 -0.2151 -0.0251 -0.0256 -0.0563 -0.2363 -0.2363 -0.2364 -0.2363 -0.2364 -0.025 -0.23411 -0.23411 -0.23401 -0.23411 -0.23401 -0.24581 -0.25522
-9999 -0.9493 -0.2213 -0.2231 -0.2243 -0.2251 -0.2252 -0.2253 -0.2251 -0.2248 -0.2243 -0.2236 -0.223 -0.2226 -0.2224 -0.2223 -0.2223 -0.2229 -0.2261 -0.2313 -0.2331 -0.2336 -0.2323 -0.2261 -0.23 -0.2342 -0.2384 -0.2384 -0.2384 -0.2383 -0.2371 -0.2373 -0.2355 -0.2366 -0.2377 -0.2376 -0.2375 -0.2375 -0.2374 -0.1728 -0.1914 -0.2129 -0.2204 -0.2191 -0.2043 -0.1851 -0.2212 -0.2221 -0.2214 -0.2208 -0.2209 -0.1552 -0.025 -0.025 -0.1696 -0.2364 -0.2363 -0.2363 -0.2364 -0.19001 -0.025 -0.23401 -0.23381 -0.23391 -0.23391 -0.23391 -0.24691 -0.25142
-9999 -1.0146 -0.935 -0.2262 -0.2262 -0.2264 -0.2266 -0.2266 -0.2265 -0.2262 -0.2255 -0.2246 -0.2237 -0.2232 -0.2227 -0.2224 -0.2227 -0.2237 -0.2291 -0.2338 -0.2348 -0.2351 -0.2351 -0.234 -0.2375 -0.2386 -0.2385 -0.2384 -0.2384 -0.2383 -0.2382 -0.2381 -0.236 -0.2379 -0.2377 -0.2377 -0.2376 -0.2375 -0.2374 -0.2373 -0.2372 -0.2371 -0.237 -0.2369 -0.1128 -0.1968 -0.2293 -0.2289 -0.2271 -0.2241 -0.2237 -0.2241 -0.0377 -0.0251 -0.2363 -0.2363 -0.2363 -0.2363 -0.2363 -0.18991 -0.025 -0.025 -0.23361 -0.23361 -0.23371 -0.23361 -0.25921 -0.25402
-9999 -1.0213 -0.9887 -0.2272 -0.2275 -0.2276 -0.2277 -0.228 -0.228 -0.2279 -0.2276 -0.2267 -0.2257 -0.2258 -0.2233 -0.2228 -0.2242 -0.2271 -0.2331 -0.2364 -0.2369 -0.2376 -0.2385 -0.2388 -0.2387 -0.2386 -0.2385 -0.2385 -0.2384 -0.2383 -0.2382 -0.2381 -0.2379 -0.2379 -0.2378 -0.2377 -0.2376 -0.2375 -0.2374 -0.2373 -0.2373 -0.2372 -0.2371 -0.2371 -0.1638 -0.2369 -0.2369 -0.237 -0.2367 -0.2301 -0.2269 -0.2279 -0.2281 -0.2312 -0.2364 -0.2363 -0.2363 -0.2363 -0.19001 -0.19001 -0.19001 -0.025 -0.23331 -0.23311 -0.23331 -0.23311 -0.26206 -0.2622
-9999 -1.0356 -0.9934 -0.2277 -0.2284 -0.2288 -0.2289 -0.2292 -0.2295 -0.2296 -0.2299 -0.2302 -0.2298 -0.2293 -0.2156 -0.2242 -0.2351 -0.2391 -0.239 -0.2385 -0.2385 -0.2387 -0.239 -0.2388 -0.2387 -0.2386 -0.2386 -0.2385 -0.2384 -0.2383 -0.2382 -0.2381 -0.238 -0.238 -0.2378 -0.2378 -0.2377 -0.2375 -0.2375 -0.2375 -0.2374 -0.033 -0.2029 -0.2371 -0.237 -0.237 -0.2369 -0.2369 -0.2368 -0.2368 -0.0251 -0.2292 -0.2287 -0.2348 -0.2364 -0.2364 -0.2364 -0.2364 -0.19001 -0.19001 -0.18991 -0.025 -0.23291 -0.23251 -0.23231 -0.23281 -0.26764 -0.1243
-9999 -9999 -0.9784 -0.9758 -0.2296 -0.2297 -0.2301 -0.2303 -0.2307 -0.2313 -0.2322 -0.2333 -0.2343 -0.2354 -0.2357 -0.2376 -0.2393 -0.2394 -0.2393 -0.2393 -0.2392 -0.2391 -0.239 -0.2389 -0.2388 -0.2387 -0.2386 -0.2385 -0.2384 -0.2383 -0.2382 -0.2381 -0.238 -0.2379 -0.2379 -0.2378 -0.2377 -0.2377 -0.2376 -0.2375 -0.2374 -0.2374 -0.2372 -0.2371 -0.2371 -0.237 -0.237 -0.2368 -0.2369 -0.2369 -0.2368 -0.2367 -0.1845 -0.1395 -0.2353 -0.2365 -0.2364 -0.2364 -0.18991 -0.19001 -0.19001 -0.025 -0.23241 -0.23101 -0.23081 -0.23191 -0.2608 -0.025
-9999 -9999 -0.985 -0.9582 -0.2304 -0.2306 -0.231 -0.2314 -0.2318 -0.2323 -0.2331 -0.2343 -0.2358 -0.2374 -0.2384 -0.2389 -0.2394 -0.2395 -0.2394 -0.2393 -0.2393 -0.2391 -0.2391 -0.239 -0.2388 -0.2388 -0.2387 -0.2385 -0.2384 -0.2383 -0.2382 -0.2381 -0.2381 -0.238 -0.2379 -0.2379 -0.2377 -0.2376 -0.2376 -0.2375 -0.2374 -0.2374 -0.2372 -0.2372 -0.2371 -0.237 -0.237 -0.2369 -0.2369 -0.2369 -0.2369 -0.2368 -0.025 -0.025 -0.1375 -0.2365 -0.2365 -0.2365 -0.18991 -0.19001 -0.18991 -0.025 -0.025 -0.22801 -0.22781 -0.23091 -0.2168 -0.025
-9999 -9999 -1.0275 -0.9328 -0.2308 -0.2314 -0.2319 -0.2323 -0.2328 -0.2332 -0.234 -0.2352 -0.2367 -0.2381 -0.239 -0.2395 -0.2395 -0.2394 -0.2394 -0.2393 -0.2393 -0.2391 -0.2391 -0.239 -0.2388 -0.2388 -0.2387 -0.2386 -0.2384 -0.2383 -0.2382 -0.2381 -0.2381 -0.238 -0.238 -0.2378 -0.2378 -0.2376 -0.2377 -0.2376 -0.2375 -0.2374 -0.2374 -0.2373 -0.2372 -0.2371 -0.237 -0.237 -0.237 -0.2369 -0.2369 -0.2369 -0.0418 -0.0251 -0.2366 -0.2366 -0.2366 -0.2365 -0.19001 -0.19001 -0.19001 -0.025 -0.025 -0.22361 -0.22381 -0.22961 -0.1997 -0.025
-9999 -9999 -9999 -0.929 -0.9161 -0.2326 -0.2328 -0.2332 -0.2336 -0.234 -0.2346 -0.2358 -0.2376 -0.2389 -0.2397 -0.2396 -0.2396 -0.2395 -0.2395 -0.2394 -0.2393 -0.2393 -0.2392 -0.2391 -0.239 -0.2389 -0.2388 -0.2386 -0.2384 -0.2382 -0.2382 -0.2381 -0.238 -0.238 -0.2379 -0.2378 -0.2377 -0.2377 -0.2376 -0.2375 -0.2375 -0.2374 -0.2373 -0.2373 -0.2373 -0.2371 -0.2371 -0.2371 -0.237 -0.237 -0.2369 -0.2369 -0.2369 -0.2368 -0.2368 -0.2366 -0.2367 -0.2366 -0.2366 -0.18991 -0.18991 -0.025 -0.025 -0.21521 -0.21891 -0.24011 -0.2005 -0.025
-9999 -9999 -9999 -0.9626 -0.885 -0.2333 -0.2336 -0.234 -0.2344 -0.2347 -0.2353 -0.2364 -0.239 -0.2398 -0.2398 -0.2398 -0.2397 -0.2396 -0.2395 -0.2395 -0.2394 -0.2394 -0.2392 -0.2392 -0.2391 -0.239 -0.2388 -0.2386 -0.2385 -0.2058 -0.2383 -0.2381 -0.2381 -0.238 -0.238 -0.2379 -0.2377 -0.2377 -0.2376 -0.2376 -0.2375 -0.2375 -0.2374 -0.2374 -0.2372 -0.2372 -0.2372 -0.2371 -0.237 -0.237 -0.237 -0.2369 -0.2369 -0.2369 -0.2368 -0.2367 -0.2367 -0.2367 -0.2366 -0.2365 -0.2366 -0.025 -0.025 -0.21501 -0.21611 -0.25106 -0.2168 -0.0251
-9999 -9999 -9999 -1.0201 -0.865 -0.2338 -0.2345 -0.2349 -0.2354 -0.2358 -0.2368 -0.2384 -0.24 -0.2399 -0.2399 -0.2399 -0.2398 -0.2397 -0.2397 -0.2396 -0.2395 -0.2395 -0.2394 -0.2393 -0.2392 -0.239 -0.2389 -0.2388 -0.2386 -0.2386 -0.2384 -0.2384 -0.2383 -0.2381 -0.2381 -0.238 -0.2379 -0.2378 -0.2378 -0.2376 -0.2376 -0.2375 -0.2375 -0.2374 -0.2374 -0.2373 -0.2372 -0.2371 -0.2371 -0.237 -0.2369 -0.2368 -0.2368 -0.2368 -0.2367 -0.2367 -0.2367 -0.2367 -0.2367 -0.2367 -0.2366 -0.025 -0.025 -0.21451 -0.21451 -0.24686 -0.2547 -0.0327
-9999 -9999 -9999 -9999 -0.8874 -0.8333 -0.2357 -0.2359 -0.2364 -0.2372 -0.2382 -0.2393 -0.2401 -0.2401 -0.24 -0.24 -0.2399 -0.2398 -0.2397 -0.2397 -0.2396 -0.2395 -0.2395 -0.2393 -0.2392 -0.239 -0.239 -0.2389 -0.2388 -0.2387 -0.2386 -0.2384 -0.2383 -0.2383 -0.2381 -0.2381 -0.2379 -0.2379 -0.2379 -0.2378 -0.2377 -0.2376 -0.2376 -0.2375 -0.2374 -0.2374 -0.2372 -0.2372 -0.2371 -0.2371 -0.237 -0.237 -0.2369 -0.2368 -0.2368 -0.2367 -0.2366 -0.2366 -0.2366 -0.2365 -0.2365 -0.025 -0.025 -0.21411 -0.21381 -0.21941 -0.27392 -0.0841
-9999 -9999 -9999 -9999 -0.9396 -0.7974 -0.2365 -0.2369 -0.2375 -0.2386 -0.2398 -0.2404 -0.2403 -0.2402 -0.2403 -0.2401 -0.2401 -0.24 -0.2399 -0.2398 -0.2397 -0.2397 -0.2395 -0.2394 -0.2393 -0.2392 -0.2391 -0.239 -0.2388 -0.2387 -0.2386 -0.2386 -0.2384 -0.2383 -0.2383 -0.2381 -0.2381 -0.238 -0.2379 -0.2378 -0.2378 -0.2377 -0.2376 -0.2376 -0.2375 -0.2374 -0.2373 -0.2372 -0.2371 -0.2371 -0.237 -0.2369 -0.237 -0.2368 -0.2368 -0.2367 -0.2367 -0.2366 -0.2366 -0.2366 -0.2365 -0.18991 -0.025 -0.21351 -0.21311 -0.21391 -0.25492 -0.1175
-9999 -9999 -9999 -9999 -1.013 -0.7968 -0.2372 -0.238 -0.2387 -0.2402 -0.2405 -0.2405 -0.2405 -0.2405 -0.2404 -0.2403 -0.2403 -0.2403 -0.2401 -0.24 -0.2398 -0.2398 -0.2396 -0.2395 -0.2394 -0.2393 -0.2392 -0.2391 -0.239 -0.2388 -0.2387 -0.2386 -0.2385 -0.2384 -0.2384 -0.2383 -0.2381 -0.2381 -0.238 -0.238 -0.2379 -0.2378 -0.2377 -0.2376 -0.2376 -0.2375 -0.2374 -0.2374 -0.2372 -0.2372 -0.237 -0.237 -0.237 -0.2369 -0.2369 -0.2368 -0.2367 -0.2367 -0.2366 -0.18991 -0.19001 -0.18991 -0.025 -0.21311 -0.21241 -0.21271 -0.26947 -0.1064
-9999 -9999 -9999 -9999 -9999 -0.8387 -0.7319 -0.2397 -0.24 -0.2407 -0.2407 -0.2407 -0.2406 -0.2407 -0.2406 -0.2406 -0.2405 -0.2404 -0.2403 -0.2402 -0.2401 -0.2399 -0.2397 -0.2396 -0.2396 -0.2394 -0.2393 -0.2392 -0.2391 -0.2389 -0.2388 -0.2387 -0.2386 -0.2385 -0.2384 -0.2383 -0.2382 -0.2381 -0.2381 -0.238 -0.2379 -0.2378 -0.2378 -0.2377 -0.2376 -0.2375 -0.2375 -0.2374 -0.2373 -0.2372 -0.2372 -0.237 -0.237 -0.237 -0.237 -0.2368 -0.2368 -0.2368 -0.19041 -0.19161 -0.19261 -0.19451 -0.025 -0.21311 -0.21131 -0.21261 -0.26614 -0.0514
-9999 -9999 -9999 -9999 -9999 -0.911 -0.6974 -0.2404 -0.2409 -0.2409 -0.2409 -0.2408 -0.2409 -0.2408 -0.2408 -0.2407 -0.2407 -0.2406 -0.2405 -0.2404 -0.2403 -0.2402 -0.2399 -0.2398 -0.2397 -0.2396 -0.2395 -0.2393 -0.2392 -0.2391 -0.2389 -0.2388 -0.2387 -0.2386 -0.2385 -0.2384 -0.2383 -0.2382 -0.2381 -0.2381 -0.2381 -0.2379 -0.2379 -0.2378 -0.2378 -0.2377 -0.2375 -0.2374 -0.2374 -0.2373 -0.2373 -0.2372 -0.2371 -0.237 -0.237 -0.2369 -0.2369 -0.19171 -0.2194 -0.1926 -0.1994 -0.2109 -0.025 -0.025 -0.21461 -0.21471 -0.26162 -0.0254
-9999 -9999 -9999 -9999 -9999 -1.0055 -0.7069 -0.2406 -0.241 -0.2412 -0.2411 -0.2411 -0.2411 -0.2411 -0.241 -0.2409 -0.2409 -0.2409 -0.2408 -0.2406 -0.2404 -0.2403 -0.2402 -0.24 -0.2399 -0.2397 -0.2396 -0.2395 -0.2393 -0.2391 -0.2391 -0.2389 -0.2387 -0.2386 -0.2385 -0.2384 -0.2384 -0.2383 -0.2383 -0.2381 -0.2382 -0.2381 -0.2379 -0.2379 -0.2378 -0.2377 -0.2376 -0.2376 -0.2375 -0.2374 -0.2373 -0.2372 -0.2372 -0.2371 -0.237 -0.237 -0.19011 -0.23217 -0.0643 -0.0251 -0.0308 -0.071 -0.1306 -0.025 -0.21841 -0.21671 -0.272 -0.0251
-9999 -9999 -9999 -9999 -9999 -9999 -0.7708 -0.6135 -0.1459 -0.2416 -0.2415 -0.2414 -0.2415 -0.2414 -0.2413 -0.2412 -0.2412 -0.2411 -0.2409 -0.2408 -0.2407 -0.2405 -0.2404 -0.2401 -0.2401 -0.2399 -0.2398 -0.2397 -0.2396 -0.2393 -0.2392 -0.2389 -0.2388 -0.2387 -0.2387 -0.2386 -0.2385 -0.2384 -0.2383 -0.2383 -0.2382 -0.2381 -0.2381 -0.238 -0.2379 -0.2379 -0.2377 -0.2376 -0.2376 -0.2375 -0.2374 -0.2373 -0.2372 -0.2372 -0.2371 -0.2371 -0.22717 -0.2178 -0.0336 -0.025 -0.0251 -0.025 -0.1366 -0.025 -0.22741 -0.21761 -0.26842 -0.0251
-9999 -9999 -9999 -9999 -9999 -9999 -0.8714 -0.6091 -0.2422 -0.2422 -0.242 -0.2419 -0.2418 -0.2417 -0.2416 -0.2415 -0.2415 -0.2413 -0.2412 -0.241 -0.2409 -0.2408 -0.2405 -0.2404 -0.2403 -0.2401 -0.24 -0.2399 -0.2398 -0.2397 -0.2395 -0.2393 -0.2389 -0.2388 -0.2388 -0.2387 -0.2386 -0.2386 -0.2385 -0.2384 -0.2383 -0.2382 -0.2381 -0.2381 -0.238 -0.2379 -0.2379 -0.2378 -0.2377 -0.2375 -0.2375 -0.2374 -0.2373 -0.2373 -0.2373 -0.24087 -0.20681 -0.2234 -0.0325 -0.0247 -0.025 -0.0401 -0.1412 -0.025 -0.025 -0.21761 -0.25622 -0.025
-9999 -9999 -9999 -9999 -9999 -9999 -0.9978 -0.5973 -0.2425 -0.2425 -0.2424 -0.2423 -0.2421 -0.2419 -0.2419 -0.2418 -0.2416 -0.2415 -0.2413 -0.2411 -0.241 -0.2408 -0.2407 -0.2405 -0.2404 -0.2403 -0.2402 -0.24 -0.24 -0.2399 -0.2399 -0.2397 -0.0959 -0.2062 -0.239 -0.239 -0.2388 -0.2387 -0.2386 -0.2386 -0.2384 -0.2383 -0.2383 -0.2382 -0.2381 -0.2381 -0.2379 -0.2378 -0.2377 -0.2377 -0.2376 -0.2375 -0.2374 -0.2374 -0.2373 -0.19001 -0.19121 -0.2193 -0.025 -0.025 -0.0262 -0.0439 -0.0997 -0.2634 -0.025 -0.21701 -0.25112 -0.025
-9999 -9999 -9999 -9999 -9999 -9999 -9999 -0.6721 -0.6466 -0.243 -0.2428 -0.2427 -0.2426 -0.2424 -0.2422 -0.242 -0.2419 -0.2417 -0.2415 -0.2413 -0.2412 -0.2411 -0.2409 -0.2407 -0.2405 -0.2404 -0.2403 -0.2401 -0.2401 -0.24 -0.2399 -0.2399 -0.0435 -0.2394 -0.2391 -0.239 -0.2389 -0.2388 -0.2388 -0.2386 -0.2386 -0.2384 -0.2383 -0.2383 -0.2382 -0.2381 -0.2381 -0.2379 -0.2378 -0.2377 -0.2376 -0.2376 -0.2375 -0.2374 -0.2374 -0.18971 -0.19141 -0.22397 -0.077 -0.025 -0.025 -0.0259 -0.0696 -0.2382 -0.025 -0.21631 -0.24702 -0.025
-9999 -9999 -9999 -9999 -9999 -9999 -9999 -0.811 -0.602 -0.2435 -0.2434 -0.2432 -0.243 -0.2428 -0.2425 -0.2424 -0.2421 -0.242 -0.2417 -0.2416 -0.2414 -0.2413 -0.241 -0.2409 -0.2407 -0.2405 -0.2404 -0.2403 -0.2402 -0.2401 -0.24 -0.24 -0.2399 -0.2396 -0.2394 -0.2393 -0.2391 -0.239 -0.2389 -0.2387 -0.2385 -0.2385 -0.2384 -0.2383 -0.2382 -0.2381 -0.2381 -0.238 -0.2379 -0.2377 -0.2377 -0.2375 -0.2375 -0.2374 -0.18971 -0.18981 -0.20431 -0.23246 -0.22047 -0.0251 -0.025 -0.0491 -0.0697 -0.1933 -0.025 -0.21561 -0.22362 -0.025
-9999 -9999 -9999 -9999 -9999 -9999 -9999 -0.984 -0.577 -0.2441 -0.2439 -0.2437 -0.2434 -0.2432 -0.2429 -0.2427 -0.2425 -0.2422 -0.2421 -0.2418 -0.2416 -0.2415 -0.2412 -0.2411 -0.2409 -0.2407 -0.2407 -0.2405 -0.2404 -0.2403 -0.2402 -0.2401 -0.2399 -0.2398 -0.2396 -0.2395 -0.2393 -0.2391 -0.2391 -0.2389 -0.2388 -0.2386 -0.2385 -0.2384 -0.2383 -0.2382 -0.2382 -0.2381 -0.238 -0.2379 -0.2377 -0.2376 -0.2376 -0.2375 -0.19001 -0.23687 -0.1455 -0.23097 -0.22391 -0.22341 -0.21927 -0.15225 -0.1126 -0.1317 -0.025 -0.025 -0.24393 -0.0251
-9999 -9999 -9999 -9999 -9999 -9999 -9999 -9999 -0.4987 -0.7322 -0.2447 -0.2443 -0.2438 -0.2435 -0.2432 -0.243 -0.2427 -0.2425 -0.2422 -0.2421 -0.2419 -0.2416 -0.2414 -0.2412 -0.2411 -0.2409 -0.2408 -0.2407 -0.2406 -0.2404 -0.2404 -0.2402 -0.24 -0.2399 -0.2397 -0.2396 -0.2395 -0.2393 -0.2392 -0.2391 -0.2389 -0.2388 -0.2387 -0.2385 -0.2384 -0.2383 -0.2382 -0.2382 -0.2381 -0.238 -0.2379 -0.2377 -0.2377 -0.2376 -0.19031 -0.23566 -0.22127 -0.2207 -0.22446 -0.22281 -0.22416 -0.22525 -0.1155 -0.127 -0.025 -0.025 -0.12565 -0.025
-9999 -9999 -9999 -9999 -9999 -9999 -9999 -9999 -0.7432 -0.907 -0.2455 -0.2448 -0.2442 -0.2439 -0.2436 -0.2434 -0.2431 -0.2428 -0.2425 -0.2423 -0.2421 -0.2419 -0.2417 -0.2415 -0.2413 -0.2411 -0.2411 -0.2409 -0.2407 -0.2406 -0.2405 -0.2404 -0.2402 -0.24 -0.2398 -0.2397 -0.2396 -0.2395 -0.2394 -0.2392 -0.239 -0.2389 -0.2388 -0.2387 -0.2386 -0.2385 -0.2384 -0.2383 -0.2382 -0.2381 -0.2381 -0.2379 -0.2378 -0.2377 -0.23977 -0.1862 -0.0569 -0.23687 -0.21671 -0.22211 -0.22866 -0.18915 -0.0613 -0.1244 -0.025 -0.025 -0.10805 -0.025
-9999 -9999 -9999 -9999 -9999 -9999 -9999 -9999 -9999 -0.9616 -0.8376 -0.2453 -0.2445 -0.2442 -0.2439 -0.2437 -0.2434 -0.2431 -0.2428 -0.2425 -0.2422 -0.242 -0.2419 -0.2417 -0.2415 -0.2413 -0.2413 -0.2411 -0.241 -0.2408 -0.2407 -0.2405 -0.2403 -0.2401 -0.24 -0.2399 -0.2397 -0.2396 -0.2394 -0.2394 -0.2392 -0.2391 -0.2389 -0.2389 -0.2387 -0.2386 -0.2385 -0.2384 -0.2383 -0.2383 -0.2381 -0.238 -0.2379 -0.2035 -0.2377 -0.2377 -0.23696 -0.21151 -0.21681 -0.22466 -0.2198 -0.1309 -0.025 -0.13625 -0.025 -0.25496 -0.15465 -0.025
-9999 -9999 -9999 -9999 -9999 -9999 -9999 -9999 -9999 -9999 -0.5269 -0.1829 -0.1947 -0.2445 -0.2443 -0.2439 -0.2436 -0.2433 -0.2431 -0.2428 -0.2425 -0.2423 -0.242 -0.2419 -0.2418 -0.2416 -0.2414 -0.2413 -0.2412 -0.241 -0.2409 -0.2407 -0.2405 -0.2403 -0.2401 -0.24 -0.2398 -0.2398 -0.2395 -0.2395 -0.2393 -0.2392 -0.239 -0.2389 -0.2388 -0.2387 -0.2386 -0.2385 -0.2384 -0.2383 -0.2382 -0.2381 -0.238 -0.238 -0.2378 -0.2378 -0.2376 -0.2373 -0.2368 -0.2059 -0.1303 -0.0441 -0.025 -0.025 -0.16502 -0.23416 -0.085149 -0.025
-9999 -9999 -9999 -9999 -9999 -9999 -9999 -9999 -9999 -9999 -9999 -0.6599 -0.2191 -0.3092 -0.2457 -0.2442 -0.2438 -0.2435 -0.2433 -0.243 -0.2427 -0.2424 -0.2422 -0.2421 -0.2419 -0.2418 -0.2416 -0.2415 -0.2414 -0.2412 -0.241 -0.2409 -0.2407 -0.2405 -0.2403 -0.2402 -0.2401 -0.2399 -0.2398 -0.2396 -0.2395 -0.2393 -0.2392 -0.2391 -0.2389 -0.2389 -0.2387 -0.2387 -0.2386 -0.2385 -0.2383 -0.2382 -0.2381 -0.238 -0.2379 -0.2378 -0.2377 -0.2376 -0.0251 -0.0251 -0.0252 -0.025 -0.025 -0.20195 -0.16202 -0.22726 -0.0262 -0.025
-9999 -9999 -9999 -9999 -9999 -9999 -9999 -9999 -9999 -9999 -9999 -9999 -0.7646 -0.6299 -0.5517 -0.0823 -0.2443 -0.2437 -0.2434 -0.2433 -0.243 -0.2427 -0.2424 -0.2422 -0.242 -0.2419 -0.2418 -0.2417 -0.2416 -0.2414 -0.2413 -0.2411 -0.2409 -0.2407 -0.2405 -0.2403 -0.2401 -0.2401 -0.2399 -0.2397 -0.2396 -0.2395 -0.2393 -0.2392 -0.2391 -0.239 -0.2389 -0.2387 -0.2386 -0.2386 -0.2384 -0.2383 -0.2382 -0.2382 -0.238 -0.2379 -0.2378 -0.1178 -0.025 -0.025 -0.025 -0.0251 -0.0254 -0.18305 -0.16502 -0.21346 -0.025 -0.025
-9999 -9999 -9999 -9999 -9999 -9999 -9999 -9999 -9999 -9999 -9999 -9999 -9999 -9999 -0.9455 -0.5237 -0.3776 -0.2441 -0.2435 -0.2433 -0.2433 -0.2432 -0.2428 -0.2425 -0.2423 -0.2422 -0.242 -0.2419 -0.2418 -0.2416 -0.2415 -0.2414 -0.2411 -0.2409 -0.2407 -0.2405 -0.2403 -0.2402 -0.2401 -0.2399 -0.2398 -0.2397 -0.2395 -0.2394 -0.2392 -0.2391 -0.239 -0.2388 -0.2387 -0.2386 -0.2385 -0.2384 -0.2383 -0.2382 -0.2382 -0.238 -0.0296 -0.0337 -0.0251 -0.0251 -0.0251 -0.0251 -0.0251 -0.17255 -0.17212 -0.21086 -0.067949 -0.025
-9999 -9999 -9999 -9999 -9999 -9999 -9999 -9999 -9999 -9999 -9999 -9999 -9999 -9999 -9999 -0.8041 -0.4826 -0.025 -0.0251 -0.158 -0.2437 -0.2436 -0.2431 -0.2428 -0.2425 -0.2423 -0.2422 -0.2421 -0.2419 -0.2419 -0.2417 -0.2415 -0.2413 -0.2411 -0.2408 -0.2406 -0.2404 -0.2402 -0.2401 -0.2401 -0.2399 -0.2397 -0.2396 -0.2394 -0.2393 -0.2392 -0.2391 -0.239 -0.2388 -0.2387 -0.2386 -0.2385 -0.2384 -0.2383 -0.2382 -0.126 -0.025 -0.0251 -0.22125 -0.22883 -0.22993 -0.19443 -0.23153 -0.22993 -0.15322 -0.21386 -0.23263 -0.0251
