data/entities/Measures_gates_embank/CaseDifferenceDepth_m.asc
ncols         98 
nrows         130 
xllcorner     530385.4375 
yllcorner     504074.10385949 
cellsize      100 
NODATA_value -9999 
[rows 60 to 89 of 130, columns 0 to 68 of 98]
-9999 -1.0667 -0.2434 -0.2433 -0.2431 -0.2429 -0.2436 -0.2444 -0.2447 -0.2449 -0.2452 -0.2449 -0.2447 -0.2444 -0.2443 -0.2443 -0.244 -0.2433 -0.2424 -0.2406 -0.2395 -0.2394 -0.2398 -0.24 -0.2396 -0.2393 -0.239 -0.2381 -0.2377 -0.2376 -0.2376 -0.2376 -0.2382 -0.2388 -0.2398 -0.2406 -0.2405 -0.2404 -0.2403 -0.2424 -0.1909 -0.05 -0.1473 -0.2418 -0.2426 -0.2427 -0.2429 -0.2428 -0.2429 -0.2429 -0.2428 -0.2429 -0.116 -0.05 -0.0507 -0.1336 -0.254 -0.2617 -0.21671 -0.05 -0.25941 -0.25931 -0.25921 -0.25931 -0.25921 -0.25931 -0.27011 -0.28282 -0.2493
-9999 -1.0133 -0.2444 -0.2446 -0.2448 -0.2449 -0.2464 -0.2466 -0.2468 -0.247 -0.247 -0.2471 -0.2469 -0.2464 -0.2462 -0.2462 -0.2463 -0.2466 -0.2466 -0.2448 -0.05 -0.1603 -0.2438 -0.2417 -0.2413 -0.2408 -0.2406 -0.2385 -0.1324 -0.05 -0.0501 -0.0906 -0.0501 -0.2417 -0.2474 -0.1807 -0.2451 -0.2442 -0.05 -0.0785 -0.0804 -0.2403 -0.2423 -0.2429 -0.243 -0.243 -0.2431 -0.2432 -0.2432 -0.2432 -0.2431 -0.2428 -0.0855 -0.05 -0.0501 -0.1527 -0.2615 -0.2615 -0.2615 -0.05 -0.05 -0.25911 -0.25921 -0.25921 -0.25921 -0.25931 -0.26971 -0.28192 -0.2558
-9999 -0.9693 -0.2454 -0.2461 -0.2477 -0.249 -0.2491 -0.249 -0.2487 -0.2484 -0.2482 -0.2478 -0.2475 -0.2472 -0.247 -0.2469 -0.2469 -0.2472 -0.2488 -0.2503 -0.2564 -0.2557 -0.2514 -0.2452 -0.2453 -0.2463 -0.1583 -0.1989 -0.05 -0.05 -0.05 -0.1871 -0.2583 -0.258 -0.2606 -0.2628 -0.2628 -0.2626 -0.2625 -0.258 -0.2415 -0.2377 -0.2428 -0.2429 -0.2429 -0.2429 -0.2434 -0.2438 -0.244 -0.2441 -0.2441 -0.2401 -0.0501 -0.0506 -0.0813 -0.2613 -0.2613 -0.2614 -0.2613 -0.2614 -0.05 -0.25911 -0.25911 -0.25901 -0.25911 -0.25901 -0.27081 -0.28022 -0.2374
-9999 -0.9743 -0.2463 -0.2481 -0.2493 -0.2501 -0.2502 -0.2503 -0.2501 -0.2498 -0.2493 -0.2486 -0.248 -0.2476 -0.2474 -0.2473 -0.2473 -0.2479 -0.2511 -0.2563 -0.2581 -0.2586 -0.2573 -0.2511 -0.255 -0.2592 -0.2634 -0.2634 -0.2634 -0.2633 -0.2621 -0.2623 -0.2605 -0.2616 -0.2627 -0.2626 -0.2625 -0.2625 -0.2624 -0.1978 -0.2164 -0.2379 -0.2454 -0.2441 -0.2293 -0.2101 -0.2462 -0.2471 -0.2464 -0.2458 -0.2459 -0.1802 -0.05 -0.05 -0.1946 -0.2614 -0.2613 -0.2613 -0.2614 -0.21501 -0.05 -0.25901 -0.25881 -0.25891 -0.25891 -0.25891 -0.27191 -0.27642 -0.2215
-9999 -1.0396 -0.96 -0.2512 -0.2512 -0.2514 -0.2516 -0.2516 -0.2515 -0.2512 -0.2505 -0.2496 -0.2487 -0.2482 -0.2477 -0.2474 -0.2477 -0.2487 -0.2541 -0.2588 -0.2598 -0.2601 -0.2601 -0.259 -0.2625 -0.2636 -0.2635 -0.2634 -0.2634 -0.2633 -0.2632 -0.2631 -0.261 -0.2629 -0.2627 -0.2627 -0.2626 -0.2625 -0.2624 -0.2623 -0.2622 -0.2621 -0.262 -0.2619 -0.1378 -0.2218 -0.2543 -0.2539 -0.2521 -0.2491 -0.2487 -0.2491 -0.0627 -0.0501 -0.2613 -0.2613 -0.2613 -0.2613 -0.2613 -0.21491 -0.05 -0.05 -0.25861 -0.25861 -0.25871 -0.25861 -0.28421 -0.27902 -0.2174
-9999 -1.0463 -1.0137 -0.2522 -0.2525 -0.2526 -0.2527 -0.253 -0.253 -0.2529 -0.2526 -0.2517 -0.2507 -0.2508 -0.2483 -0.2478 -0.2492 -0.2521 -0.2581 -0.2614 -0.2619 -0.2626 -0.2635 -0.2638 -0.2637 -0.2636 -0.2635 -0.2635 -0.2634 -0.2633 -0.2632 -0.2631 -0.2629 -0.2629 -0.2628 -0.2627 -0.2626 -0.2625 -0.2624 -0.2623 -0.2623 -0.2622 -0.2621 -0.2621 -0.1888 -0.2619 -0.2619 -0.262 -0.2617 -0.2551 -0.2519 -0.2529 -0.2531 -0.2562 -0.2614 -0.2613 -0.2613 -0.2613 -0.21501 -0.21501 -0.21501 -0.05 -0.25831 -0.25811 -0.25831 -0.25811 -0.28706 -0.2872 -0.1803
-9999 -1.0606 -1.0184 -0.2527 -0.2534 -0.2538 -0.2539 -0.2542 -0.2545 -0.2546 -0.2549 -0.2552 -0.2548 -0.2543 -0.2406 -0.2492 -0.2601 -0.2641 -0.264 -0.2635 -0.2635 -0.2637 -0.264 -0.2638 -0.2637 -0.2636 -0.2636 -0.2635 -0.2634 -0.2633 -0.2632 -0.2631 -0.263 -0.263 -0.2628 -0.2628 -0.2627 -0.2625 -0.2625 -0.2625 -0.2624 -0.058 -0.2279 -0.2621 -0.262 -0.262 -0.2619 -0.2619 -0.2618 -0.2618 -0.0501 -0.2542 -0.2537 -0.2598 -0.2614 -0.2614 -0.2614 -0.2614 -0.21501 -0.21501 -0.21491 -0.05 -0.25791 -0.25751 -0.25731 -0.25781 -0.29264 -0.1493 -0.0553
-9999 -9999 -1.0034 -1.0008 -0.2546 -0.2547 -0.2551 -0.2553 -0.2557 -0.2563 -0.2572 -0.2583 -0.2593 -0.2604 -0.2607 -0.2626 -0.2643 -0.2644 -0.2643 -0.2643 -0.2642 -0.2641 -0.264 -0.2639 -0.2638 -0.2637 -0.2636 -0.2635 -0.2634 -0.2633 -0.2632 -0.2631 -0.263 -0.2629 -0.2629 -0.2628 -0.2627 -0.2627 -0.2626 -0.2625 -0.2624 -0.2624 -0.2622 -0.2621 -0.2621 -0.262 -0.262 -0.2618 -0.2619 -0.2619 -0.2618 -0.2617 -0.2095 -0.1645 -0.2603 -0.2615 -0.2614 -0.2614 -0.21491 -0.21501 -0.21501 -0.05 -0.25741 -0.25601 -0.25581 -0.25691 -0.2858 -0.05 -0.05
-9999 -9999 -1.01 -0.9832 -0.2554 -0.2556 -0.256 -0.2564 -0.2568 -0.2573 -0.2581 -0.2593 -0.2608 -0.2624 -0.2634 -0.2639 -0.2644 -0.2645 -0.2644 -0.2643 -0.2643 -0.2641 -0.2641 -0.264 -0.2638 -0.2638 -0.2637 -0.2635 -0.2634 -0.2633 -0.2632 -0.2631 -0.2631 -0.263 -0.2629 -0.2629 -0.2627 -0.2626 -0.2626 -0.2625 -0.2624 -0.2624 -0.2622 -0.2622 -0.2621 -0.262 -0.262 -0.2619 -0.2619 -0.2619 -0.2619 -0.2618 -0.05 -0.05 -0.1625 -0.2615 -0.2615 -0.2615 -0.21491 -0.21501 -0.21491 -0.05 -0.05 -0.25301 -0.25281 -0.25591 -0.2418 -0.05 -0.05
-9999 -9999 -1.0525 -0.9578 -0.2558 -0.2564 -0.2569 -0.2573 -0.2578 -0.2582 -0.259 -0.2602 -0.2617 -0.2631 -0.264 -0.2645 -0.2645 -0.2644 -0.2644 -0.2643 -0.2643 -0.2641 -0.2641 -0.264 -0.2638 -0.2638 -0.2637 -0.2636 -0.2634 -0.2633 -0.2632 -0.2631 -0.2631 -0.263 -0.263 -0.2628 -0.2628 -0.2626 -0.2627 -0.2626 -0.2625 -0.2624 -0.2624 -0.2623 -0.2622 -0.2621 -0.262 -0.262 -0.262 -0.2619 -0.2619 -0.2619 -0.0668 -0.0501 -0.2616 -0.2616 -0.2616 -0.2615 -0.21501 -0.21501 -0.21501 -0.05 -0.05 -0.24861 -0.24881 -0.25461 -0.2247 -0.05 -0.05
-9999 -9999 -9999 -0.954 -0.9411 -0.2576 -0.2578 -0.2582 -0.2586 -0.259 -0.2596 -0.2608 -0.2626 -0.2639 -0.2647 -0.2646 -0.2646 -0.2645 -0.2645 -0.2644 -0.2643 -0.2643 -0.2642 -0.2641 -0.264 -0.2639 -0.2638 -0.2636 -0.2634 -0.2632 -0.2632 -0.2631 -0.263 -0.263 -0.2629 -0.2628 -0.2627 -0.2627 -0.2626 -0.2625 -0.2625 -0.2624 -0.2623 -0.2623 -0.2623 -0.2621 -0.2621 -0.2621 -0.262 -0.262 -0.2619 -0.2619 -0.2619 -0.2618 -0.2618 -0.2616 -0.2617 -0.2616 -0.2616 -0.21491 -0.21491 -0.05 -0.05 -0.24021 -0.24391 -0.26511 -0.2255 -0.05 -0.05
-9999 -9999 -9999 -0.9876 -0.91 -0.2583 -0.2586 -0.259 -0.2594 -0.2597 -0.2603 -0.2614 -0.264 -0.2648 -0.2648 -0.2648 -0.2647 -0.2646 -0.2645 -0.2645 -0.2644 -0.2644 -0.2642 -0.2642 -0.2641 -0.264 -0.2638 -0.2636 -0.2635 -0.2308 -0.2633 -0.2631 -0.2631 -0.263 -0.263 -0.2629 -0.2627 -0.2627 -0.2626 -0.2626 -0.2625 -0.2625 -0.2624 -0.2624 -0.2622 -0.2622 -0.2622 -0.2621 -0.262 -0.262 -0.262 -0.2619 -0.2619 -0.2619 -0.2618 -0.2617 -0.2617 -0.2617 -0.2616 -0.2615 -0.2616 -0.05 -0.05 -0.24001 -0.24111 -0.27606 -0.2418 -0.0501 -0.05
-9999 -9999 -9999 -1.0451 -0.89 -0.2588 -0.2595 -0.2599 -0.2604 -0.2608 -0.2618 -0.2634 -0.265 -0.2649 -0.2649 -0.2649 -0.2648 -0.2647 -0.2647 -0.2646 -0.2645 -0.2645 -0.2644 -0.2643 -0.2642 -0.264 -0.2639 -0.2638 -0.2636 -0.2636 -0.2634 -0.2634 -0.2633 -0.2631 -0.2631 -0.263 -0.2629 -0.2628 -0.2628 -0.2626 -0.2626 -0.2625 -0.2625 -0.2624 -0.2624 -0.2623 -0.2622 -0.2621 -0.2621 -0.262 -0.2619 -0.2618 -0.2618 -0.2618 -0.2617 -0.2617 -0.2617 -0.2617 -0.2617 -0.2617 -0.2616 -0.05 -0.05 -0.23951 -0.23951 -0.27186 -0.2797 -0.0577 -0.05
-9999 -9999 -9999 -9999 -0.9124 -0.8583 -0.2607 -0.2609 -0.2614 -0.2622 -0.2632 -0.2643 -0.2651 -0.2651 -0.265 -0.265 -0.2649 -0.2648 -0.2647 -0.2647 -0.2646 -0.2645 -0.2645 -0.2643 -0.2642 -0.264 -0.264 -0.2639 -0.2638 -0.2637 -0.2636 -0.2634 -0.2633 -0.2633 -0.2631 -0.2631 -0.2629 -0.2629 -0.2629 -0.2628 -0.2627 -0.2626 -0.2626 -0.2625 -0.2624 -0.2624 -0.2622 -0.2622 -0.2621 -0.2621 -0.262 -0.262 -0.2619 -0.2618 -0.2618 -0.2617 -0.2616 -0.2616 -0.2616 -0.2615 -0.2615 -0.05 -0.05 -0.23911 -0.23881 -0.24441 -0.29892 -0.1091 -0.05
-9999 -9999 -9999 -9999 -0.9646 -0.8224 -0.2615 -0.2619 -0.2625 -0.2636 -0.2648 -0.2654 -0.2653 -0.2652 -0.2653 -0.2651 -0.2651 -0.265 -0.2649 -0.2648 -0.2647 -0.2647 -0.2645 -0.2644 -0.2643 -0.2642 -0.2641 -0.264 -0.2638 -0.2637 -0.2636 -0.2636 -0.2634 -0.2633 -0.2633 -0.2631 -0.2631 -0.263 -0.2629 -0.2628 -0.2628 -0.2627 -0.2626 -0.2626 -0.2625 -0.2624 -0.2623 -0.2622 -0.2621 -0.2621 -0.262 -0.2619 -0.262 -0.2618 -0.2618 -0.2617 -0.2617 -0.2616 -0.2616 -0.2616 -0.2615 -0.21491 -0.05 -0.23851 -0.23811 -0.23891 -0.27992 -0.1425 -0.0501
-9999 -9999 -9999 -9999 -1.038 -0.8218 -0.2622 -0.263 -0.2637 -0.2652 -0.2655 -0.2655 -0.2655 -0.2655 -0.2654 -0.2653 -0.2653 -0.2653 -0.2651 -0.265 -0.2648 -0.2648 -0.2646 -0.2645 -0.2644 -0.2643 -0.2642 -0.2641 -0.264 -0.2638 -0.2637 -0.2636 -0.2635 -0.2634 -0.2634 -0.2633 -0.2631 -0.2631 -0.263 -0.263 -0.2629 -0.2628 -0.2627 -0.2626 -0.2626 -0.2625 -0.2624 -0.2624 -0.2622 -0.2622 -0.262 -0.262 -0.262 -0.2619 -0.2619 -0.2618 -0.2617 -0.2617 -0.2616 -0.21491 -0.21501 -0.21491 -0.05 -0.23811 -0.23741 -0.23771 -0.29447 -0.1314 -0.0501
-9999 -9999 -9999 -9999 -9999 -0.8637 -0.7569 -0.2647 -0.265 -0.2657 -0.2657 -0.2657 -0.2656 -0.2657 -0.2656 -0.2656 -0.2655 -0.2654 -0.2653 -0.2652 -0.2651 -0.2649 -0.2647 -0.2646 -0.2646 -0.2644 -0.2643 -0.2642 -0.2641 -0.2639 -0.2638 -0.2637 -0.2636 -0.2635 -0.2634 -0.2633 -0.2632 -0.2631 -0.2631 -0.263 -0.2629 -0.2628 -0.2628 -0.2627 -0.2626 -0.2625 -0.2625 -0.2624 -0.2623 -0.2622 -0.2622 -0.262 -0.262 -0.262 -0.262 -0.2618 -0.2618 -0.2618 -0.21541 -0.21661 -0.21761 -0.21951 -0.05 -0.23811 -0.23631 -0.23761 -0.29114 -0.0764 -0.05
-9999 -9999 -9999 -9999 -9999 -0.936 -0.7224 -0.2654 -0.2659 -0.2659 -0.2659 -0.2658 -0.2659 -0.2658 -0.2658 -0.2657 -0.2657 -0.2656 -0.2655 -0.2654 -0.2653 -0.2652 -0.2649 -0.2648 -0.2647 -0.2646 -0.2645 -0.2643 -0.2642 -0.2641 -0.2639 -0.2638 -0.2637 -0.2636 -0.2635 -0.2634 -0.2633 -0.2632 -0.2631 -0.2631 -0.2631 -0.2629 -0.2629 -0.2628 -0.2628 -0.2627 -0.2625 -0.2624 -0.2624 -0.2623 -0.2623 -0.2622 -0.2621 -0.262 -0.262 -0.2619 -0.2619 -0.21671 -0.2444 -0.2176 -0.2244 -0.2359 -0.05 -0.05 -0.23961 -0.23971 -0.28662 -0.0504 -0.05
-9999 -9999 -9999 -9999 -9999 -1.0305 -0.7319 -0.2656 -0.266 -0.2662 -0.2661 -0.2661 -0.2661 -0.2661 -0.266 -0.2659 -0.2659 -0.2659 -0.2658 -0.2656 -0.2654 -0.2653 -0.2652 -0.265 -0.2649 -0.2647 -0.2646 -0.2645 -0.2643 -0.2641 -0.2641 -0.2639 -0.2637 -0.2636 -0.2635 -0.2634 -0.2634 -0.2633 -0.2633 -0.2631 -0.2632 -0.2631 -0.2629 -0.2629 -0.2628 -0.2627 -0.2626 -0.2626 -0.2625 -0.2624 -0.2623 -0.2622 -0.2622 -0.2621 -0.262 -0.262 -0.21511 -0.25717 -0.0893 -0.0501 -0.0558 -0.096 -0.1556 -0.05 -0.24341 -0.24171 -0.297 -0.0501 -0.05
-9999 -9999 -9999 -9999 -9999 -9999 -0.7958 -0.6385 -0.1709 -0.2666 -0.2665 -0.2664 -0.2665 -0.2664 -0.2663 -0.2662 -0.2662 -0.2661 -0.2659 -0.2658 -0.2657 -0.2655 -0.2654 -0.2651 -0.2651 -0.2649 -0.2648 -0.2647 -0.2646 -0.2643 -0.2642 -0.2639 -0.2638 -0.2637 -0.2637 -0.2636 -0.2635 -0.2634 -0.2633 -0.2633 -0.2632 -0.2631 -0.2631 -0.263 -0.2629 -0.2629 -0.2627 -0.2626 -0.2626 -0.2625 -0.2624 -0.2623 -0.2622 -0.2622 -0.2621 -0.2621 -0.25217 -0.2428 -0.0586 -0.05 -0.0501 -0.05 -0.1616 -0.05 -0.25241 -0.24261 -0.29342 -0.0501 -0.05
-9999 -9999 -9999 -9999 -9999 -9999 -0.8964 -0.6341 -0.2672 -0.2672 -0.267 -0.2669 -0.2668 -0.2667 -0.2666 -0.2665 -0.2665 -0.2663 -0.2662 -0.266 -0.2659 -0.2658 -0.2655 -0.2654 -0.2653 -0.2651 -0.265 -0.2649 -0.2648 -0.2647 -0.2645 -0.2643 -0.2639 -0.2638 -0.2638 -0.2637 -0.2636 -0.2636 -0.2635 -0.2634 -0.2633 -0.2632 -0.2631 -0.2631 -0.263 -0.2629 -0.2629 -0.2628 -0.2627 -0.2625 -0.2625 -0.2624 -0.2623 -0.2623 -0.2623 -0.26587 -0.23181 -0.2484 -0.0575 -0.0497 -0.05 -0.0651 -0.1662 -0.05 -0.05 -0.24261 -0.28122 -0.05 -0.05
-9999 -9999 -9999 -9999 -9999 -9999 -1.0228 -0.6223 -0.2675 -0.2675 -0.2674 -0.2673 -0.2671 -0.2669 -0.2669 -0.2668 -0.2666 -0.2665 -0.2663 -0.2661 -0.266 -0.2658 -0.2657 -0.2655 -0.2654 -0.2653 -0.2652 -0.265 -0.265 -0.2649 -0.2649 -0.2647 -0.1209 -0.2312 -0.264 -0.264 -0.2638 -0.2637 -0.2636 -0.2636 -0.2634 -0.2633 -0.2633 -0.2632 -0.2631 -0.2631 -0.2629 -0.2628 -0.2627 -0.2627 -0.2626 -0.2625 -0.2624 -0.2624 -0.2623 -0.21501 -0.21621 -0.2443 -0.05 -0.05 -0.0512 -0.0689 -0.1247 -0.2884 -0.05 -0.24201 -0.27612 -0.05 -0.05
-9999 -9999 -9999 -9999 -9999 -9999 -9999 -0.6971 -0.6716 -0.268 -0.2678 -0.2677 -0.2676 -0.2674 -0.2672 -0.267 -0.2669 -0.2667 -0.2665 -0.2663 -0.2662 -0.2661 -0.2659 -0.2657 -0.2655 -0.2654 -0.2653 -0.2651 -0.2651 -0.265 -0.2649 -0.2649 -0.0685 -0.2644 -0.2641 -0.264 -0.2639 -0.2638 -0.2638 -0.2636 -0.2636 -0.2634 -0.2633 -0.2633 -0.2632 -0.2631 -0.2631 -0.2629 -0.2628 -0.2627 -0.2626 -0.2626 -0.2625 -0.2624 -0.2624 -0.21471 -0.21641 -0.24897 -0.102 -0.05 -0.05 -0.0509 -0.0946 -0.2632 -0.05 -0.24131 -0.27202 -0.05 -0.05
-9999 -9999 -9999 -9999 -9999 -9999 -9999 -0.836 -0.627 -0.2685 -0.2684 -0.2682 -0.268 -0.2678 -0.2675 -0.2674 -0.2671 -0.267 -0.2667 -0.2666 -0.2664 -0.2663 -0.266 -0.2659 -0.2657 -0.2655 -0.2654 -0.2653 -0.2652 -0.2651 -0.265 -0.265 -0.2649 -0.2646 -0.2644 -0.2643 -0.2641 -0.264 -0.2639 -0.2637 -0.2635 -0.2635 -0.2634 -0.2633 -0.2632 -0.2631 -0.2631 -0.263 -0.2629 -0.2627 -0.2627 -0.2625 -0.2625 -0.2624 -0.21471 -0.21481 -0.22931 -0.25746 -0.24547 -0.0501 -0.05 -0.0741 -0.0947 -0.2183 -0.05 -0.24061 -0.24862 -0.05 -0.05
-9999 -9999 -9999 -9999 -9999 -9999 -9999 -1.009 -0.602 -0.2691 -0.2689 -0.2687 -0.2684 -0.2682 -0.2679 -0.2677 -0.2675 -0.2672 -0.2671 -0.2668 -0.2666 -0.2665 -0.2662 -0.2661 -0.2659 -0.2657 -0.2657 -0.2655 -0.2654 -0.2653 -0.2652 -0.2651 -0.2649 -0.2648 -0.2646 -0.2645 -0.2643 -0.2641 -0.2641 -0.2639 -0.2638 -0.2636 -0.2635 -0.2634 -0.2633 -0.2632 -0.2632 -0.2631 -0.263 -0.2629 -0.2627 -0.2626 -0.2626 -0.2625 -0.21501 -0.26187 -0.1705 -0.25597 -0.24891 -0.24841 -0.24427 -0.17725 -0.1376 -0.1567 -0.05 -0.05 -0.26893 -0.0501 -0.05
-9999 -9999 -9999 -9999 -9999 -9999 -9999 -9999 -0.5237 -0.7572 -0.2697 -0.2693 -0.2688 -0.2685 -0.2682 -0.268 -0.2677 -0.2675 -0.2672 -0.2671 -0.2669 -0.2666 -0.2664 -0.2662 -0.2661 -0.2659 -0.2658 -0.2657 -0.2656 -0.2654 -0.2654 -0.2652 -0.265 -0.2649 -0.2647 -0.2646 -0.2645 -0.2643 -0.2642 -0.2641 -0.2639 -0.2638 -0.2637 -0.2635 -0.2634 -0.2633 -0.2632 -0.2632 -0.2631 -0.263 -0.2629 -0.2627 -0.2627 -0.2626 -0.21531 -0.26066 -0.24627 -0.2457 -0.24946 -0.24781 -0.24916 -0.25025 -0.1405 -0.152 -0.05 -0.05 -0.15065 -0.05 -0.05
-9999 -9999 -9999 -9999 -9999 -9999 -9999 -9999 -0.7682 -0.932 -0.2705 -0.2698 -0.2692 -0.2689 -0.2686 -0.2684 -0.2681 -0.2678 -0.2675 -0.2673 -0.2671 -0.2669 -0.2667 -0.2665 -0.2663 -0.2661 -0.2661 -0.2659 -0.2657 -0.2656 -0.2655 -0.2654 -0.2652 -0.265 -0.2648 -0.2647 -0.2646 -0.2645 -0.2644 -0.2642 -0.264 -0.2639 -0.2638 -0.2637 -0.2636 -0.2635 -0.2634 -0.2633 -0.2632 -0.2631 -0.2631 -0.2629 -0.2628 -0.2627 -0.26477 -0.2112 -0.0819 -0.26187 -0.24171 -0.24711 -0.25366 -0.21415 -0.0863 -0.1494 -0.05 -0.05 -0.13305 -0.05 -0.05
-9999 -9999 -9999 -9999 -9999 -9999 -9999 -9999 -9999 -0.9866 -0.8626 -0.2703 -0.2695 -0.2692 -0.2689 -0.2687 -0.2684 -0.2681 -0.2678 -0.2675 -0.2672 -0.267 -0.2669 -0.2667 -0.2665 -0.2663 -0.2663 -0.2661 -0.266 -0.2658 -0.2657 -0.2655 -0.2653 -0.2651 -0.265 -0.2649 -0.2647 -0.2646 -0.2644 -0.2644 -0.2642 -0.2641 -0.2639 -0.2639 -0.2637 -0.2636 -0.2635 -0.2634 -0.2633 -0.2633 -0.2631 -0.263 -0.2629 -0.2285 -0.2627 -0.2627 -0.26196 -0.23651 -0.24181 -0.24966 -0.2448 -0.1559 -0.05 -0.16125 -0.05 -0.27996 -0.17965 -0.05 -0.05
-9999 -9999 -9999 -9999 -9999 -9999 -9999 -9999 -9999 -9999 -0.5519 -0.2079 -0.2197 -0.2695 -0.2693 -0.2689 -0.2686 -0.2683 -0.2681 -0.2678 -0.2675 -0.2673 -0.267 -0.2669 -0.2668 -0.2666 -0.2664 -0.2663 -0.2662 -0.266 -0.2659 -0.2657 -0.2655 -0.2653 -0.2651 -0.265 -0.2648 -0.2648 -0.2645 -0.2645 -0.2643 -0.2642 -0.264 -0.2639 -0.2638 -0.2637 -0.2636 -0.2635 -0.2634 -0.2633 -0.2632 -0.2631 -0.263 -0.263 -0.2628 -0.2628 -0.2626 -0.2623 -0.2618 -0.2309 -0.1553 -0.0691 -0.05 -0.05 -0.19002 -0.25916 -0.11015 -0.05 -0.05
-9999 -9999 -9999 -9999 -9999 -9999 -9999 -9999 -9999 -9999 -9999 -0.6849 -0.2441 -0.3342 -0.2707 -0.2692 -0.2688 -0.2685 -0.2683 -0.268 -0.2677 -0.2674 -0.2672 -0.2671 -0.2669 -0.2668 -0.2666 -0.2665 -0.2664 -0.2662 -0.266 -0.2659 -0.2657 -0.2655 -0.2653 -0.2652 -0.2651 -0.2649 -0.2648 -0.2646 -0.2645 -0.2643 -0.2642 -0.2641 -0.2639 -0.2639 -0.2637 -0.2637 -0.2636 -0.2635 -0.2633 -0.2632 -0.2631 -0.263 -0.2629 -0.2628 -0.2627 -0.2626 -0.0501 -0.0501 -0.0502 -0.05 -0.05 -0.22695 -0.18702 -0.25226 -0.0512 -0.05 -0.05
