data/entities/Measures_gates_embank/CaseDifferenceDuration_fraction.asc
ncols         98 
nrows         130 
xllcorner     530385.4375 
yllcorner     504074.10385949 
cellsize      100 
NODATA_value -9999 
[rows 33 to 65 of 130, columns 0 to 74 of 98]
-9999 -9999 0 0 0.32143 0.29762 0.29412 0.086957 0.12 0.40476 0.25 0.34118 0.32143 0.34118 0.38636 0.37931 0.34118 0.32143 0.43182 0.14286 0 0.08 0.095238 0 -9999 -9999 0 -9999 0 -9999 0 0 0 -9999 -9999 -9999 -9999 -9999 -9999 -9999 0.086957 0.13514 0.16216 0.12 0.12 0 -9999 -9999 -9999 -9999 -9999 -9999 -9999 0 -9999 -9999 -9999 -9999 0 0.095238 0.13636 0.13636 0.095238 0 0 -9999 0 0 0 -9999 -9999 -9999 -9999 0 -9999
-9999 -9999 0 0 0.32143 0.29762 0.39024 0.086957 0.28571 0.32143 0.36047 0.39326 0.39326 0.38636 0.36782 0.34118 0.29762 0.28571 0.25 0.43182 0.33333 0.13793 0 -9999 -9999 -9999 -9999 -9999 -9999 0 0 0 0 -9999 -9999 -9999 -9999 -9999 -9999 -9999 -9999 0.29268 0.39024 0.21951 0.21951 0.086957 0 0 0 -9999 -9999 -9999 -9999 0 -9999 -9999 -9999 -9999 -9999 0.0625 0.1 0.095238 0.13043 0.10526 0 0 0 0 0 -9999 -9999 -9999 0 0 0
-9999 -9999 0 0 0.32143 0.2619 0.2 0.40476 0.32143 0.34118 0.37931 0.41573 0.39326 0.38636 0.36047 0.29762 0.43182 0.14286 0.15385 0.21951 0.14286 0 0 -9999 -9999 -9999 -9999 -9999 -9999 -9999 -9999 -9999 -9999 -9999 -9999 -9999 -9999 -9999 0 0.35185 -9999 0.4186 0.14286 0.14286 0.15385 0.12 0.095238 0.086957 0.1 0.095238 -9999 -9999 -9999 -9999 -9999 -9999 -9999 -9999 -9999 0 0.0625 0.066667 0.10526 0.095238 0.095238 0 0 0 -9999 -9999 -9999 0 0 0 0
-9999 0 0 0.34118 0.29762 0.25 0.4186 0.32143 0.34884 0.37931 0.38636 0.41573 0.39326 0.37931 0.32143 0.29762 0.2619 0.30882 0.29412 0.4186 0.14286 0.086957 0.12 0.15385 0.08 0.086957 0.14286 -9999 -9999 -9999 -9999 -9999 -9999 -9999 -9999 0.042857 -9999 0 0.086957 0.42857 0 -9999 0 0.095238 0.2 0.43182 0.43182 0.40476 0.14286 0.095238 0 0 -9999 -9999 -9999 -9999 -9999 -9999 -9999 0.10526 0 0 0 0 0 0 0 0 -9999 -9999 -9999 -9999 0 0 0
-9999 0 0 0.32941 0.29762 0.28571 0.34118 0.37931 0.38636 0.38636 0.39326 0.41573 0.39326 0.37931 0.36047 0.32143 0.32143 0.34118 0.36047 0.32143 0.35294 0.2619 0.4186 0.29412 0.43182 0.4186 0.43182 0.086957 0.095238 0.14286 0 0 0 0 0 0 0 0.086957 0.21951 0.74699 0.12 -9999 -9999 0.086957 0.43182 0.29412 0.4186 0.29268 0.2 0.15385 0.13043 0 -9999 -9999 -9999 -9999 -9999 -9999 0 0.095238 0.052632 0 0 0 -9999 -9999 -9999 -9999 -9999 -9999 0 0 0 0 0
-9999 0 0 0.34118 0.32143 0.37931 0.38636 0.38636 0.39326 0.41573 0.37624 0.38614 0.39326 0.37931 0.32143 0.32143 0.34118 0.34118 0.32143 0.2619 0 0.086957 0.16 0.42857 0.15385 0.17241 0.086957 0.14286 0.21951 0.27381 0.25 0.2 0.2 0.086957 0 0.14286 0 0.086957 0.15385 0.40476 0.40476 0.40476 -9999 -9999 -9999 0.066667 0.12 0.40476 0.29268 0.45455 0.2 0 -9999 -9999 -9999 -9999 0.4 -9999 0.052632 0.13793 0.12 0.083333 0.095238 0 -9999 -9999 -9999 -9999 -9999 -9999 0 0 0 0 0
-9999 0 0.34118 0.32143 0.32143 0.34118 0.38636 0.39326 0.37624 0.37624 0.37624 0.5 0.40449 0.375 0.34118 0.34118 0.37931 0.38636 0.34118 0.42857 0.21951 0 0 0 0 0 0 0.086957 0.2 0.29762 0.27381 0.39024 0.12 0 0 -9999 0 0 0.08 0.12 0.095238 0 0 0 -9999 -9999 -9999 0.13793 0.13043 0.095238 0 0 0.4 0.33333 0.4 0.4 0.095238 0.17857 0.2381 0.25 0.25 0.086957 0 0 -9999 -9999 -9999 -9999 -9999 -9999 -9999 0 0.0625 0.10526 0.10526
-9999 0 -9999 0 0.086957 0.086957 0.2 0.2619 0.29762 0.32143 0.34118 0.375 0.34118 0.35294 0.38636 0.37931 0.36047 0.39326 0.29762 0.25 0.16216 0.086957 0 -9999 -9999 0 0.086957 0 0.12 0.25 0.43182 0.15385 0.12 0 0 0 0 0 0.14286 0.086957 0 -9999 -9999 0 0.086957 0.11111 -9999 -9999 0.11111 0 0 -9999 -9999 -9999 0.4 0.13043 0.26829 0.25 0.25 0.25 0.25 0.16667 0 0 -9999 -9999 -9999 -9999 -9999 -9999 -9999 0.10526 0.0625 0.1 0.090909
-9999 0 0.29762 0.39024 0.2 0.43182 0.39024 0.42857 0.2 0.4186 0.15385 0 0.08 0.25 0.37931 0.375 0.33333 0.16216 0.29762 0.34118 0.38636 0.34118 0.4186 0.086957 0 0 -9999 0 0.12 0.42857 0.15385 0 0 0 0 0.086957 0.047619 0.12 0.39024 0.16216 0 0 0 0 -9999 0 0.086957 -9999 -9999 0.030303 0 0.13333 0.4 0.4 0.10526 0.25 0.17647 0.2069 0.25 0.2619 0.15385 0.13514 0.095238 0.05 0 0 -9999 -9999 -9999 -9999 -9999 -9999 0 0.0625 0.052632
-9999 0 0.32143 0.27381 0.28571 0.29762 0.27381 0.42857 0.42857 0.14286 0 0 0 0.15385 0.38636 0.41573 0.38636 0.38636 0.375 0.39326 0.49505 0.38614 0.39326 0.38636 0.2619 0.15385 0.14286 0.14286 0.21951 0.2619 0.086957 -9999 -9999 -9999 -9999 -9999 0 0 0.4186 0.15385 0.095238 0.095238 0 0 0 0 0 0.086957 -9999 -9999 0.14925 0.15789 0.4 0.4 0.095238 0.2439 0.17647 0.2439 0.15385 0.14286 0.13514 0.13514 0.13514 0.16216 0.40476 0.14286 0 -9999 -9999 -9999 -9999 0.047619 0.12 0.1 0.0625
-9999 0 0.14286 0.39024 0.4186 0.43182 0.4186 0.2 0.15385 0 0 -9999 0 0.086957 0.16216 0.28571 0.34884 0.38636 0.39326 0.40449 0.4902 0.5 0.38614 0.37624 0.34884 0.29762 0.4186 0.30882 0.2619 0.28571 0.12 0 -9999 -9999 -9999 -9999 -9999 -9999 0 0 0 -9999 0 0 0 -9999 -9999 -9999 0 -9999 0 0.4 -9999 0.4 0.095238 0.25 0.2619 0.17241 0.095238 0.095238 0.13636 0.17241 0.13514 0.15385 0.42857 0.16216 0 -9999 0.4 0.4 -9999 0.61905 0.083333 0.093023 0.10526
-9999 0 0.27381 0.43182 0.42857 0.15385 0.17241 0.086957 0 -9999 0 0.27381 0.2619 0.2 0 0.4186 0.32143 0.38636 0.375 0.34118 0.29762 0.32143 0.34118 0.36047 0.32941 0.2619 0.32143 0.25 0.43182 0.25 0.42857 0.15789 0.30882 0 -9999 -9999 -9999 -9999 0 0 0 0.08 0.086957 0.08 0.15789 -9999 -9999 -9999 -9999 -9999 0 0.4 -9999 0.4 0.095238 0.2439 0.2381 0.16667 0.25 -9999 0.125 0.17857 0.13514 0.13514 0.42857 0.15385 0.14286 0.095238 0.10526 0.10526 0.10526 0.10526 0 0 0
-9999 0 0.32143 0.30952 0.29762 0.2619 0.4186 0.14286 0 0 0.21951 0.37931 0.38636 0.36782 0.38636 0.37931 0.38636 0.39326 0.36047 0.27381 0.2619 0.15385 0.12 0.32759 0.086957 0 -9999 0 0.16216 0.42857 0.43182 0.42857 0.20513 0.047619 -9999 -9999 -9999 0 0 0.086957 0.086957 0.083333 0.086957 0.12 0.12 0 0 -9999 -9999 -9999 -9999 -9999 -9999 0.4 0.095238 0.2439 0.2381 0.17241 0.10526 0.25 0.22222 0.10526 0.13043 0.17241 0.13514 0.13514 0.13514 0.16667 0.13636 0.14286 0.13636 0.13333 0.4 -9999 -9999
-9999 0 0.34118 0.36047 0.38636 0.36634 0.39773 0.34884 0.375 0.29762 0.43182 0.28571 0.27381 0.33333 0.38636 0.38636 0.39326 0.39326 0.29762 0.08 -9999 -9999 -9999 -9999 0 0 0 0.047619 0.14286 0.43182 0.4186 0.21951 0.2069 0 -9999 -9999 -9999 0 0.08 0.086957 0 -9999 0 0 0.2 0.08 0 -9999 -9999 -9999 -9999 -9999 -9999 0.4 0.10526 0.16216 0.2381 0.16216 0.16216 0.16 0.10526 0.4 0.4 0.095238 0.17241 0.13514 0.13514 0.17241 0.16667 0.16667 0.16667 0.10526 0.4 0.4 -9999
-9999 0 0.38636 0.375 0.39773 0.37624 0.41573 0.40449 0.39326 0.29762 0.20513 -9999 0.14286 0.27381 0.36782 0.38636 0.38636 0.37931 0.2619 0.12 -9999 0 0 0.30882 0.14286 0 0 0 0.12 0.20513 0.42857 0.4186 0.32759 0.086957 -9999 -9999 -9999 0 0.15789 0.08 0 -9999 -9999 0 0.083333 0 -9999 -9999 -9999 0 -9999 -9999 -9999 -9999 0.4 0.13043 0.16667 0.13636 0.17857 0.23077 0.13043 0.10526 0.25 0.13636 0.17857 0.13514 0.13514 0.13514 0.14286 0.17391 0.13043 0.4 0.4 0.4 -9999
-9999 0 0.29762 0.375 0.38636 0.41573 0.41573 0.41573 0.41573 0.37209 0.27381 0.43182 0.4186 0.2619 0.37209 0.34884 0.34118 0.32143 0.32143 0.32143 0.38636 0.34118 0.32941 0.31765 0.2619 0.15789 0 0 0.12 0.2 0.44186 0.43182 0.25 0.2069 0 0 0 0 0.4186 0.086957 -9999 -9999 -9999 -9999 -9999 -9999 -9999 -9999 -9999 -9999 -9999 -9999 -9999 -9999 0.4 0.10526 0.095238 0.13333 0.16 0.2439 0.23077 0.2069 0.16667 0.17857 0.17241 0.16129 0.17241 0.17857 0.13043 0.10526 0.4 0.4 0.4 0.4 -9999
-9999 0 0.32143 0.29762 0.34118 0.39326 0.38636 0.38636 0.40449 0.39326 0.38636 0.37931 0.29762 0.2 0.086957 0.39024 0.2619 0.27381 0.32143 0.34118 0.38636 0.37931 0.34884 0.36782 0.32143 0.34483 0.39024 0.045455 0.12 0.4186 0.43182 0.4186 0.21951 0.2069 0.086957 0 0 0 0 -9999 -9999 -9999 -9999 -9999 -9999 -9999 -9999 -9999 -9999 -9999 -9999 -9999 -9999 -9999 -9999 0.4 -9999 0.4 0.13043 0.2439 0.2439 0.2439 0.23077 0.16216 0.16216 0.16216 0.16216 0.17241 0.13043 0.4 0.4 0.4 0.4 -9999 -9999
-9999 0 0.43182 0.2 0.20513 0.2069 0.14286 0.43182 0.34118 0.37931 0.375 0.38636 0.29762 0.2069 0 0.16 0.4186 0.29762 0.27381 0.44186 0.2 0.43182 0.29762 0.34884 0.34118 0.29762 0.14286 0 0.090909 0.31707 0.43182 0.39024 0.42857 0.15385 0.14286 0.086957 0 0 0 -9999 -9999 -9999 -9999 -9999 -9999 -9999 -9999 -9999 -9999 -9999 -9999 -9999 -9999 -9999 -9999 -9999 -9999 0.4 0.25 0.13636 0.17857 0.2439 0.2439 0.225 0.23077 0.16216 0.16216 0.17241 0.095238 0.4 0.4 0.4 0.4 0.4 0.4
-9999 0 0.37931 0.43182 0.086957 -9999 0 0.15789 0.29762 0.34118 0.34118 0.375 0.29762 0.43182 0.43182 0.2619 0.29762 0.32941 0.43182 0.086957 0 0.086957 0.45455 0.375 0.37931 0.34118 0.32143 0.225 0.39024 0.27381 0.4186 0.14286 0 0.086957 0.086957 0.16 0 -9999 -9999 -9999 -9999 -9999 -9999 -9999 -9999 -9999 -9999 -9999 0 0.086957 0 -9999 -9999 0.4 -9999 -9999 -9999 -9999 0.25 0.10526 0.17857 0.2439 0.2381 0.2439 0.225 0.23077 0.16216 0.16667 0.10526 0.4 0.4 0.4 0.4 0.4 0.4
-9999 0 0.39024 0.16 0 0 0.086957 0.4186 0.34118 0.32143 0.2619 0.047619 0.20513 0.4186 0.27381 0.27381 0.2619 0.29762 0.2 0.086957 0 0.12 0.2619 0.34884 0.38636 0.375 0.36782 0.34118 0.29762 0.2619 0.2 0.12 0 0 0 0.047619 -9999 -9999 -9999 -9999 -9999 -9999 0 0 0 0 0.086957 0.2 0.2619 0.29762 0.20513 0 -9999 0.4 -9999 -9999 -9999 0.4 0.095238 0.25 0.2439 0.2381 0.2381 0.2381 0.2439 0.23077 0.17241 0.13636 0.125 0.4 0.4 0.4 0.4 0.4 0.4
-9999 -9999 0 0 0 0.12 0.21951 0.27381 0.33333 0.32143 0.29762 0.28571 0.31707 0.14286 0.14286 0 0 -9999 0 0 0.15385 0.43182 0.32143 0.39326 0.39326 0.39326 0.37624 0.38636 0.32941 0.29412 0.43182 0.4186 0.27381 0.16 0 -9999 0 0.086957 0.43182 0.043478 0.12 0.43182 0.15385 0.12 0 0.12 0.2 0.32143 0.27381 0.29762 0.27381 0.086957 0 0.4 0.4 0.4 -9999 -9999 0.16 0.2439 0.2381 0.23256 0.25581 0.2381 0.2439 0.23077 0.17857 0.14286 0.13333 0.4 0.4 0.4 0.4 0.4 0.4
-9999 -9999 0 0.16 0.31707 0.30952 0.29762 0.28571 0.34118 0.32143 0.32941 0.38636 0.29412 0 -9999 -9999 -9999 -9999 0 0.14286 0.29762 0.2619 0.29762 0.34118 0.38636 0.38636 0.38636 0.38636 0.34884 0.34118 0.32143 0.29762 0.25 0.43182 0.17949 0.39024 0.2 0.27381 0.38636 0.36782 0.34118 0.34118 0.32143 0.29762 0.2619 0.39024 0.15385 0.16 0.2619 0.29762 0.29412 0.17857 0 0 0.13333 0.4 0.22222 -9999 0.16216 0.2619 0.25581 0.25581 0.25581 0.2619 0.2439 0.23077 0.17857 0.095238 0.22222 0.4 0.4 0.4 0.4 0.4 0.4
-9999 0 0.20513 0.225 0.44186 0.44186 0.42857 0.45455 0.045455 0.39024 0.29762 0.32143 0.43182 0 -9999 0 0.14286 0.34884 0.34118 0.32941 0.30952 0.30882 0.29762 0.34118 0.37931 0.38636 0.39326 0.38636 0.32143 0.30952 0.2619 0.29762 0.38636 0.27381 0.16 0 0.047619 0.39024 0.34884 0.38636 0.38636 0.38636 0.34884 0.29762 0.34118 0.27381 0.29762 0.32143 0.32143 0.34118 0.27381 0.39024 0.21951 0.16216 0 0.10526 0.13043 -9999 -9999 0.25581 0.25581 0.25581 0.25581 0.2381 0.2381 0.23077 0.17857 0.095238 0.25 0.4 0.4 0.4 0.4 0.4 0.4
-9999 0 0.43182 0.29762 0.32143 0.32143 0.32143 0.34118 0.39326 0.29762 0.32143 0.34884 0.32941 0.27381 0.29762 0.32143 0.36782 0.36634 0.41573 0.39326 0.39326 0.34884 0.29762 0.29762 0.38636 0.39326 0.49505 0.38636 0.27381 0 0.16 0.27381 0.38636 0.4186 0 -9999 -9999 0 0.27381 0.37931 0.38636 0.39326 0.34118 0.2619 0 0.225 0.30952 0.38636 0.36782 0.36047 0.29762 0.086957 0 0.12 0 0 0.16667 0.2069 -9999 0.25581 0.2381 0.2381 0.2381 0.2381 0.2381 0.2439 0.17857 0.095238 0.4 0.4 0.4 0.4 0.4 0.4 0.4
-9999 0 0.47525 0.36634 0.41573 0.38614 0.40449 0.38636 0.38636 0.37931 0.34884 0.375 0.37931 0.37931 0.39326 0.39326 0.39326 0.40449 0.41573 0.36634 0.37624 0.32143 0.21951 0.14286 0.38636 0.39326 0.36634 0.39773 0.32941 0.32143 0.2619 0.2619 0.34884 0.42857 0 -9999 -9999 0.086957 0.32143 0.37931 0.37931 0.36047 0.32941 0.2619 0.25 0.43182 0.32941 0.37931 0.32143 0.43182 0 -9999 -9999 -9999 -9999 0 0.2069 0.2069 -9999 0.2381 0.2381 0.2381 0.2381 0.2381 0.2381 0.25 0.16667 0.10526 0.4 0.4 0.4 0.4 0.4 0.4 0.4
-9999 0 0.36634 0.37624 0.49505 0.52941 0.36634 0.37931 0.32143 0.29762 0.27381 0.2619 0.29762 0.32143 0.34118 0.37209 0.36782 0.38636 0.38636 0.38636 0.39326 0.30952 0.2 0 0.34884 0.38636 0.38636 0.38636 0.38636 0.38636 0.32143 0.39024 0 0 0 0 0 0.16 0.32143 0.34884 0.34118 0.34884 0.29762 0.39024 0.14286 0.16216 0.29412 0.29762 0.2619 0.21951 0 -9999 -9999 -9999 -9999 0.086957 0.086957 0.2069 -9999 -9999 0.2381 0.2381 0.2381 0.2381 0.2381 0.225 0.16667 0.10526 0.25 0.4 0.4 0.4 0.4 0.4 0.4
-9999 0 0.38636 0.38636 0.38636 0.41573 0.37931 0.32143 0.2619 0.39024 0.16216 0.086957 0.14286 0.41463 0.2619 0.2619 0.4186 0.2069 0.42857 0.29762 0.36782 0.34884 0.32143 0.36047 0.34884 0.34884 0.34118 0.32143 0.34884 0.38636 0.29762 0.20513 0 0 0.043478 0.16216 0 0.14286 0.27381 0.2619 0.21951 0.43182 0.12 0 0 0 0.14286 0.42857 0.27381 0.29762 0.25 0 -9999 -9999 -9999 -9999 0 0 0.26829 -9999 0.2381 0.2381 0.2381 0.2381 0.2381 0.25 0.16667 0.10526 0.25 0.4 0.4 0.4 0.4 0.4 0.4
-9999 0 0.34118 0.29762 0.44186 0.16 0.14286 0.225 0.4186 0.41463 0.20513 0.086957 0.21429 0.43902 0.2619 0.36207 0.41463 0.12 0.125 0.086957 0.14286 0.086957 0.20513 0.29762 0.32143 0.32143 0.32143 0.30882 0.39024 0.27381 0.14286 0.086957 0.2 0.086957 0.12 0.225 0.2 0.12 0.12 0 -9999 -9999 -9999 0 0 0.14286 0.4186 0.29762 0.32143 0.34884 0.32143 0 -9999 -9999 -9999 -9999 -9999 0 0.26829 -9999 0.2381 0.2381 0.2381 0.2381 0.2381 0.2439 0.16 0.095238 0.25 0.4 0.4 0.4 0.4 0.4 0.4
-9999 0 0.34118 0.27381 0.20513 0 0.16 0.23077 0.44186 0.47727 0.47727 0.28571 0.27381 0.29762 0.32143 0.32941 0.32143 0.34118 0.225 0 -9999 -9999 0 0.4186 0.2619 0.43902 0.2619 0 -9999 -9999 -9999 -9999 -9999 0 0 -9999 0 -9999 -9999 -9999 -9999 -9999 0 0 0.42857 0.43182 0.2619 0.32941 0.32143 0.29762 0.4186 0 -9999 -9999 -9999 -9999 0 0 0.2069 -9999 -9999 0.2381 0.2381 0.2381 0.2381 0.2439 0.16 0.095238 0.13333 0.4 0.4 0.4 0.4 0.4 0.4
-9999 0 0.32143 0.2619 0.45238 0.44186 0.44186 0.47727 0.27381 0.27381 0.28571 0.28571 0.30952 0.34118 0.375 0.34884 0.30952 0.45455 0.16216 0.17857 0.46512 0.086957 0.12 0.4186 0.17949 0.086957 -9999 -9999 -9999 -9999 -9999 -9999 0.125 0.086957 0 0 0 0 0 -9999 -9999 -9999 0 0 0.15385 0.045455 0.14286 0.43182 0.29762 0.44186 0 -9999 -9999 -9999 -9999 0 0 0.16667 0.23077 0.23077 -9999 0.2381 0.2381 0.2381 0.2381 0.2439 0.16 0.10526 0.25 0.4 0.4 0.4 0.4 0.4 0.4
-9999 0 0.45455 0.43902 0.44186 0.47727 0.27381 0.27381 0.29762 0.29762 0.30952 0.32143 0.34118 0.37931 0.39326 0.34884 0.27381 0.20513 0.14286 0.45238 0.34884 0.5 0.14286 0 0.125 0.16 0.46341 0.21429 0.090909 0.14815 0 0 0.16 0.086957 0.16 0.2069 0.21053 0.41463 0.36585 -9999 -9999 -9999 0 0 -9999 -9999 0 0.12 0.15385 0.2 0.086957 -9999 -9999 -9999 -9999 0.125 0.30952 0.48837 0.41026 0.25 -9999 0.2381 0.2381 0.2381 0.2381 0.2439 0.16 0.10526 0.25 0.25 0.4 0.4 0.4 0.4 0.4
-9999 0 0 0.27381 0.47727 0.27381 0.29762 0.30952 0.30952 0.32143 0.32143 0.32941 0.29762 0.30952 0.36047 0.28571 0.16216 0 0 0.21053 0.30952 0.48837 0.16 0 0.21429 0.48837 0.30952 0.27381 0.21622 0.13043 0.16667 0.13043 0 0 0 0.16667 0 0.2069 0.2069 -9999 0 0.090909 0 0 -9999 -9999 0 0.125 0.16 0.086957 0 0 -9999 -9999 0 0.21622 0.30952 0.30952 0.30952 0.14286 -9999 -9999 0.2381 0.2381 0.2381 0.2439 0.16667 0.10526 0.25 0.4 0.4 0.4 0.4 0.4 0.4
-9999 0 0 0.33333 0.29762 0.28571 0.30952 0.32941 0.32941 0.32143 0.27381 0.16 0.16 0.16 0.14815 0 0 -9999 0 0.21429 0.29762 0.30952 0.27381 0.29762 0.28571 0.32143 0.35632 0.29762 0.425 0 0 0.21622 0.34118 0.46341 0.13043 0 0 0.16667 0.7381 0.21429 0 0 0 0 -9999 0 0.16667 0.44186 0.14286 0 0 0 0 0 0 0.44186 0.32941 0.32941 0.13953 0.14118 0.14286 -9999 0.2381 0.2381 0.2381 0.25 0.17391 0.125 0.4 0.4 0.4 0.4 0.4 0.4 0.4
