data/entities/Measures_gates_embank/CaseDifferenceDepth_m.asc
ncols         98 
nrows         130 
xllcorner     530385.4375 
yllcorner     504074.10385949 
cellsize      100 
NODATA_value -9999 
[rows 0 to 29 of 130, columns 0 to 68 of 98]
-9999 -9999 -9999 -9999 -9999 -9999 -9999 -9999 -9999 -9999 -9999 -9999 -9999 -9999 -9999 -9999 -9999 -9999 -9999 -9999 -9999 -9999 -9999 -9999 -9999 -9999 -9999 -9999 -9999 -9999 -9999 -9999 -9999 -9999 -9999 -9999 -9999 -9999 -9999 -9999 -9999 -9999 -9999 -9999 -9999 -9999 -9999 -9999 -9999 -9999 -9999 -9999 -9999 -9999 -9999 -9999 -9999 -9999 -9999 -9999 -9999 -9999 -9999 -9999 -9999 -9999 -9999 -9999 -9999
-9999 -9999 -9999 -9999 -9999 -9999 -9999 -9999 -9999 -9999 -9999 -9999 -9999 -9999 -9999 -9999 -9999 -9999 -9999 -9999 -9999 -9999 -9999 -9999 -0.7544 -0.7833 -0.8224 -0.7595 -0.6857 -0.5539 -0.4855 -0.4346 -0.4096 -0.3805 -0.3408 -0.3375 -0.3442 -0.3506 -0.3588 -9999 -9999 -9999 -9999 -9999 -9999 -9999 -9999 -9999 -9999 -9999 -9999 -9999 -9999 -9999 -9999 -9999 -9999 -9999 -9999 -9999 -9999 -9999 -9999 -9999 -9999 -9999 -9999 -9999 -9999
-9999 -9999 -9999 -9999 -9999 -9999 -9999 -9999 -9999 -9999 -9999 -9999 -9999 -9999 -9999 -9999 -9999 -9999 -9999 -9999 -9999 -9999 -0.7772 -0.7095 -0.6789 -0.1604 -0.1604 -0.1604 -0.1603 -0.1602 -0.16 -0.1599 -0.3997 -0.3748 -0.2714 -0.2264 -0.2712 -0.2803 -0.2751 -0.2749 -0.3027 -0.3296 -0.3542 -0.3642 -0.373 -0.3844 -0.3982 -9999 -9999 -9999 -9999 -9999 -9999 -9999 -9999 -9999 -9999 -9999 -9999 -9999 -9999 -9999 -9999 -9999 -9999 -9999 -9999 -9999 -9999
-9999 -9999 -9999 -9999 -9999 -9999 -9999 -9999 -9999 -9999 -9999 -9999 -9999 -9999 -9999 -9999 -9999 -9999 -9999 -9999 -0.05 -0.05 -0.05 -0.5979 -0.1604 -0.1604 -0.1604 -0.1603 -0.1601 -0.16 -0.1598 -0.1596 -0.1593 -0.1574 -0.1548 -0.1413 -0.1333 -0.1238 -0.117 -0.2201 -0.2305 -0.25 -0.2884 -0.263 -0.2456 -0.2423 -0.243 -0.2449 -0.2504 -0.2594 -0.2714 -0.2866 -0.3051 -0.3277 -9999 -9999 -9999 -9999 -9999 -9999 -9999 -9999 -9999 -9999 -9999 -9999 -9999 -9999 -9999
-9999 -9999 -9999 -9999 -9999 -9999 -9999 -9999 -9999 -9999 -9999 -9999 -9999 -9999 -9999 -9999 -9999 -9999 -9999 -0.05 -0.05 -0.05 -0.05 -0.1604 -0.1604 -0.1603 -0.1603 -0.1603 -0.1601 -0.16 -0.1599 -0.1597 -0.1594 -0.1579 -0.1456 -0.1371 -0.1289 -0.1224 -0.1131 -0.0929 -0.0653 -0.058 -0.0436 0.0181 -0.0151 -0.0338 -0.0448 -0.1372 -0.1135 -0.0932 -0.0781 -0.0679 -0.0621 -0.0582 -0.0516 -0.0506 -0.0509 -0.0658 -0.1083 -0.1507 -0.1881 -0.2263 -9999 -9999 -9999 -9999 -9999 -9999 -9999
-9999 -9999 -9999 -9999 -9999 -9999 -9999 -9999 -9999 -9999 -9999 -9999 -9999 -9999 -9999 -9999 -9999 -0.05 -0.05 -0.05 -0.05 -0.05 -0.05 -0.05 -0.1604 -0.1605 -0.1604 -0.1604 -0.1603 -0.1603 -0.1601 -0.1599 -0.1596 -0.1575 -0.1442 -0.1359 -0.1247 -0.1207 -0.1113 -0.0922 -0.0706 -0.0474 -0.0293 -0.0063 -0.0041 -0.0189 -0.03 -0.0424 -0.0519 -0.0583 -0.0695 -0.071 -0.0658 -0.061 -0.0542 -0.0568 -0.2057 -0.3224 -0.5031 -0.5346 -0.4633 -0.3881 -0.2813 -0.1411 -9999 -9999 -9999 -9999 -9999
-9999 -9999 -9999 -9999 -9999 -9999 -9999 -9999 -9999 -9999 -9999 -9999 -9999 -9999 -9999 -0.05 -0.05 -0.05 -0.05 -0.05 -0.05 -0.05 -0.05 -0.05 -0.1603 -0.1605 -0.1604 -0.1604 -0.1603 -0.1604 -0.1603 -0.1602 -0.16 -0.1587 -0.1386 -0.1266 -0.1216 -0.1191 -0.1091 -0.0899 -0.0717 -0.0567 -0.0418 -0.0253 -0.0146 -0.0245 -0.0357 -0.0487 -0.0606 -0.0729 -0.0814 -0.0816 -0.0818 -0.0824 -0.0824 -0.0822 -0.0821 -0.0818 -0.0812 -0.0804 -0.0799 -0.0784 -0.4965 -0.3234 -0.05 -0.05 -0.05 -9999 -9999
-9999 -9999 -9999 -9999 -9999 -9999 -9999 -9999 -9999 -9999 -9999 -9999 -9999 -9999 -0.05 -0.05 -0.05 -0.05 -0.05 -0.05 -0.05 -0.05 -0.05 -0.05 -0.05 -0.1604 -0.1604 -0.1604 -0.1604 -0.1604 -0.1604 -0.1603 -0.1602 -0.16 -0.1151 -0.1326 -0.1195 -0.1168 -0.1023 -0.0849 -0.0699 -0.06 -0.0526 -0.0453 -0.0404 -0.0406 -0.053 -0.0671 -0.0836 -0.0836 -0.0832 -0.0829 -0.0826 -0.0824 -0.0824 -0.0822 -0.0821 -0.0819 -0.0811 -0.08 -0.0793 -0.0783 -0.0776 -0.0775 -0.4015 -0.2192 -0.0501 -0.05 -0.05
-9999 -9999 -9999 -9999 -9999 -9999 -9999 -9999 -9999 -9999 -9999 -9999 -0.8563 -0.05 -0.05 -0.05 -0.05 -0.05 -0.05 -0.05 -0.05 -0.05 -0.05 -0.05 -0.05 -0.1604 -0.1603 -0.1604 -0.1603 -0.1604 -0.1604 -0.1605 -0.1605 -0.1605 -0.1605 -0.16 -0.1402 -0.05 -0.063 -0.0697 -0.0648 -0.0601 -0.0569 -0.0542 -0.0534 -0.0553 -0.0667 -0.0811 -0.0842 -0.0837 -0.0832 -0.0828 -0.0826 -0.0825 -0.0824 -0.0823 -0.0823 -0.0821 -0.0817 -0.0798 -0.0785 -0.0782 -0.078 -0.0779 -0.0779 -0.0779 -0.0776 -0.05 -0.05
-9999 -9999 -9999 -9999 -9999 -9999 -9999 -9999 -9999 -9999 -0.957 -0.8526 -0.7588 -0.747 -0.2276 -0.05 -0.05 -0.05 -0.05 -0.05 -0.05 -0.05 -0.05 -0.05 -0.05 -0.05 -0.1604 -0.1603 -0.1603 -0.1605 -0.1605 -0.1605 -0.1604 -0.1605 -0.1606 -0.1605 -0.1605 -0.1604 -0.05 -0.0568 -0.0602 -0.0596 -0.0587 -0.0586 -0.0603 -0.0663 -0.0762 -0.0848 -0.0842 -0.0836 -0.0831 -0.0827 -0.0825 -0.0825 -0.0825 -0.0824 -0.0824 -0.0823 -0.0817 -0.0795 -0.0783 -0.0781 -0.078 -0.078 -0.0781 -0.078 -0.0779 -0.078 -0.078
-9999 -9999 -9999 -9999 -9999 -9999 -9999 -9999 -9999 -9999 -0.8846 -0.8018 -0.2272 -0.2264 -0.2274 -0.2277 -0.2276 -0.05 -0.05 -0.05 -0.05 -0.05 -0.05 -0.05 -0.05 -0.05 -0.1587 -0.1602 -0.1605 -0.1605 -0.1605 -0.1606 -0.1605 -0.1605 -0.1605 -0.1606 -0.1606 -0.1605 -0.05 -0.05 -0.0587 -0.0601 -0.0608 -0.0623 -0.0655 -0.0717 -0.084 -0.085 -0.0842 -0.0834 -0.0829 -0.0826 -0.0826 -0.0825 -0.0824 -0.0824 -0.0824 -0.0814 -0.05 -0.0795 -0.078 -0.078 -0.078 -0.078 -0.078 -0.078 -0.078 -0.078 -0.0779
-9999 -9999 -9999 -9999 -9999 -9999 -9999 -9999 -9999 -9999 -0.8475 -0.7522 -0.2272 -0.2272 -0.2279 -0.2286 -0.2291 -0.2295 -0.2296 -0.05 -0.05 -0.05 -0.05 -0.05 -0.05 -0.05 -0.05 -0.16 -0.1607 -0.1607 -0.1606 -0.1605 -0.1605 -0.1605 -0.1605 -0.1605 -0.1604 -0.1604 -0.1576 -0.05 -0.0598 -0.0702 -0.0683 -0.0694 -0.0714 -0.0781 -0.0883 -0.0852 -0.0843 -0.0834 -0.0829 -0.0826 -0.0825 -0.0825 -0.0825 -0.0824 -0.0823 -0.0501 -0.05 -0.0781 -0.0781 -0.0781 -0.078 -0.0779 -0.078 -0.078 -0.078 -0.0779 -0.078
-9999 -9999 -9999 -9999 -9999 -9999 -9999 -9999 -9999 -0.9441 -0.6259 -0.2279 -0.2278 -0.2279 -0.2282 -0.2289 -0.2294 -0.2299 -0.23 -0.2301 -0.2301 -0.2301 -0.2301 -0.05 -0.05 -0.05 -0.05 -0.1612 -0.1612 -0.1611 -0.1607 -0.1606 -0.1605 -0.1605 -0.1604 -0.1605 -0.1604 -0.1604 -0.1604 -0.1603 -0.1481 -0.1249 -0.0994 -0.0888 -0.0811 -0.0852 -0.0886 -0.0927 -0.0843 -0.0832 -0.0829 -0.0826 -0.0824 -0.0824 -0.0824 -0.0823 -0.0824 -0.0586 -0.05 -0.0781 -0.0779 -0.078 -0.078 -0.0779 -0.0779 -0.078 -0.0779 -0.0779 -0.078
-9999 -9999 -9999 -9999 -9999 -9999 -9999 -9999 -9999 -0.8381 -0.1335 -0.2283 -0.2285 -0.2288 -0.2286 -0.2294 -0.2299 -0.2299 -0.23 -0.2301 -0.23 -0.2301 -0.23 -0.2297 -0.2244 -0.05 -0.05 -0.05 -0.1614 -0.1614 -0.161 -0.1606 -0.1604 -0.1605 -0.1605 -0.1605 -0.1604 -0.1604 -0.1604 -0.1604 -0.1601 -0.1592 -0.1561 -0.1483 -0.1272 -0.1067 -0.0524 -0.05 -0.0501 -0.0843 -0.0842 -0.0831 -0.0827 -0.0824 -0.0824 -0.0823 -0.0822 -0.0812 -0.08 -0.0782 -0.0779 -0.05 -0.0767 -0.0779 -0.0779 -0.0779 -0.0779 -0.0779 -0.0779
-9999 -9999 -9999 -9999 -9999 -9999 -9999 -9999 -9999 -0.7623 -0.3346 -0.2299 -0.2298 -0.2297 -0.2285 -0.2297 -0.23 -0.2301 -0.23 -0.23 -0.2301 -0.23 -0.063 -0.2183 -0.2178 -0.2153 -0.2148 -0.05 -0.1616 -0.162 -0.1612 -0.1607 -0.1605 -0.1604 -0.1605 -0.1604 -0.1604 -0.1605 -0.1603 -0.1603 -0.1601 -0.1594 -0.1568 -0.1475 -0.1342 -0.1274 -0.1319 -0.1129 -0.0997 -0.09 -0.0869 -0.0842 -0.0829 -0.0727 -0.0824 -0.0823 -0.0823 -0.0816 -0.0809 -0.0501 -0.05 -0.05 -0.05 -0.05 -0.05 -0.0775 -0.0779 -0.0779 -0.0779
-9999 -9999 -9999 -9999 -9999 -9999 -9999 -9999 -0.9616 -0.7156 -0.2304 -0.2303 -0.2304 -0.2302 -0.2302 -0.2302 -0.23 -0.2301 -0.23 -0.23 -0.2301 -0.23 -0.2232 -0.2184 -0.2165 -0.2151 -0.2147 -0.05 -0.05 -0.1644 -0.1617 -0.1605 -0.1605 -0.1604 -0.1605 -0.1604 -0.1605 -0.1604 -0.1604 -0.1604 -0.1602 -0.1595 -0.1485 -0.0501 -0.0501 -0.1325 -0.1815 -0.1845 -0.1162 -0.05 -0.0642 -0.0666 -0.0828 -0.0889 -0.091 -0.0836 -0.0819 -0.0502 -0.05 -0.05 -0.05 -0.05 -0.05 -0.05 -0.05 -0.05 -0.0776 -0.0779 -0.0778
-9999 -9999 -9999 -9999 -9999 -9999 -9999 -9999 -0.9006 -0.6941 -0.2304 -0.2303 -0.2304 -0.2302 -0.2302 -0.2302 -0.2301 -0.2301 -0.2301 -0.2301 -0.23 -0.2301 -0.2221 -0.2184 -0.217 -0.2152 -0.2128 -0.2085 -0.05 -0.1668 -0.1629 -0.161 -0.1606 -0.1606 -0.1605 -0.1604 -0.1603 -0.1604 -0.1604 -0.1603 -0.1603 -0.1597 -0.0745 -0.05 -0.05 -0.0595 -0.1869 -0.1864 -0.05 -0.05 -0.05 -0.05 -0.0999 -0.1855 -0.1747 -0.1291 -0.0835 -0.0501 -0.05 -0.05 -0.05 -0.05 -0.05 -0.05 -0.05 -0.05 -0.05 -0.0776 -0.0778
-9999 -9999 -9999 -9999 -9999 -9999 -9999 -9999 -0.8495 -0.7009 -0.2303 -0.2304 -0.2304 -0.2303 -0.2303 -0.2301 -0.2301 -0.2301 -0.23 -0.2301 -0.2301 -0.2301 -0.2285 -0.2217 -0.2201 -0.2167 -0.2147 -0.2132 -0.05 -0.05 -0.1606 -0.1605 -0.1605 -0.1605 -0.1605 -0.1605 -0.1604 -0.1604 -0.1604 -0.1603 -0.1601 -0.1618 -0.1423 -0.05 -0.05 -0.188 -0.1884 -0.1883 -0.1416 -0.05 -0.05 -0.05 -0.1901 -0.1903 -0.1902 -0.1899 -0.1899 -0.1545 -0.05 -0.05 -0.05 -0.05 -0.05 -0.05 -0.05 -0.05 -0.05 -0.05 -0.05
-9999 -9999 -9999 -9999 -9999 -9999 -9999 -0.9728 -0.8092 -0.2308 -0.2306 -0.2305 -0.2304 -0.2304 -0.2303 -0.2302 -0.2302 -0.2301 -0.23 -0.2301 -0.23 -0.2299 -0.2286 -0.2268 -0.224 -0.2214 -0.2168 -0.2156 -0.2166 -0.05 -0.1605 -0.1605 -0.1605 -0.1605 -0.1605 -0.1604 -0.1605 -0.1605 -0.1604 -0.1602 -0.1603 -0.1888 -0.1889 -0.1891 -0.1885 -0.1885 -0.1883 -0.1883 -0.1883 -0.1882 -0.05 -0.1174 -0.1903 -0.1903 -0.1902 -0.1896 -0.1923 -0.1951 -0.1955 -0.1743 -0.1127 -0.1053 -0.05 -0.05 -0.05 -0.05 -0.05 -0.05 -0.05
-9999 -9999 -9999 -9999 -9999 -9999 -9999 -0.9271 -0.7827 -0.2311 -0.2309 -0.2306 -0.2304 -0.2303 -0.2303 -0.2303 -0.2302 -0.23 -0.2299 -0.2243 -0.2287 -0.2289 -0.2285 -0.2285 -0.2274 -0.2243 -0.2169 -0.2159 -0.2173 -0.05 -0.1605 -0.1605 -0.1605 -0.1605 -0.1604 -0.1603 -0.1604 -0.1611 -0.1687 -0.091 -0.05 -0.1876 -0.19 -0.19 -0.05 -0.1883 -0.1882 -0.1884 -0.1886 -0.1889 -0.1887 -0.1902 -0.1904 -0.1903 -0.1902 -0.1894 -0.1999 -0.1999 -0.1997 -0.1996 -0.1995 -0.1992 -0.1514 -0.05 -0.05 -0.05 -0.05 -0.05 -0.05
-9999 -9999 -9999 -9999 -9999 -9999 -9999 -0.8893 -0.7734 -0.2315 -0.2314 -0.231 -0.2307 -0.2305 -0.2301 -0.2302 -0.2302 -0.2299 -0.172 -0.05 -0.05 -0.2277 -0.2288 -0.2289 -0.2286 -0.2252 -0.0501 -0.1616 -0.2218 -0.05 -0.1605 -0.1605 -0.1604 -0.1604 -0.1602 -0.1603 -0.1603 -0.1608 -0.05 -0.05 -0.1802 -0.1887 -0.1908 -0.1914 -0.1917 -0.1902 -0.1302 -0.1217 -0.1891 -0.1901 -0.1905 -0.1906 -0.1906 -0.1904 -0.1906 -0.1931 -0.1991 -0.1998 -0.1998 -0.1997 -0.1996 -0.1996 -0.1995 -0.1994 -0.1995 -0.05 -0.05 -0.05 -0.05
-9999 -9999 -9999 -9999 -9999 -9999 -0.9824 -0.8598 -0.2325 -0.2321 -0.2319 -0.2317 -0.2314 -0.2307 -0.2302 -0.2302 -0.2302 -0.2299 -0.2295 -0.1536 -0.0501 -0.2277 -0.2291 -0.229 -0.2291 -0.2294 -0.1988 -0.1695 -0.2272 -0.05 -0.05 -0.1604 -0.1602 -0.1603 -0.1602 -0.1364 -0.1605 -0.1752 -0.1706 -0.1405 -0.1919 -0.1916 -0.1917 -0.1917 -0.1919 -0.1919 -0.1369 -0.1492 -0.1913 -0.1912 -0.191 -0.1909 -0.1906 -0.1904 -0.1908 -0.1927 -0.1988 -0.1997 -0.1997 -0.1996 -0.1996 -0.1995 -0.1996 -0.1998 -0.1998 -0.1972 -0.0506 -0.05 -0.05
-9999 -9999 -9999 -9999 -9999 -9999 -0.9471 -0.8406 -0.2324 -0.2324 -0.2322 -0.2321 -0.2317 -0.2312 -0.1866 -0.23 -0.23 -0.2301 -0.2301 -0.2301 -0.2299 -0.2297 -0.2295 -0.2295 -0.2296 -0.2297 -0.2297 -0.2297 -0.2297 -0.2297 -0.05 -0.1603 -0.1602 -0.16 -0.1598 -0.1615 -0.1881 -0.1914 -0.192 -0.192 -0.1919 -0.1919 -0.1917 -0.1918 -0.1919 -0.1919 -0.1917 -0.1916 -0.1915 -0.1915 -0.1913 -0.1911 -0.1908 -0.1903 -0.1927 -0.1975 -0.1988 -0.1994 -0.1996 -0.1995 -0.1995 -0.1995 -0.1997 -0.1999 -0.2001 -0.2004 -0.2007 -0.2009 -0.2008
-9999 -9999 -9999 -9999 -9999 -9999 -0.9185 -0.8346 -0.2326 -0.2326 -0.2325 -0.2324 -0.2324 -0.2313 -0.2298 -0.23 -0.2301 -0.2301 -0.2302 -0.2302 -0.2301 -0.23 -0.2297 -0.2297 -0.2297 -0.2297 -0.2297 -0.2297 -0.2296 -0.2296 -0.2295 -0.05 -0.1601 -0.16 -0.1602 -0.1651 -0.1791 -0.1914 -0.192 -0.1921 -0.192 -0.192 -0.192 -0.192 -0.192 -0.1919 -0.1918 -0.1917 -0.1915 -0.1915 -0.1914 -0.1913 -0.1912 -0.189 -0.1897 -0.1972 -0.199 -0.1994 -0.1995 -0.1995 -0.1994 -0.1995 -0.1997 -0.2001 -0.2003 -0.2006 -0.2009 -0.2009 -0.2008
-9999 -9999 -9999 -9999 -9999 -0.9918 -0.8978 -0.2332 -0.233 -0.233 -0.2329 -0.2329 -0.2328 -0.2326 -0.2065 -0.23 -0.2301 -0.2302 -0.2302 -0.2302 -0.2301 -0.2299 -0.2298 -0.2298 -0.2296 -0.2297 -0.2297 -0.2298 -0.2297 -0.2297 -0.2295 -0.05 -0.16 -0.16 -0.1603 -0.1685 -0.1778 -0.1916 -0.1921 -0.1922 -0.1922 -0.1921 -0.192 -0.1921 -0.1921 -0.192 -0.1919 -0.1917 -0.1916 -0.1915 -0.1914 -0.1914 -0.1912 -0.05 -0.1361 -0.1975 -0.1989 -0.1994 -0.1993 -0.1993 -0.1993 -0.1996 -0.2002 -0.2005 -0.2008 -0.2009 -0.2009 -0.2009 -0.2008
-9999 -9999 -9999 -9999 -9999 -0.9628 -0.8849 -0.233 -0.233 -0.233 -0.233 -0.233 -0.233 -0.2327 -0.1132 -0.2289 -0.2304 -0.2303 -0.2302 -0.2302 -0.2301 -0.23 -0.2298 -0.2298 -0.2297 -0.2296 -0.2297 -0.2296 -0.2297 -0.2298 -0.2295 -0.0941 -0.05 -0.05 -0.1619 -0.1924 -0.1926 -0.1926 -0.1924 -0.1923 -0.1923 -0.1921 -0.1922 -0.1923 -0.1924 -0.1922 -0.1918 -0.1917 -0.1916 -0.1915 -0.1914 -0.1914 -0.1918 -0.1386 -0.0926 -0.1715 -0.1985 -0.2025 -0.2024 -0.1637 -0.2013 -0.201 -0.2011 -0.201 -0.201 -0.201 -0.201 -0.2009 -0.2009
-9999 -9999 -9999 -9999 -9999 -0.938 -0.8804 -0.2329 -0.2331 -0.2331 -0.2331 -0.233 -0.233 -0.2329 -0.2325 -0.2315 -0.2312 -0.2307 -0.2304 -0.2302 -0.2301 -0.23 -0.2299 -0.2297 -0.2297 -0.2297 -0.2297 -0.2296 -0.2297 -0.2296 -0.2297 -0.1427 -0.05 -0.05 -0.1656 -0.1926 -0.1925 -0.1927 -0.1924 -0.1924 -0.1923 -0.1922 -0.1921 -0.194 -0.1952 -0.1939 -0.1921 -0.1917 -0.1915 -0.1915 -0.1914 -0.1915 -0.192 -0.1917 -0.1912 -0.1977 -0.1977 -0.2041 -0.2031 -0.2024 -0.2023 -0.2018 -0.2017 -0.2014 -0.2013 -0.2011 -0.2011 -0.201 -0.2008
-9999 -9999 -9999 -9999 -0.9997 -0.9176 -0.2331 -0.2331 -0.2331 -0.2331 -0.2331 -0.2331 -0.2331 -0.2331 -0.233 -0.2326 -0.232 -0.2313 -0.2308 -0.2304 -0.2301 -0.2299 -0.2299 -0.2298 -0.2297 -0.2296 -0.2295 -0.2296 -0.2297 -0.2296 -0.2293 -0.2294 -0.1763 -0.05 -0.2944 -0.1891 -0.1928 -0.1929 -0.1926 -0.1924 -0.1923 -0.0919 -0.1905 -0.2026 -0.2042 -0.2022 -0.1874 -0.0501 -0.1915 -0.1915 -0.1914 -0.1915 -0.1968 -0.1964 -0.2093 -0.2108 -0.2107 -0.2106 -0.2037 -0.2024 -0.202 -0.2018 -0.2017 -0.2016 -0.2015 -0.2015 -0.2014 -0.2011 -0.201
-9999 -9999 -9999 -9999 -0.9728 -0.9034 -0.233 -0.2331 -0.233 -0.2331 -0.2331 -0.2331 -0.2331 -0.2332 -0.233 -0.2328 -0.2322 -0.2316 -0.231 -0.2306 -0.2311 -0.23 -0.2298 -0.2297 -0.2296 -0.2296 -0.2294 -0.2294 -0.2295 -0.1245 -0.2295 -0.2302 -0.2302 -0.05 -0.05 -0.1935 -0.1935 -0.1938 -0.1933 -0.1931 -0.1955 -0.209 -0.2209 -0.2195 -0.2183 -0.2139 -0.0803 -0.05 -0.1175 -0.1913 -0.1899 -0.0502 -0.05 -0.1613 -0.2105 -0.2106 -0.2105 -0.2105 -0.2077 -0.2051 -0.202 -0.2017 -0.2018 -0.2017 -0.2017 -0.2016 -0.2014 -0.2013 -0.2008
-9999 -9999 -9999 -9999 -0.9503 -0.8995 -0.233 -0.2331 -0.233 -0.233 -0.2331 -0.2331 -0.2331 -0.2333 -0.2333 -0.2332 -0.2327 -0.1756 -0.2323 -0.2311 -0.2299 -0.2298 -0.2296 -0.2296 -0.2296 -0.2295 -0.2295 -0.2295 -0.2297 -0.2298 -0.23 -0.2301 -0.2302 -0.2302 -0.05 -0.05 -0.05 -0.1963 -0.1998 -0.2066 -0.2195 -0.223 -0.223 -0.2225 -0.2221 -0.2214 -0.183 -0.05 -0.0876 -0.05 -0.05 -0.05 -0.2084 -0.2095 -0.2105 -0.2104 -0.2103 -0.2101 -0.2097 -0.209 -0.2071 -0.2046 -0.2028 -0.2024 -0.2025 -0.2021 -0.2018 -0.2015 -0.2006
