data/entities/Measures_gates_embank/CaseDifferenceDepth_m.asc
ncols         98 
nrows         130 
xllcorner     530385.4375 
yllcorner     504074.10385949 
cellsize      100 
NODATA_value -9999 
[rows 30 to 59 of 130, columns 0 to 68 of 98]
-9999 -9999 -9999 -1.0071 -0.9338 -0.2286 -0.2282 -0.228 -0.2276 -0.2276 -0.2276 -0.2276 -0.2282 -0.2282 -0.2282 -0.2283 -0.2281 -0.2279 -0.2269 -0.2257 -0.1381 -0.224 -0.2242 -0.2243 -0.2243 -0.2243 -0.2242 -0.2242 -0.2244 -0.2245 -0.2246 -0.2246 -0.2246 -0.1253 -0.0567 -0.05 -0.05 -0.05 -0.1904 -0.2052 -0.2105 -0.2107 -0.2106 -0.2101 -0.2099 -0.2094 -0.2081 -0.1047 -0.05 -0.05 -0.05 -0.05 -0.1972 -0.197 -0.1969 -0.1967 -0.1965 -0.1962 -0.1958 -0.1955 -0.1946 -0.1925 -0.19 -0.1894 -0.1892 -0.189 -0.1884 -0.1875 -0.1864
-9999 -9999 -9999 -0.9834 -0.9258 -0.2283 -0.2284 -0.2282 -0.1661 -0.2268 -0.2274 -0.2289 -0.2286 -0.2286 -0.2286 -0.2287 -0.2288 -0.2159 -0.2287 -0.2295 -0.2211 -0.2233 -0.2241 -0.2242 -0.2242 -0.2242 -0.2243 -0.2243 -0.2244 -0.2245 -0.2246 -0.2238 -0.05 -0.05 -0.05 -0.05 -0.0957 -0.05 -0.05 -0.2122 -0.2117 -0.2114 -0.2112 -0.2107 -0.2102 -0.2097 -0.0503 -0.05 -0.05 -0.05 -0.05 -0.1933 -0.1977 -0.1972 -0.197 -0.1966 -0.1964 -0.1961 -0.1956 -0.1953 -0.1949 -0.1941 -0.1904 -0.1901 -0.1899 -0.1899 -0.1894 -0.1878 -0.1865
-9999 -9999 -9999 -0.9646 -0.9285 -0.2286 -0.2286 -0.2284 -0.0503 -0.2277 -0.2295 -0.2293 -0.229 -0.229 -0.229 -0.229 -0.229 -0.229 -0.2289 -0.229 -0.18 -0.2253 -0.2244 -0.2242 -0.2243 -0.2241 -0.0505 -0.2239 -0.2246 -0.2246 -0.2246 -0.2225 -0.05 -0.05 -0.05 -0.05 -0.18 -0.2241 -0.05 -0.2172 -0.2128 -0.2121 -0.2118 -0.2116 -0.2114 -0.2115 -0.0583 -0.05 -0.05 -0.05 -0.0648 -0.1163 -0.199 -0.1992 -0.0744 -0.1965 -0.1964 -0.1959 -0.1955 -0.1953 -0.1949 -0.1933 -0.1929 -0.1926 -0.1916 -0.1913 -0.1913 -0.1895 -0.1876
-9999 -9999 -1.0148 -0.953 -0.2294 -0.2291 -0.2289 -0.2289 -0.2292 -0.2294 -0.2294 -0.2293 -0.2294 -0.2293 -0.2292 -0.2291 -0.229 -0.229 -0.2289 -0.2288 -0.2283 -0.2277 -0.2256 -0.2241 -0.2237 -0.208 -0.222 -0.223 -0.224 -0.2243 -0.2246 -0.2246 -0.2247 -0.1411 -0.0714 -0.0669 -0.1667 -0.1677 -0.05 -0.05 -0.2123 -0.2122 -0.2121 -0.2121 -0.2124 -0.2124 -0.2118 -0.132 -0.0818 -0.0501 -0.05 -0.05 -0.1985 -0.1987 -0.05 -0.05 -0.05 -0.1221 -0.1949 -0.1959 -0.1957 -0.1953 -0.1948 -0.1942 -0.193 -0.192 -0.1928 -0.1955 -0.2001
-9999 -9999 -0.9942 -0.9537 -0.2293 -0.2292 -0.2291 -0.2291 -0.2293 -0.2294 -0.2294 -0.2293 -0.2294 -0.2292 -0.2291 -0.2291 -0.229 -0.2289 -0.2288 -0.2287 -0.2286 -0.2284 -0.2256 -0.1055 -0.0505 -0.0625 -0.0501 -0.0972 -0.1887 -0.2243 -0.2244 -0.2246 -0.2247 -0.2015 -0.0549 -0.05 -0.05 -0.0501 -0.05 -0.05 -0.05 -0.2123 -0.2123 -0.2123 -0.2125 -0.2125 -0.2125 -0.2125 -0.2126 -0.2009 -0.05 -0.05 -0.1263 -0.1987 -0.05 -0.05 -0.05 -0.05 -0.166 -0.1976 -0.1968 -0.1958 -0.1953 -0.1952 -0.1952 -0.1951 -0.1949 -0.195 -0.195
-9999 -9999 -0.9812 -0.9667 -0.2292 -0.2293 -0.2292 -0.2293 -0.2294 -0.2293 -0.2293 -0.2293 -0.2293 -0.2293 -0.2292 -0.2291 -0.2291 -0.2289 -0.2288 -0.2287 -0.2283 -0.2282 -0.2272 -0.1596 -0.155 -0.1226 -0.0501 -0.0501 -0.0501 -0.05 -0.0502 -0.0533 -0.05 -0.0501 -0.0686 -0.0501 -0.0612 -0.1247 -0.2304 -0.2305 -0.05 -0.2122 -0.2124 -0.2124 -0.2127 -0.2128 -0.213 -0.2132 -0.2132 -0.2131 -0.213 -0.0916 -0.056 -0.1111 -0.05 -0.05 -0.05 -0.05 -0.0728 -0.2053 -0.2021 -0.1969 -0.1951 -0.1949 -0.195 -0.1951 -0.1949 -0.1948 -0.1938
-9999 -1.0236 -0.9825 -0.2295 -0.2293 -0.2293 -0.2293 -0.2292 -0.2292 -0.2293 -0.2292 -0.2292 -0.2292 -0.2293 -0.2291 -0.2291 -0.2292 -0.229 -0.229 -0.2288 -0.2278 -0.2287 -0.2289 -0.229 -0.229 -0.229 -0.2291 -0.2286 -0.1333 -0.0501 -0.0501 -0.05 -0.05 -0.0576 -0.2256 -0.2303 -0.2301 -0.2304 -0.2305 -0.2305 -0.2305 -0.05 -0.2122 -0.2127 -0.2128 -0.213 -0.2131 -0.2131 -0.2131 -0.2131 -0.2131 -0.213 -0.116 -0.05 -0.05 -0.05 -0.05 -0.05 -0.1431 -0.2254 -0.2188 -0.206 -0.196 -0.1943 -0.1949 -0.1949 -0.1948 -0.1948 -0.1621
-9999 -1.0094 -1.0002 -0.2292 -0.2293 -0.2292 -0.2292 -0.2292 -0.2292 -0.2292 -0.2292 -0.2291 -0.2291 -0.2292 -0.2291 -0.2291 -0.2291 -0.229 -0.2291 -0.2289 -0.2289 -0.2289 -0.2288 -0.2289 -0.229 -0.2291 -0.2291 -0.2293 -0.2294 -0.2294 -0.2291 -0.2295 -0.2297 -0.2302 -0.2307 -0.2301 -0.2302 -0.2304 -0.2304 -0.2304 -0.2305 -0.05 -0.05 -0.2129 -0.2129 -0.2131 -0.2131 -0.2131 -0.2131 -0.2131 -0.2131 -0.2131 -0.212 -0.05 -0.05 -0.05 -0.05 -0.05 -0.237 -0.2367 -0.2374 -0.2387 -0.2363 -0.1993 -0.0568 -0.1677 -0.186 -0.1361 -0.0581
-9999 -1.0148 -1.005 -0.2291 -0.2291 -0.2291 -0.2292 -0.2291 -0.2291 -0.2292 -0.2291 -0.2291 -0.2291 -0.2291 -0.2291 -0.2291 -0.229 -0.229 -0.229 -0.229 -0.2288 -0.2288 -0.2288 -0.229 -0.229 -0.229 -0.229 -0.2293 -0.2294 -0.2294 -0.2295 -0.2298 -0.23 -0.2303 -0.2305 -0.2308 -0.2306 -0.2304 -0.2304 -0.2305 -0.2304 -0.2305 -0.05 -0.05 -0.05 -0.2155 -0.2131 -0.2131 -0.2131 -0.2131 -0.2132 -0.2131 -0.183 -0.05 -0.05 -0.05 -0.05 -0.2442 -0.2459 -0.2448 -0.2449 -0.2451 -0.2451 -0.2418 -0.2344 -0.1479 -0.1318 -0.1336 -0.1456
-9999 -1.0233 -0.229 -0.229 -0.2291 -0.2291 -0.2291 -0.2291 -0.2291 -0.2291 -0.2291 -0.2291 -0.2291 -0.229 -0.2291 -0.2291 -0.229 -0.229 -0.229 -0.2289 -0.2291 -0.2282 -0.2286 -0.2291 -0.2292 -0.229 -0.2291 -0.2293 -0.2293 -0.2294 -0.2295 -0.2296 -0.2299 -0.2303 -0.2304 -0.2047 -0.2313 -0.2305 -0.2305 -0.2305 -0.2303 -0.2266 -0.2119 -0.1875 -0.05 -0.05 -0.05 -0.2131 -0.2131 -0.2131 -0.2132 -0.213 -0.121 -0.1616 -0.0643 -0.2035 -0.28892 -0.26491 -0.26175 -0.26215 -0.26511 -0.2456 -0.2451 -0.2415 -0.1505 -0.0945 -0.0638 -0.0501 -0.05
-9999 -0.8559 -0.175 -0.2289 -0.2293 -0.2292 -0.2292 -0.2291 -0.229 -0.229 -0.2291 -0.2291 -0.229 -0.229 -0.2289 -0.2289 -0.229 -0.2289 -0.2289 -0.229 -0.2291 -0.2292 -0.2293 -0.1554 -0.2284 -0.229 -0.229 -0.2293 -0.2292 -0.2293 -0.2293 -0.2296 -0.23 -0.2304 -0.2304 -0.2296 -0.2303 -0.2306 -0.2305 -0.2305 -0.2297 -0.1738 -0.2156 -0.2058 -0.233 -0.2331 -0.05 -0.05 -0.2132 -0.2146 -0.2176 -0.1933 -0.05 -0.05 -0.1807 -0.27216 -0.25945 -0.25791 -0.26045 -0.26095 -0.26481 -0.27111 -0.2461 -0.2421 -0.1615 -0.0501 -0.05 -0.05 -0.05
-9999 -0.8454 -0.231 -0.2309 -0.2306 -0.2304 -0.2298 -0.2294 -0.2291 -0.229 -0.2289 -0.2288 -0.2288 -0.2289 -0.2289 -0.2289 -0.2289 -0.2289 -0.229 -0.229 -0.229 -0.229 -0.2289 -0.2289 -0.229 -0.2291 -0.2292 -0.229 -0.2291 -0.2291 -0.2292 -0.2293 -0.2299 -0.2295 -0.2295 -0.2298 -0.2303 -0.2306 -0.2306 -0.2307 -0.2309 -0.2315 -0.2324 -0.2278 -0.2319 -0.2334 -0.2337 -0.05 -0.05 -0.2922 -0.2924 -0.3089 -0.0913 -0.1129 -0.2474 -0.25885 -0.25281 -0.25561 -0.26015 -0.26075 -0.26501 -0.26731 -0.2538 -0.2554 -0.2558 -0.2561 -0.1192 -0.05 -0.05
-9999 -0.9662 -0.2308 -0.2307 -0.2306 -0.2304 -0.2301 -0.2296 -0.2294 -0.229 -0.2286 -0.228 -0.2287 -0.2287 -0.2288 -0.2288 -0.2289 -0.229 -0.229 -0.2289 -0.2289 -0.2289 -0.2289 -0.2288 -0.2289 -0.2289 -0.2287 -0.2289 -0.2288 -0.2288 -0.2289 -0.2279 -0.05 -0.0501 -0.098 -0.2119 -0.2306 -0.2307 -0.2306 -0.2307 -0.231 -0.2312 -0.2325 -0.2332 -0.2336 -0.2338 -0.2337 -0.2341 -0.05 -0.05 -0.2928 -0.294 -0.1246 -0.1759 -0.29132 -0.25755 -0.25251 -0.25583 -0.26219 -0.26611 -0.26701 -0.26741 -0.26721 -0.2563 -0.2567 -0.2568 -0.2564 -0.0501 -0.05
-9999 -0.8767 -0.2307 -0.2306 -0.2305 -0.2303 -0.2301 -0.2298 -0.2294 -0.2283 -0.2278 -0.2279 -0.2291 -0.2287 -0.2286 -0.2287 -0.2289 -0.2289 -0.2288 -0.2289 -0.2289 -0.2289 -0.2289 -0.2289 -0.2288 -0.2288 -0.2287 -0.2286 -0.2286 -0.2286 -0.2285 -0.2269 -0.05 -0.0509 -0.0507 -0.05 -0.05 -0.2263 -0.2306 -0.2308 -0.2309 -0.0951 -0.2328 -0.2332 -0.2332 -0.055 -0.0501 -0.237 -0.2422 -0.05 -0.293 -0.2392 -0.05 -0.1344 -0.28872 -0.26155 -0.26085 -0.26411 -0.27292 -0.26262 -0.28256 -0.26741 -0.26721 -0.2566 -0.2568 -0.2569 -0.2571 -0.2421 -0.1132
-9999 -0.9136 -0.231 -0.2308 -0.2305 -0.2304 -0.2305 -0.2304 -0.2304 -0.1258 -0.2296 -0.2292 -0.2294 -0.2294 -0.2286 -0.2287 -0.2288 -0.2289 -0.2288 -0.2288 -0.2288 -0.2288 -0.2289 -0.2288 -0.2288 -0.2286 -0.2287 -0.2284 -0.2284 -0.2284 -0.2283 -0.2283 -0.2282 -0.2282 -0.2256 -0.0557 -0.05 -0.1802 -0.2301 -0.2311 -0.2316 -0.2324 -0.2328 -0.2331 -0.2332 -0.1049 -0.1178 -0.2418 -0.2432 -0.05 -0.3006 -0.1232 -0.05 -0.1543 -0.29032 -0.26255 -0.26205 -0.27146 -0.2263 -0.05 -0.2532 -0.26761 -0.26701 -0.26701 -0.2571 -0.2574 -0.26711 -0.28632 -0.2554
-9999 -1.0083 -0.2306 -0.2304 -0.2304 -0.2303 -0.2302 -0.2301 -0.2298 -0.2294 -0.2294 -0.2292 -0.2292 -0.2292 -0.229 -0.229 -0.2289 -0.2288 -0.2287 -0.2287 -0.2287 -0.2288 -0.2288 -0.2288 -0.2286 -0.2283 -0.1495 -0.2274 -0.2279 -0.2282 -0.2282 -0.2282 -0.2281 -0.2282 -0.2258 -0.0714 -0.1157 -0.2298 -0.2302 -0.2305 -0.2312 -0.2321 -0.2327 -0.2331 -0.2331 -0.2333 -0.2335 -0.2298 -0.1406 -0.05 -0.05 -0.05 -0.05 -0.139 -0.28732 -0.26255 -0.26215 -0.26381 -0.249 -0.2226 -0.2526 -0.256 -0.26906 -0.26681 -0.26681 -0.26661 -0.26651 -0.26676 -0.27586
-9999 -1.062 -0.2303 -0.2302 -0.23 -0.2299 -0.2298 -0.2297 -0.2296 -0.2296 -0.2294 -0.2292 -0.2291 -0.229 -0.2289 -0.2289 -0.2288 -0.2287 -0.2286 -0.2283 -0.2152 -0.1656 -0.2162 -0.05 -0.2218 -0.224 -0.2252 -0.2265 -0.2276 -0.228 -0.228 -0.2281 -0.2282 -0.2281 -0.1705 -0.0501 -0.1528 -0.2292 -0.2294 -0.2298 -0.2302 -0.2317 -0.2327 -0.2332 -0.2332 -0.2333 -0.2334 -0.2278 -0.1815 -0.05 -0.05 -0.05 -0.05 -0.0546 -0.2474 -0.26391 -0.26319 -0.26361 -0.26221 -0.26001 -0.26 -0.0895 -0.0607 -0.27562 -0.26621 -0.26631 -0.26601 -0.26591 -0.26686
-9999 -1.0474 -0.23 -0.23 -0.2299 -0.2297 -0.2296 -0.2296 -0.2294 -0.2294 -0.2293 -0.2285 -0.2288 -0.2288 -0.2288 -0.2288 -0.2287 -0.2286 -0.2284 -0.2278 -0.2185 -0.2248 -0.2296 -0.2297 -0.2297 -0.2296 -0.2273 -0.2271 -0.2277 -0.2279 -0.2281 -0.2281 -0.2282 -0.2283 -0.228 -0.0501 -0.187 -0.2283 -0.2287 -0.2289 -0.2293 -0.1699 -0.183 -0.2331 -0.2333 -0.2333 -0.192 -0.0739 -0.1734 -0.4329 -0.05 -0.05 -0.05 -0.05 -0.2089 -0.27476 -0.27186 -0.28896 -0.25671 -0.24581 -0.25996 -0.265 -0.2311 -0.28366 -0.26191 -0.26481 -0.26511 -0.26491 -0.26621
-9999 -0.9682 -0.2299 -0.2298 -0.2297 -0.2296 -0.2295 -0.2294 -0.2293 -0.2291 -0.229 -0.229 -0.2289 -0.2287 -0.2286 -0.2286 -0.2285 -0.2285 -0.2285 -0.2285 -0.2286 -0.2289 -0.2295 -0.2297 -0.2299 -0.2299 -0.2287 -0.2277 -0.2276 -0.2278 -0.228 -0.2281 -0.2282 -0.2282 -0.2284 -0.2282 -0.2264 -0.2276 -0.2281 -0.2283 -0.2269 -0.05 -0.05 -0.05 -0.0556 -0.05 -0.05 -0.05 -0.05 -0.0501 -0.05 -0.05 -0.05 -0.05 -0.0586 -0.2483 -0.25812 -0.2475 -0.25451 -0.24321 -0.24301 -0.24281 -0.25421 -0.24591 -0.24441 -0.25431 -0.25751 -0.25891 -0.26616
-9999 -0.8768 -0.2296 -0.2296 -0.2295 -0.2295 -0.2293 -0.2292 -0.229 -0.229 -0.2289 -0.2288 -0.2288 -0.2287 -0.2283 -0.2283 -0.2284 -0.2284 -0.2284 -0.2284 -0.2284 -0.229 -0.2297 -0.23 -0.2301 -0.2302 -0.2301 -0.2281 -0.2277 -0.2278 -0.2278 -0.2278 -0.2279 -0.2281 -0.2282 -0.2286 -0.2293 -0.2295 -0.2267 -0.2274 -0.0532 -0.05 -0.05 -0.05 -0.05 -0.05 -0.05 -0.0501 -0.0501 -0.0619 -0.05 -0.05 -0.05 -0.05 -0.05 -0.0629 -0.05 -0.184 -0.26146 -0.24291 -0.24261 -0.24211 -0.24221 -0.24271 -0.24291 -0.24261 -0.24771 -0.25111 -0.26546
-9999 -0.8482 -0.2292 -0.2292 -0.2292 -0.2292 -0.229 -0.2287 -0.2287 -0.2285 -0.2286 -0.2286 -0.2286 -0.2285 -0.2282 -0.2282 -0.2283 -0.2282 -0.2282 -0.2282 -0.2283 -0.2294 -0.2301 -0.2304 -0.2305 -0.2306 -0.2306 -0.2284 -0.2284 -0.2283 -0.2279 -0.2277 -0.2278 -0.2279 -0.228 -0.2282 -0.2289 -0.23 -0.2248 -0.1216 -0.0501 -0.05 -0.0501 -0.05 -0.0501 -0.0507 -0.0509 -0.0501 -0.1504 -0.2283 -0.1082 -0.0501 -0.05 -0.05 -0.05 -0.05 -0.05 -0.0501 -0.2492 -0.28826 -0.24251 -0.24171 -0.24171 -0.24171 -0.24181 -0.24171 -0.24031 -0.24651 -0.29114
-9999 -0.7983 -0.2287 -0.2287 -0.2285 -0.228 -0.2287 -0.2288 -0.2288 -0.2287 -0.2284 -0.2284 -0.2282 -0.2283 -0.2282 -0.2281 -0.2281 -0.2281 -0.2279 -0.2278 -0.2273 -0.2304 -0.2308 -0.2309 -0.231 -0.231 -0.231 -0.2309 -0.2305 -0.2298 -0.2291 -0.2284 -0.2273 -0.2276 -0.2278 -0.2279 -0.2281 -0.2309 -0.2266 -0.2049 -0.1208 -0.1487 -0.05 -0.11 -0.1869 -0.2308 -0.2308 -0.2307 -0.2307 -0.2307 -0.2307 -0.2189 -0.0622 -0.0612 -0.05 -0.05 -0.05 -0.05 -0.2181 -0.26242 -0.24211 -0.24141 -0.24141 -0.24141 -0.24131 -0.24131 -0.24131 -0.25016 -0.2648
-9999 -0.5437 -0.2281 -0.2277 -0.2276 -0.2275 -0.2297 -0.2302 -0.2301 -0.23 -0.2299 -0.2292 -0.2288 -0.2283 -0.2281 -0.2281 -0.2281 -0.228 -0.2277 -0.228 -0.2297 -0.2313 -0.2313 -0.2313 -0.2312 -0.2312 -0.2312 -0.2312 -0.2311 -0.2306 -0.2304 -0.2303 -0.2271 -0.2267 -0.227 -0.2277 -0.1956 -0.2315 -0.161 -0.0608 -0.2258 -0.2308 -0.23 -0.231 -0.2309 -0.2308 -0.2308 -0.2308 -0.2307 -0.2307 -0.2308 -0.2307 -0.1798 -0.05 -0.05 -0.05 -0.05 -0.0551 -0.28354 -0.24091 -0.24101 -0.24111 -0.24101 -0.24091 -0.24091 -0.24111 -0.24151 -0.26746 -0.2667
-9999 -0.2322 -0.2273 -0.2296 -0.2298 -0.2289 -0.2312 -0.2313 -0.2311 -0.2312 -0.2314 -0.2317 -0.2309 -0.2293 -0.2285 -0.2287 -0.2277 -0.2273 -0.2272 -0.2312 -0.2322 -0.232 -0.2318 -0.2317 -0.2315 -0.2316 -0.2314 -0.2314 -0.2313 -0.2311 -0.231 -0.231 -0.2309 -0.231 -0.2307 -0.1279 -0.2318 -0.2315 -0.2312 -0.2311 -0.2311 -0.2311 -0.2311 -0.231 -0.2309 -0.2308 -0.2308 -0.2307 -0.2307 -0.2307 -0.2308 -0.2307 -0.2307 -0.0716 -0.0501 -0.05 -0.05 -0.05 -0.24631 -0.24081 -0.24081 -0.24091 -0.24061 -0.24071 -0.24061 -0.24071 -0.24171 -0.29213 -0.2732
-9999 -0.2744 -0.2333 -0.2333 -0.2333 -0.2334 -0.233 -0.2325 -0.2319 -0.2321 -0.2325 -0.2327 -0.2326 -0.2316 -0.0948 -0.05 -0.2276 -0.1679 -0.2319 -0.2328 -0.2326 -0.2323 -0.2321 -0.2319 -0.2318 -0.2317 -0.2317 -0.2316 -0.2314 -0.2314 -0.2313 -0.2311 -0.2309 -0.2313 -0.2318 -0.2322 -0.2319 -0.2315 -0.2312 -0.2312 -0.2311 -0.2311 -0.2311 -0.231 -0.2309 -0.2308 -0.2307 -0.2307 -0.2308 -0.2307 -0.2307 -0.2308 -0.2308 -0.2307 -0.1924 -0.0954 -0.1703 -0.05 -0.24111 -0.24071 -0.24061 -0.24051 -0.24041 -0.24021 -0.24001 -0.24001 -0.24121 -0.28624 -0.2638
-9999 -0.5888 -0.2331 -0.2331 -0.2332 -0.2333 -0.2333 -0.2333 -0.2334 -0.2334 -0.2334 -0.2334 -0.2334 -0.2333 -0.1732 -0.2328 -0.2331 -0.233 -0.233 -0.233 -0.233 -0.2326 -0.2324 -0.2321 -0.232 -0.232 -0.2319 -0.2318 -0.2316 -0.2315 -0.2314 -0.2313 -0.2314 -0.2314 -0.2318 -0.2322 -0.2318 -0.2314 -0.2312 -0.2311 -0.2311 -0.231 -0.231 -0.231 -0.2309 -0.2309 -0.2308 -0.2307 -0.2308 -0.2308 -0.2308 -0.2307 -0.2308 -0.2307 -0.2309 -0.2255 -0.22876 -0.05 -0.05 -0.24041 -0.24041 -0.24041 -0.24031 -0.24011 -0.23941 -0.23731 -0.23421 -0.27074 -0.2329
-9999 -0.9367 -0.233 -0.233 -0.233 -0.2331 -0.233 -0.233 -0.2331 -0.2331 -0.2332 -0.2332 -0.2331 -0.2331 -0.2331 -0.2331 -0.233 -0.233 -0.233 -0.233 -0.233 -0.233 -0.2326 -0.2324 -0.2323 -0.2322 -0.2321 -0.2321 -0.2319 -0.2315 -0.2315 -0.2315 -0.2315 -0.2316 -0.2315 -0.05 -0.0536 -0.2312 -0.2312 -0.2312 -0.2311 -0.231 -0.231 -0.231 -0.2309 -0.2308 -0.2308 -0.2308 -0.2307 -0.2307 -0.2307 -0.2308 -0.2308 -0.2307 -0.2308 -0.2297 -0.21726 -0.21766 -0.05 -0.24041 -0.24031 -0.24031 -0.24021 -0.24031 -0.24001 -0.23981 -0.24321 -0.26662 -0.2023
-9999 -1.1555 -0.233 -0.233 -0.233 -0.233 -0.233 -0.2331 -0.233 -0.233 -0.2331 -0.2332 -0.2331 -0.233 -0.2331 -0.233 -0.233 -0.233 -0.233 -0.233 -0.233 -0.233 -0.233 -0.2328 -0.2325 -0.2325 -0.2324 -0.2323 -0.2322 -0.2321 -0.2321 -0.2318 -0.2316 -0.2316 -0.2317 -0.2321 -0.2315 -0.2311 -0.2311 -0.2312 -0.2311 -0.2311 -0.231 -0.231 -0.2309 -0.2308 -0.2308 -0.2307 -0.2307 -0.2308 -0.2308 -0.1382 -0.05 -0.05 -0.1836 -0.2303 -0.21766 -0.21736 -0.05 -0.24041 -0.24031 -0.24031 -0.24021 -0.24031 -0.24021 -0.24021 -0.25276 -0.26742 -0.1974
-9999 -1.1794 -0.233 -0.233 -0.233 -0.233 -0.233 -0.233 -0.233 -0.233 -0.2331 -0.2331 -0.2331 -0.233 -0.2331 -0.233 -0.2332 -0.2331 -0.2331 -0.2331 -0.2331 -0.2331 -0.2331 -0.2331 -0.2329 -0.2328 -0.2325 -0.2325 -0.2324 -0.2323 -0.2322 -0.232 -0.2319 -0.2321 -0.2323 -0.2316 -0.2314 -0.2312 -0.2312 -0.2312 -0.2311 -0.2311 -0.2311 -0.231 -0.2309 -0.2308 -0.2308 -0.2307 -0.2307 -0.2306 -0.2307 -0.1133 -0.05 -0.05 -0.0759 -0.2301 -0.2301 -0.21716 -0.05 -0.05 -0.24031 -0.24021 -0.24041 -0.24031 -0.24021 -0.24021 -0.25296 -0.26742 -0.2172
-9999 -1.123 -0.2329 -0.2329 -0.233 -0.233 -0.233 -0.233 -0.233 -0.2329 -0.2329 -0.2329 -0.2331 -0.233 -0.233 -0.233 -0.233 -0.233 -0.2331 -0.2331 -0.2331 -0.2331 -0.2331 -0.2331 -0.2331 -0.2332 -0.233 -0.2327 -0.2324 -0.2323 -0.2323 -0.2322 -0.2325 -0.2324 -0.232 -0.2316 -0.2314 -0.2313 -0.2312 -0.2312 -0.2311 -0.2311 -0.2311 -0.2309 -0.2308 -0.2307 -0.2306 -0.2306 -0.2306 -0.2306 -0.2306 -0.2305 -0.05 -0.05 -0.0547 -0.23 -0.2298 -0.2293 -0.19881 -0.05 -0.24021 -0.24041 -0.24021 -0.24021 -0.24021 -0.24021 -0.25306 -0.26722 -0.2065
