data/entities/Measures_gates_embank/CaseDifferenceDuration_fraction.asc
ncols         98 
nrows         130 
xllcorner     530385.4375 
yllcorner     504074.10385949 
cellsize      100 
NODATA_value -9999 
[rows 35 to 69 of 130, columns 0 to 79 of 98]
1 1 0 0 0.33333 0.28571 0.4 0.42857 0.33333 0.36471 0.3908 0.42697 0.41573 0.38636 0.38372 0.32143 0.5 0.14286 0.20513 0.39024 0.14286 0 0 1 1 1 1 1 1 1 1 1 1 1 1 1 1 1 0 0.38889 1 0.44186 0.14286 0.17857 0.20513 0.16 0.095238 0.086957 0.1 0.095238 1 1 1 1 1 1 1 1 1 0.11111 0.125 0.066667 0.10526 0.14286 0.14286 0.125 0 0 1 1 1 0 0 0 0 1 1 1 0 0
1 0 0 0.34118 0.32143 0.27381 0.44186 0.34524 0.37209 0.3908 0.39773 0.4382 0.41573 0.3908 0.34524 0.29762 0.28571 0.32353 0.32353 0.44186 0.21429 0.086957 0.16 0.20513 0.12 0.086957 0.21429 1 1 1 1 1 1 1 1 0.057143 1 0 0.086957 0.42857 0.095238 1 0 0.095238 0.4 0.47727 0.47727 0.42857 0.17857 0.095238 0.125 0 1 1 1 1 1 1 1 0.10526 0 0 0 0 0 0 0 0 1 1 1 1 0 0 0 0 0 0 0 0
1 0 0 0.34118 0.32143 0.29762 0.36471 0.3908 0.38636 0.39773 0.41573 0.4382 0.41573 0.3908 0.38372 0.34524 0.34524 0.36471 0.38372 0.32143 0.37647 0.27381 0.44186 0.32353 0.5 0.44186 0.47727 0.086957 0.095238 0.21429 0.05 0 0 0 0 0 0 0.086957 0.41463 0.74699 0.16 1 1 0.13043 0.47727 0.32353 0.46512 0.43902 0.3 0.20513 0.13043 0 1 1 1 1 1 1 0 0.095238 0.10526 0 0 0 1 1 1 1 1 1 0 0.0625 0 0 0 0 0 1 1 1
1 0 0 0.34118 0.34524 0.3908 0.39773 0.39773 0.41573 0.42697 0.49505 0.49505 0.41573 0.3908 0.33333 0.34524 0.35294 0.37647 0.34524 0.27381 0 0.086957 0.16 0.42857 0.20513 0.2069 0.13043 0.14286 0.41463 0.29762 0.27381 0.4 0.225 0.086957 0.095238 0.21429 0.095238 0.086957 0.20513 0.42857 0.42857 0.42857 1 1 1 0.066667 0.12 0.42857 0.41463 0.47727 0.3 0 1 1 1 1 0.6 1 0.10526 0.2069 0.16 0.125 0.095238 0 1 1 1 1 1 1 0 0.11111 0 0 0 0 0 1 1 1
1 0 0.36471 0.34524 0.32143 0.36471 0.38636 0.39326 0.49505 0.49505 0.49505 0.51961 0.42697 0.38636 0.35294 0.36471 0.3908 0.39773 0.36471 0.45238 0.39024 0 0 0 0 0 0.05 0.086957 0.4 0.32143 0.29762 0.43902 0.16 0.095238 0 1 0 0 0.12 0.16 0.095238 0 0 0 1 1 1 0.2069 0.13043 0.095238 0 0 0.6 0.5 0.6 0.6 0.19048 0.21429 0.28571 0.27273 0.275 0.13043 0.052632 0 1 1 1 1 1 1 1 0 0.0625 0.10526 0.10526 0.10526 0.10526 0.10526 0 0.066667
1 0 1 0 0.13043 0.086957 0.4 0.27381 0.29762 0.34524 0.35294 0.38636 0.36471 0.37647 0.38636 0.3908 0.38372 0.42697 0.32143 0.2619 0.16216 0.086957 0 1 1 0 0.086957 0 0.16 0.2619 0.47727 0.20513 0.16 0.047619 0 0 0 0.095238 0.14286 0.086957 0 1 1 0 0.086957 0.14815 1 1 0.11111 0 0 1 1 1 0.6 0.21739 0.29268 0.29545 0.27273 0.27273 0.275 0.20833 0 0 1 1 1 1 1 1 1 0.10526 0.125 0.1 0.13636 0.13636 0.16 0.095238 0.052632 0
1 0 0.32143 0.43902 0.4 0.47727 0.43902 0.42857 0.225 0.44186 0.20513 0.047619 0.12 0.27381 0.3908 0.38636 0.34524 0.16216 0.32143 0.35294 0.39773 0.35294 0.44186 0.086957 0 0 1 0 0.16 0.45238 0.20513 0.047619 0 0 0 0.086957 0.095238 0.16 0.43902 0.16216 0.095238 0 0 0 1 0 0.086957 1 1 0.15152 0.13636 0.2 0.6 0.6 0.15789 0.275 0.19118 0.22414 0.27273 0.28571 0.28205 0.18919 0.095238 0.1 0.052632 0 1 1 1 1 1 1 0.11111 0.0625 0.10526 0.10526 0.10526 0.0625 0 0
1 0 0.33333 0.29762 0.29762 0.32143 0.28571 0.45238 0.42857 0.14286 0 0 0 0.23077 0.39773 0.42697 0.38636 0.39773 0.38636 0.41573 0.50495 0.49505 0.39326 0.38636 0.28571 0.20513 0.17857 0.21429 0.39024 0.27381 0.13043 1 1 1 1 1 0 0.095238 0.44186 0.20513 0.095238 0.095238 0 0 0 0 0 0.086957 1 1 0.14925 0.21053 0.6 0.6 0.2381 0.29268 0.19118 0.29268 0.25641 0.21429 0.18919 0.18919 0.18919 0.16216 0.42857 0.21429 0 1 1 1 1 0.083333 0.12 0.1 0.0625 0 0 0 0 0
1 0 0.21429 0.43902 0.44186 0.5 0.44186 0.4 0.20513 0 0 1 0 0.13043 0.16216 0.29762 0.37209 0.39773 0.41573 0.42697 0.51961 0.51961 0.49505 0.49505 0.38372 0.32143 0.44186 0.32353 0.27381 0.29762 0.16 0 1 1 1 1 1 1 0 0 0 1 0 0 0 1 1 1 0 1 0 0.6 1 0.6 0.2381 0.275 0.28571 0.2069 0.19048 0.19048 0.18182 0.2069 0.18919 0.20513 0.45238 0.16216 0 1 0.6 0.6 1 0.61905 0.15476 0.16279 0.10526 0 1 1 1 0
1 0 0.29762 0.5 0.45238 0.20513 0.2069 0.086957 0 1 0 0.29762 0.28571 0.225 0 0.44186 0.34524 0.39773 0.38636 0.36471 0.29762 0.32143 0.36471 0.38372 0.34118 0.28571 0.34524 0.2619 0.47727 0.2619 0.42857 0.21053 0.32353 0.047619 1 1 1 1 0 0 0 0.12 0.086957 0.12 0.18421 1 1 1 1 1 0 0.6 1 0.6 0.2381 0.26829 0.28571 0.20833 0.375 1 0.1875 0.21429 0.18919 0.18919 0.45238 0.20513 0.21429 0.2381 0.15789 0.15789 0.15789 0.15789 0 0 0 1 1 1 1 0
1 0 0.34524 0.32143 0.30952 0.27381 0.44186 0.21429 0 0 0.43902 0.3908 0.39773 0.37931 0.38636 0.3908 0.38636 0.39326 0.38372 0.29762 0.27381 0.20513 0.16 0.37931 0.086957 0 1 0 0.16216 0.42857 0.47727 0.45238 0.23077 0.095238 1 1 1 0 0.047619 0.086957 0.086957 0.125 0.086957 0.16 0.16 0 0 1 1 1 1 1 1 0.6 0.2381 0.26829 0.28571 0.24138 0.21053 0.375 0.33333 0.15789 0.21739 0.2069 0.18919 0.18919 0.18919 0.20833 0.18182 0.2381 0.18182 0.2 0.6 1 1 1 1 1 1 0
1 0 0.34118 0.38372 0.38636 0.38614 0.40909 0.37209 0.38636 0.29762 0.47727 0.29762 0.29762 0.34524 0.38636 0.39773 0.39326 0.41573 0.29762 0.16 1 1 1 1 0 0 0 0.095238 0.21429 0.47727 0.44186 0.43902 0.2069 0 1 1 1 0 0.12 0.086957 0 1 0 0.095238 0.225 0.16 0 1 1 1 1 1 1 0.6 0.15789 0.18919 0.28571 0.18919 0.18919 0.24 0.15789 0.6 0.6 0.19048 0.2069 0.18919 0.18919 0.2069 0.20833 0.20833 0.20833 0.15789 0.6 0.6 1 1 1 1 1 0
1 0 0.39773 0.38636 0.40909 0.49505 0.4382 0.41573 0.41573 0.32143 0.23077 1 0.14286 0.29762 0.37931 0.39773 0.38636 0.3908 0.27381 0.16 1 0 0 0.32353 0.21429 0.095238 0 0 0.16 0.23077 0.45238 0.44186 0.37931 0.086957 1 1 1 0 0.15789 0.12 0 1 1 0 0.125 0 1 1 1 0 1 1 1 1 0.6 0.17391 0.20833 0.22727 0.21429 0.25641 0.21739 0.15789 0.375 0.22727 0.21429 0.18919 0.18919 0.18919 0.21429 0.21739 0.17391 0.6 0.6 0.6 1 1 0 0 0 0.090909
1 0 0.32143 0.38636 0.39773 0.42697 0.4382 0.42697 0.42697 0.38372 0.29762 0.5 0.44186 0.27381 0.38372 0.38372 0.34118 0.33333 0.34524 0.34524 0.39773 0.35294 0.34118 0.34118 0.27381 0.21053 0 0 0.16 0.4 0.44186 0.47727 0.27381 0.2069 0 0 0 0.047619 0.44186 0.13043 1 1 1 1 1 1 1 1 1 1 1 1 1 1 0.6 0.15789 0.19048 0.2 0.24 0.26829 0.28205 0.24138 0.25 0.21429 0.24138 0.22581 0.24138 0.21429 0.21739 0.15789 0.6 0.6 0.6 0.6 1 1 0 0.16667 0.086957 0.086957
1 0 0.34524 0.30952 0.35294 0.41573 0.39773 0.39773 0.42697 0.40449 0.38636 0.3908 0.30952 0.4 0.086957 0.43902 0.27381 0.29762 0.33333 0.35294 0.39773 0.3908 0.38372 0.37931 0.32143 0.37931 0.43902 0.090909 0.16 0.44186 0.47727 0.44186 0.43902 0.2069 0.13043 0 0.047619 0 0 1 1 1 1 1 1 1 1 1 1 1 1 1 1 1 1 0.6 1 0.6 0.21739 0.26829 0.26829 0.26829 0.25641 0.18919 0.18919 0.18919 0.18919 0.24138 0.21739 0.6 0.6 0.6 0.6 1 1 1 0.086957 0.086957 0.086957 0.086957
1 0 0.47727 0.4 0.23077 0.2069 0.21429 0.5 0.35294 0.3908 0.38636 0.38636 0.29762 0.2069 0 0.16 0.44186 0.30952 0.29762 0.46512 0.4 0.45455 0.32143 0.37209 0.35294 0.29762 0.21429 0 0.090909 0.43902 0.47727 0.43902 0.42857 0.20513 0.21429 0.13043 0.047619 0 0 1 1 1 1 1 1 1 1 1 1 1 1 1 1 1 1 1 1 0.6 0.375 0.22727 0.25 0.26829 0.26829 0.275 0.25641 0.27027 0.27027 0.24138 0.2381 0.6 0.6 0.6 0.6 0.6 0.6 0.6 0.6 0.2 0.13043 0.086957
1 0 0.3908 0.5 0.13043 1 0 0.21053 0.32143 0.37647 0.35294 0.38636 0.29762 0.45455 0.47727 0.27381 0.30952 0.34118 0.5 0.13043 0 0.13043 0.5 0.38636 0.3908 0.35294 0.34524 0.4 0.43902 0.29762 0.44186 0.21429 0 0.086957 0.13043 0.16 0 1 1 1 1 1 1 1 1 1 1 1 0 0.086957 0 1 1 0.6 1 1 1 1 0.375 0.21053 0.25 0.26829 0.2619 0.26829 0.275 0.25641 0.18919 0.20833 0.15789 0.6 0.6 0.6 0.6 0.6 0.6 0.6 0.6 0.6 0.2 0.086957
1 0 0.43902 0.16 0 0 0.13043 0.44186 0.35294 0.33333 0.27381 0.095238 0.23077 0.44186 0.29762 0.29762 0.27381 0.32143 0.4 0.086957 0 0.16 0.27381 0.38372 0.38636 0.38636 0.37931 0.35294 0.32143 0.27381 0.4 0.16 0 0 0 0.095238 1 1 1 1 1 1 0 0 0 0 0.13043 0.325 0.27381 0.29762 0.23077 0 1 0.6 1 1 1 0.6 0.2381 0.275 0.26829 0.28571 0.28571 0.2619 0.26829 0.28205 0.24138 0.18182 0.1875 0.6 0.6 0.6 0.6 0.6 0.6 0.6 0.6 0.6 0.6 0.086957
1 1 0 0 0.047619 0.16 0.41463 0.29762 0.34524 0.34524 0.29762 0.29762 0.43902 0.21429 0.14286 0 0 1 0 0 0.20513 0.5 0.32143 0.41573 0.41573 0.40449 0.48515 0.39773 0.34118 0.32353 0.5 0.44186 0.29762 0.16 0 1 0 0.086957 0.47727 0.086957 0.16 0.47727 0.20513 0.16 0.095238 0.16 0.4 0.32143 0.29762 0.30952 0.29762 0.086957 0 0.6 0.6 0.6 1 1 0.24 0.26829 0.28571 0.27907 0.27907 0.28571 0.26829 0.28205 0.21429 0.2381 0.2 0.6 0.6 0.6 0.6 0.6 0.6 0.6 0.6 0.6 0.375 0.086957
1 1 0 0.16 0.43902 0.32143 0.30952 0.29762 0.37647 0.33333 0.34118 0.38636 0.33824 0.095238 1 1 1 1 0 0.21429 0.29762 0.27381 0.32143 0.35294 0.38636 0.39773 0.39773 0.39773 0.38372 0.36471 0.32143 0.32143 0.2619 0.47727 0.23077 0.43902 0.4 0.29762 0.38636 0.37931 0.35294 0.35294 0.34524 0.29762 0.27381 0.43902 0.20513 0.16 0.27381 0.32143 0.32353 0.21429 0 0 0.2 0.6 0.33333 1 0.27027 0.28571 0.27907 0.27907 0.27907 0.28571 0.26829 0.28205 0.21429 0.2381 0.33333 0.6 0.6 0.6 0.6 0.6 0.6 0.6 0.6 0.6 0.14286 0.086957
1 0 0.23077 0.4 0.46512 0.46512 0.45238 0.5 0.090909 0.43902 0.29762 0.34524 0.5 0.047619 1 0 0.21429 0.38372 0.35294 0.34118 0.32143 0.33824 0.29762 0.35294 0.3908 0.39773 0.41573 0.39773 0.34524 0.32143 0.27381 0.32143 0.38636 0.29762 0.16 0 0.095238 0.43902 0.38372 0.39773 0.38636 0.39773 0.37209 0.32143 0.35294 0.29762 0.29762 0.33333 0.33333 0.34118 0.29762 0.43902 0.43902 0.18919 0 0.15789 0.17391 1 1 0.27907 0.27907 0.27907 0.27907 0.28571 0.28571 0.28205 0.21429 0.2381 0.375 0.6 0.6 0.6 0.6 0.6 0.6 0.6 0.6 0.375 0.086957 0.086957
1 0 0.5 0.32143 0.33333 0.33333 0.34524 0.34118 0.41573 0.29762 0.33333 0.38372 0.34118 0.29762 0.29762 0.33333 0.37931 0.38614 0.42697 0.41573 0.41573 0.37209 0.32143 0.30952 0.39773 0.42697 0.50495 0.39773 0.29762 0 0.16 0.29762 0.38636 0.44186 0 1 1 0 0.29762 0.3908 0.39773 0.42697 0.35294 0.27381 0 0.4 0.32143 0.39773 0.3908 0.38372 0.32143 0.13043 0 0.16 0 0 0.20833 0.24138 1 0.27907 0.28571 0.28571 0.28571 0.28571 0.28571 0.26829 0.21429 0.19048 0.6 0.6 0.6 0.6 0.6 0.6 0.6 0.6 0.6 0.15789 0.086957 0.086957
1 0 0.49505 0.38614 0.42697 0.49505 0.41573 0.39773 0.38636 0.37931 0.38372 0.38636 0.3908 0.3908 0.41573 0.39326 0.41573 0.41573 0.42697 0.47525 0.49505 0.34524 0.41463 0.21429 0.39773 0.41573 0.38614 0.39773 0.34118 0.32143 0.27381 0.27381 0.37209 0.42857 0 1 1 0.13043 0.33333 0.3908 0.3908 0.38372 0.34118 0.27381 0.2619 0.5 0.34118 0.3908 0.33333 0.5 0.095238 1 1 1 1 0 0.24138 0.24138 1 0.28571 0.28571 0.28571 0.28571 0.2619 0.2619 0.275 0.25 0.21053 0.6 0.6 0.6 0.6 0.6 0.6 0.6 0.6 0.6 0.375 0.13043 0.086957
1 0 0.38614 0.49505 0.50495 0.62745 0.38614 0.3908 0.33333 0.29762 0.29762 0.27381 0.30952 0.33333 0.35294 0.38372 0.37931 0.39773 0.39773 0.39773 0.41573 0.32143 0.4 0 0.38372 0.39773 0.39773 0.38636 0.39773 0.39773 0.32143 0.43902 0 0 0 0 0 0.16 0.34524 0.38372 0.36471 0.38372 0.29762 0.43902 0.17857 0.16216 0.32353 0.32143 0.27381 0.41463 0 1 1 1 1 0.13043 0.13043 0.24138 1 1 0.2619 0.2619 0.2619 0.2619 0.2619 0.275 0.25 0.21053 0.375 0.6 0.6 0.6 0.6 0.6 0.6 0.6 0.6 0.6 0.42857 0.42857
1 0 0.38636 0.39773 0.39773 0.42697 0.3908 0.33333 0.27381 0.43902 0.21622 0.13043 0.21429 0.46341 0.27381 0.27381 0.44186 0.2069 0.45238 0.30952 0.37931 0.38372 0.33333 0.38372 0.38372 0.38372 0.35294 0.33333 0.37209 0.38636 0.32143 0.23077 0 0 0.086957 0.18919 0 0.21429 0.29762 0.27381 0.39024 0.5 0.16 0.095238 0 0 0.21429 0.45238 0.28571 0.30952 0.27381 0 1 1 1 1 0 0.090909 0.39024 1 0.2619 0.2619 0.2619 0.2619 0.2619 0.275 0.25 0.21053 0.375 0.6 0.6 0.6 0.6 0.6 0.6 0.6 0.6 0.6 0.6 0.6
1 0 0.36471 0.30952 0.46512 0.2 0.21429 0.4 0.44186 0.43902 0.41026 0.13043 0.21429 0.46341 0.27381 0.39655 0.43902 0.16 0.16667 0.13043 0.21429 0.13043 0.41026 0.30952 0.34524 0.34524 0.33333 0.33824 0.43902 0.29762 0.21429 0.13043 0.4 0.13043 0.16 0.4 0.4 0.16 0.16 0 1 1 1 0 0 0.17857 0.44186 0.30952 0.34524 0.37209 0.34524 0 1 1 1 1 1 0 0.39024 1 0.2619 0.2619 0.2619 0.2619 0.2619 0.26829 0.24 0.19048 0.375 0.6 0.6 0.6 0.6 0.6 0.6 0.6 0.6 0.6 0.6 0.6
1 0 0.35294 0.29762 0.33333 0 0.2 0.4359 0.48837 0.52273 0.52273 0.29762 0.28571 0.30952 0.34524 0.34118 0.34524 0.35294 0.425 0 1 1 0 0.44186 0.27381 0.46341 0.27381 0 1 1 1 1 1 0 0 1 0 1 1 1 1 1 0 0 0.45238 0.47727 0.27381 0.34118 0.33333 0.30952 0.44186 0 1 1 1 1 0 0 0.27586 1 1 0.2619 0.2619 0.2619 0.2619 0.26829 0.24 0.19048 0.2 0.6 0.6 0.6 0.6 0.6 0.6 0.6 0.6 0.6 0.6 0.6
1 0 0.32143 0.27381 0.47619 0.46512 0.48837 0.52273 0.28571 0.28571 0.29762 0.29762 0.32143 0.35294 0.38636 0.37209 0.32143 0.5 0.21622 0.21429 0.48837 0.13043 0.16 0.44186 0.23077 0.13043 1 1 1 1 1 1 0.16667 0.13043 0 0 0 0 0 1 1 1 0 0.047619 0.20513 0.090909 0.21429 0.47727 0.29762 0.44186 0.095238 1 1 1 1 0 0 0.16667 0.41026 0.4359 1 0.2619 0.2619 0.2619 0.2619 0.26829 0.24 0.21053 0.375 0.6 0.6 0.6 0.6 0.6 0.6 0.6 0.6 0.6 0.6 0.6
1 0 0.5 0.46341 0.48837 0.52273 0.28571 0.29762 0.30952 0.30952 0.32143 0.34524 0.36471 0.3908 0.41573 0.37209 0.27381 0.33333 0.21429 0.5 0.37209 0.52273 0.21429 0 0.16667 0.2 0.4878 0.25 0.13636 0.22222 0 0 0.16 0.13043 0.2 0.31034 0.23684 0.43902 0.41463 1 1 1 0 0 1 1 0 0.16 0.20513 0.325 0.13043 1 1 1 1 0.16667 0.30952 0.51163 0.46154 0.38636 1 0.2619 0.2619 0.2619 0.2619 0.26829 0.24 0.21053 0.375 0.375 0.6 0.6 0.6 0.6 0.6 0.6 0.6 0.6 0.6 0.6
1 0 0 0.29762 0.52273 0.28571 0.30952 0.32143 0.32143 0.33333 0.34524 0.34118 0.32143 0.32143 0.38372 0.29762 0.21622 0 0 0.42105 0.32143 0.51163 0.24 0 0.21429 0.51163 0.33333 0.28571 0.35135 0.17391 0.16667 0.17391 0 0 0.090909 0.16667 0.095238 0.27586 0.27586 1 0 0.13636 0 0 1 1 0 0.16667 0.2 0.13043 0 0 1 1 0 0.40541 0.30952 0.30952 0.30952 0.20238 1 1 0.2619 0.2619 0.2619 0.26829 0.20833 0.15789 0.375 0.6 0.6 0.6 0.6 0.6 0.6 0.6 0.6 0.6 0.6 0.6
1 0 0 0.34524 0.30952 0.29762 0.32143 0.34118 0.34118 0.33333 0.29762 0.24 0.16 0.2 0.22222 0.095238 0 1 0 0.25 0.30952 0.30952 0.28571 0.30952 0.30952 0.33333 0.37931 0.30952 0.475 0 0.090909 0.43243 0.35294 0.4878 0.17391 0 0 0.16667 0.7381 0.21429 0 0 0 0 1 0 0.16667 0.48837 0.21429 0 0 0.047619 0 0 0 0.48837 0.34118 0.34118 0.19767 0.2 0.20238 1 0.2619 0.2619 0.2619 0.275 0.21739 0.1875 0.6 0.6 0.6 0.6 0.6 0.6 0.6 0.6 0.6 0.6 0.6 0.6
1 0 0 0.35294 0.34118 0.33333 0.33333 0.36471 0.39773 0.36471 0.29762 0.24324 0.13043 0 1 0 0 0.13043 0.4359 0.48837 0.29762 0.30952 0.32143 0.33333 0.34118 0.36047 0.37931 0.35294 0.30952 0.52273 0.31034 0.51163 0.33333 0.28571 0.35135 0 0 0.25 0.7381 0.425 0 1 1 0 0 0.25 0.51163 0.33333 0.35135 0 1 0 0 0 0 0.090909 0.25 0.51163 0.19767 0.2 0.20238 1 0.26829 0.2619 0.2619 0.275 0.2381 0.6 0.6 0.6 0.6 0.6 0.6 0.6 0.6 0.6 0.6 0.6 0.6 0.6
1 1 0 0 0.35294 0.35294 0.34118 0.36471 0.39773 0.39773 0.36471 0.35294 0.29762 0.4359 0 0 0.24 0.30952 0.33333 0.32143 0.32143 0.30952 0.28571 0.5122 0.28571 0.33333 0.38636 0.36047 0.37209 0.37931 0.34884 0.34118 0.35294 0.30952 0.48837 0.51163 0.17391 0.13043 0.095238 0.13636 0.047619 0.425 0 0 0 0.20833 0.28571 0.37209 0.30952 0.48718 0.4359 0 1 1 1 0 0 0.46341 0.19767 0.19767 0.20238 1 0.275 0.26829 0.2619 0.28205 0.1875 0.6 0.6 0.6 0.6 0.6 0.6 0.6 0.6 0.6 0.6 0.6 0.6 0.6
1 1 0 0 0.35294 0.35294 0.38824 0.38824 0.3908 0.39535 0.38372 0.36471 0.38372 0.37647 0.39773 0.35294 0.30952 0.30952 0.35294 0.36471 0.35294 0.34524 0.30952 0.53488 0.35294 0.29762 0.29762 0.30952 0.30952 0.32941 0.34118 0.33333 0.32941 0.30952 0.53488 0.090909 0.13636 0.16667 0.25 0.28571 0.21429 0 0.090909 0.16667 0.31034 0.5122 0.34118 0.39326 0.38636 0.37209 0.52273 0 1 1 1 0 0.43243 0.52273 0.19767 0.1954 0.20238 1 1 0.26829 0.26829 0.26316 0.375 0.6 0.6 0.6 0.6 0.6 0.6 0.6 0.6 0.6 0.6 0.6 0.6 0.6
1 1 0 0 0.34524 0.34118 0.36471 0.38372 0.38372 0.36471 0.36471 0.38372 0.3908 0.39773 0.41573 0.40449 0.39773 0.41573 0.39773 0.39773 0.40449 0.37931 0.35294 0.35294 0.30952 0.5122 0.25 0.21429 0.31034 0.52273 0.30952 0.30952 0.53488 0.28571 0.30952 0.35294 0.51163 0.51163 0.28571 0.32941 0.32941 0.37931 0.32941 0.30952 0.33333 0.46341 0.33333 0.39773 0.38636 0.38636 0.32941 0 1 1 1 0.095238 0.4878 0.28571 0.19767 0.1954 0.20238 1 1 0.275 0.26829 0.18919 0.375 0.6 0.6 0.6 0.6 0.6 0.6 0.6 0.6 0.6 0.6 0.6 0.6 0.6
