data/entities/Measures_gates_embank/CaseDifferenceDepth_m.asc
ncols         98 
nrows         130 
xllcorner     530385.4375 
yllcorner     504074.10385949 
cellsize      100 
NODATA_value -9999 
[rows 31 to 61 of 130, columns 0 to 67 of 98]
-9999 -9999 -9999 -0.9584 -0.9008 -0.2087 -0.2087 -0.2085 -0.1411 -0.2071 -0.2076 -0.2093 -0.209 -0.209 -0.209 -0.2091 -0.2092 -0.1909 -0.2091 -0.2099 -0.2002 -0.2035 -0.2043 -0.2044 -0.2044 -0.2045 -0.2045 -0.2046 -0.2047 -0.2048 -0.2049 -0.2041 -0.025 -0.025 -0.025 -0.025 -0.0707 -0.025 -0.025 -0.2002 -0.1997 -0.1995 -0.1992 -0.1987 -0.1981 -0.1975 -0.0253 -0.025 -0.025 -0.025 -0.025 -0.1817 -0.1863 -0.1858 -0.1857 -0.1853 -0.185 -0.1848 -0.1843 -0.184 -0.1836 -0.1828 -0.1793 -0.1788 -0.1788 -0.1788 -0.1784 -0.1768
-9999 -9999 -9999 -0.9396 -0.9035 -0.209 -0.2089 -0.2088 -0.0253 -0.2079 -0.2099 -0.2097 -0.2094 -0.2093 -0.2094 -0.2093 -0.2094 -0.2094 -0.2093 -0.2094 -0.155 -0.2055 -0.2046 -0.2044 -0.2045 -0.2044 -0.0255 -0.2042 -0.2049 -0.2049 -0.2048 -0.2017 -0.025 -0.025 -0.025 -0.025 -0.155 -0.2077 -0.025 -0.2056 -0.2009 -0.2001 -0.1999 -0.1996 -0.1995 -0.1997 -0.0333 -0.025 -0.025 -0.025 -0.0398 -0.0913 -0.1876 -0.188 -0.0494 -0.1851 -0.185 -0.1846 -0.1841 -0.184 -0.1836 -0.182 -0.1816 -0.1814 -0.1806 -0.1805 -0.1805 -0.1785
-9999 -9999 -0.9898 -0.928 -0.2098 -0.2094 -0.2092 -0.2092 -0.2096 -0.2098 -0.2098 -0.2097 -0.2097 -0.2096 -0.2095 -0.2094 -0.2094 -0.2093 -0.2092 -0.2092 -0.2086 -0.208 -0.2058 -0.2043 -0.2039 -0.183 -0.203 -0.2035 -0.2043 -0.2046 -0.2048 -0.2049 -0.205 -0.1161 -0.0464 -0.0419 -0.1417 -0.1427 -0.025 -0.025 -0.2003 -0.2003 -0.2002 -0.2002 -0.2005 -0.2005 -0.2 -0.107 -0.0568 -0.0251 -0.025 -0.025 -0.187 -0.1872 -0.025 -0.025 -0.025 -0.0971 -0.1834 -0.1847 -0.1845 -0.1842 -0.1836 -0.1831 -0.1819 -0.1811 -0.1822 -0.1863
-9999 -9999 -0.9692 -0.9287 -0.2097 -0.2096 -0.2094 -0.2095 -0.2097 -0.2098 -0.2097 -0.2096 -0.2097 -0.2096 -0.2095 -0.2095 -0.2093 -0.2092 -0.2092 -0.2091 -0.209 -0.2088 -0.2057 -0.0805 -0.0255 -0.0375 -0.0251 -0.0722 -0.1637 -0.2045 -0.2047 -0.2048 -0.2049 -0.1765 -0.0299 -0.025 -0.025 -0.0251 -0.025 -0.025 -0.025 -0.2003 -0.2004 -0.2004 -0.2006 -0.2006 -0.2006 -0.2006 -0.2006 -0.1759 -0.025 -0.025 -0.1013 -0.1871 -0.025 -0.025 -0.025 -0.025 -0.141 -0.1864 -0.1855 -0.1845 -0.1841 -0.1841 -0.1841 -0.1842 -0.1842 -0.1843
-9999 -9999 -0.9562 -0.9417 -0.2095 -0.2096 -0.2096 -0.2097 -0.2097 -0.2097 -0.2097 -0.2096 -0.2096 -0.2096 -0.2096 -0.2095 -0.2095 -0.2092 -0.2091 -0.209 -0.2087 -0.2085 -0.2074 -0.1346 -0.13 -0.0976 -0.0251 -0.0251 -0.0251 -0.025 -0.0252 -0.0283 -0.025 -0.0251 -0.0436 -0.0251 -0.0362 -0.0997 -0.2114 -0.2115 -0.025 -0.2003 -0.2004 -0.2005 -0.2008 -0.2009 -0.2011 -0.2013 -0.2013 -0.2012 -0.2011 -0.0666 -0.031 -0.0861 -0.025 -0.025 -0.025 -0.025 -0.0478 -0.1948 -0.1912 -0.1855 -0.1838 -0.1837 -0.1839 -0.184 -0.184 -0.1839
-9999 -0.9986 -0.9575 -0.2098 -0.2096 -0.2096 -0.2096 -0.2096 -0.2096 -0.2096 -0.2095 -0.2096 -0.2096 -0.2096 -0.2095 -0.2095 -0.2095 -0.2094 -0.2093 -0.2092 -0.2082 -0.209 -0.2093 -0.2093 -0.2094 -0.2094 -0.2095 -0.2089 -0.1083 -0.0251 -0.0251 -0.025 -0.025 -0.0326 -0.2009 -0.211 -0.211 -0.2113 -0.2114 -0.2115 -0.2115 -0.025 -0.2 -0.2008 -0.2009 -0.2011 -0.2012 -0.2012 -0.2012 -0.2012 -0.2012 -0.201 -0.091 -0.025 -0.025 -0.025 -0.025 -0.025 -0.1181 -0.2172 -0.2095 -0.1945 -0.1837 -0.1828 -0.1837 -0.1838 -0.1839 -0.1839
-9999 -0.9844 -0.9752 -0.2095 -0.2096 -0.2096 -0.2095 -0.2095 -0.2095 -0.2095 -0.2096 -0.2095 -0.2095 -0.2095 -0.2095 -0.2094 -0.2094 -0.2094 -0.2094 -0.2093 -0.2092 -0.2093 -0.2092 -0.2093 -0.2094 -0.2094 -0.2095 -0.2097 -0.2098 -0.2099 -0.2096 -0.21 -0.2103 -0.2108 -0.2113 -0.2109 -0.211 -0.2113 -0.2113 -0.2114 -0.2114 -0.025 -0.025 -0.2009 -0.201 -0.2012 -0.2012 -0.2012 -0.2012 -0.2012 -0.2012 -0.2012 -0.1998 -0.025 -0.025 -0.025 -0.025 -0.025 -0.2306 -0.2296 -0.2305 -0.2321 -0.2296 -0.1853 -0.0318 -0.1427 -0.1708 -0.1111
-9999 -0.9898 -0.98 -0.2094 -0.2094 -0.2094 -0.2095 -0.2094 -0.2094 -0.2095 -0.2094 -0.2094 -0.2094 -0.2094 -0.2094 -0.2094 -0.2094 -0.2093 -0.2093 -0.2094 -0.2091 -0.2092 -0.2092 -0.2093 -0.2094 -0.2094 -0.2094 -0.2097 -0.2098 -0.2099 -0.21 -0.2103 -0.2105 -0.2108 -0.2111 -0.2115 -0.2114 -0.2112 -0.2113 -0.2114 -0.2114 -0.2115 -0.025 -0.025 -0.025 -0.2037 -0.2012 -0.2012 -0.2012 -0.2012 -0.2013 -0.2012 -0.158 -0.025 -0.025 -0.025 -0.025 -0.2366 -0.2395 -0.2385 -0.2387 -0.239 -0.2391 -0.2353 -0.2274 -0.1229 -0.1068 -0.1086
-9999 -0.9983 -0.2093 -0.2093 -0.2094 -0.2094 -0.2095 -0.2095 -0.2094 -0.2094 -0.2094 -0.2094 -0.2094 -0.2093 -0.2094 -0.2094 -0.2094 -0.2093 -0.2093 -0.2093 -0.2095 -0.2085 -0.2089 -0.2094 -0.2096 -0.2094 -0.2095 -0.2097 -0.2097 -0.2098 -0.21 -0.2101 -0.2104 -0.2108 -0.211 -0.1797 -0.2121 -0.2113 -0.2113 -0.2114 -0.2112 -0.2058 -0.192 -0.1684 -0.025 -0.025 -0.025 -0.2012 -0.2012 -0.2012 -0.2012 -0.201 -0.096 -0.1366 -0.0393 -0.1785 -0.28122 -0.26021 -0.24295 -0.24335 -0.24835 -0.2393 -0.2389 -0.2347 -0.1255 -0.0695 -0.0388 -0.0251
-9999 -0.8309 -0.15 -0.2091 -0.2096 -0.2095 -0.2095 -0.2094 -0.2093 -0.2093 -0.2094 -0.2094 -0.2093 -0.2093 -0.2092 -0.2092 -0.2093 -0.2092 -0.2092 -0.2093 -0.2094 -0.2095 -0.2097 -0.1304 -0.2086 -0.2094 -0.2094 -0.2097 -0.2096 -0.2097 -0.2097 -0.21 -0.2105 -0.2109 -0.211 -0.2104 -0.2111 -0.2114 -0.2113 -0.2114 -0.2106 -0.1488 -0.1951 -0.1855 -0.2124 -0.2125 -0.025 -0.025 -0.2013 -0.2035 -0.2082 -0.1683 -0.025 -0.025 -0.1557 -0.28186 -0.23843 -0.23531 -0.24155 -0.24205 -0.25165 -0.26641 -0.2395 -0.2368 -0.1365 -0.0251 -0.025 -0.025
-9999 -0.8204 -0.2114 -0.2113 -0.211 -0.2107 -0.2101 -0.2098 -0.2094 -0.2092 -0.2092 -0.2091 -0.2091 -0.2092 -0.2092 -0.2092 -0.2092 -0.2092 -0.2093 -0.2093 -0.2094 -0.2093 -0.2093 -0.2092 -0.2093 -0.2095 -0.2095 -0.2094 -0.2095 -0.2095 -0.2096 -0.2097 -0.2103 -0.21 -0.2101 -0.2106 -0.2111 -0.2114 -0.2115 -0.2115 -0.2118 -0.2123 -0.2132 -0.207 -0.2108 -0.2127 -0.2129 -0.025 -0.025 -0.2803 -0.2803 -0.2877 -0.0663 -0.0879 -0.2409 -0.23995 -0.23021 -0.23311 -0.24123 -0.24185 -0.25799 -0.26251 -0.2482 -0.2498 -0.2503 -0.2505 -0.0942 -0.025
-9999 -0.9412 -0.2112 -0.2111 -0.2109 -0.2107 -0.2104 -0.21 -0.2097 -0.2092 -0.2089 -0.2082 -0.209 -0.209 -0.2091 -0.2091 -0.2092 -0.2093 -0.2093 -0.2092 -0.2093 -0.2092 -0.2092 -0.2091 -0.2092 -0.2092 -0.2091 -0.2093 -0.2092 -0.2092 -0.2092 -0.2082 -0.025 -0.0251 -0.073 -0.1869 -0.2114 -0.2115 -0.2115 -0.2115 -0.2118 -0.2121 -0.2134 -0.2142 -0.2146 -0.2132 -0.2129 -0.2132 -0.025 -0.025 -0.2803 -0.30342 -0.0996 -0.1509 -0.28482 -0.23865 -0.22991 -0.23453 -0.24819 -0.26141 -0.26211 -0.26251 -0.26221 -0.2508 -0.2512 -0.2513 -0.2497 -0.0251
-9999 -0.8517 -0.211 -0.211 -0.2108 -0.2107 -0.2105 -0.2101 -0.2097 -0.2085 -0.208 -0.2081 -0.2094 -0.209 -0.2089 -0.209 -0.2092 -0.2092 -0.2091 -0.2092 -0.2092 -0.2092 -0.2092 -0.2092 -0.2091 -0.2091 -0.2091 -0.209 -0.2089 -0.2089 -0.2089 -0.2073 -0.025 -0.0259 -0.0257 -0.025 -0.025 -0.2016 -0.2114 -0.2116 -0.2117 -0.0701 -0.2137 -0.214 -0.2141 -0.03 -0.0251 -0.2227 -0.2336 -0.025 -0.2803 -0.2142 -0.025 -0.1094 -0.28222 -0.24265 -0.24195 -0.25941 -0.26632 -0.25672 -0.29206 -0.26241 -0.26211 -0.2511 -0.2513 -0.2514 -0.2515 -0.2195
-9999 -0.8886 -0.2114 -0.2111 -0.2109 -0.2108 -0.2108 -0.2108 -0.2107 -0.1008 -0.21 -0.2096 -0.2098 -0.2097 -0.2089 -0.209 -0.2091 -0.2092 -0.2091 -0.2091 -0.2091 -0.2092 -0.2092 -0.2091 -0.2091 -0.209 -0.209 -0.2087 -0.2087 -0.2087 -0.2087 -0.2086 -0.2085 -0.2085 -0.2054 -0.0307 -0.025 -0.1552 -0.2109 -0.2119 -0.2124 -0.2132 -0.2136 -0.2139 -0.214 -0.0799 -0.0928 -0.2329 -0.2337 -0.025 -0.2802 -0.0982 -0.025 -0.1293 -0.28382 -0.24355 -0.24305 -0.28106 -0.2015 -0.025 -0.2477 -0.26251 -0.26191 -0.26191 -0.2516 -0.2519 -0.26191 -0.28024
-9999 -0.9833 -0.2109 -0.2108 -0.2107 -0.2107 -0.2105 -0.2104 -0.2102 -0.2098 -0.2097 -0.2095 -0.2096 -0.2095 -0.2093 -0.2093 -0.2092 -0.2091 -0.209 -0.209 -0.209 -0.2091 -0.2091 -0.2091 -0.2089 -0.2086 -0.1245 -0.2076 -0.2082 -0.2085 -0.2085 -0.2085 -0.2085 -0.2085 -0.2058 -0.0464 -0.0907 -0.2105 -0.2109 -0.2112 -0.212 -0.2129 -0.2135 -0.2139 -0.2139 -0.2141 -0.2143 -0.2048 -0.1156 -0.025 -0.025 -0.025 -0.025 -0.114 -0.28072 -0.24355 -0.24315 -0.25901 -0.2417 -0.1979 -0.2417 -0.2506 -0.27826 -0.26171 -0.26161 -0.26141 -0.26131 -0.26771
-9999 -1.037 -0.2106 -0.2105 -0.2104 -0.2103 -0.2101 -0.21 -0.2099 -0.21 -0.2097 -0.2096 -0.2095 -0.2093 -0.2092 -0.2092 -0.2091 -0.209 -0.2089 -0.2086 -0.1902 -0.1406 -0.1912 -0.025 -0.2018 -0.2041 -0.2053 -0.2067 -0.2079 -0.2083 -0.2083 -0.2084 -0.2085 -0.2084 -0.1455 -0.0251 -0.1278 -0.2098 -0.21 -0.2104 -0.2109 -0.2124 -0.2135 -0.214 -0.214 -0.2141 -0.2142 -0.2028 -0.1565 -0.025 -0.025 -0.025 -0.025 -0.0296 -0.2406 -0.25039 -0.24425 -0.25759 -0.25701 -0.25481 -0.2549 -0.0645 -0.0357 -0.26974 -0.26101 -0.26111 -0.26071 -0.26061
-9999 -1.0224 -0.2103 -0.2103 -0.2102 -0.2101 -0.2099 -0.2099 -0.2098 -0.2097 -0.2096 -0.2087 -0.2092 -0.2091 -0.2091 -0.2091 -0.209 -0.2089 -0.2087 -0.208 -0.1935 -0.2049 -0.21 -0.2101 -0.2101 -0.2101 -0.2075 -0.2074 -0.208 -0.2082 -0.2084 -0.2085 -0.2085 -0.2086 -0.2083 -0.0251 -0.162 -0.2089 -0.2093 -0.2095 -0.2099 -0.1449 -0.158 -0.2139 -0.214 -0.214 -0.167 -0.0489 -0.1484 -0.4079 -0.025 -0.025 -0.025 -0.025 -0.1839 -0.28426 -0.26721 -0.29836 -0.25141 -0.24041 -0.26886 -0.26 -0.2062 -0.29266 -0.25661 -0.25951 -0.25981 -0.25961
-9999 -0.9432 -0.2102 -0.2101 -0.2101 -0.2099 -0.2098 -0.2098 -0.2096 -0.2095 -0.2094 -0.2093 -0.2092 -0.209 -0.2089 -0.2089 -0.2088 -0.2088 -0.2088 -0.2088 -0.2089 -0.2093 -0.2099 -0.2101 -0.2103 -0.2103 -0.2091 -0.208 -0.208 -0.2081 -0.2083 -0.2084 -0.2085 -0.2086 -0.2088 -0.2085 -0.2067 -0.2081 -0.2086 -0.2089 -0.2074 -0.025 -0.025 -0.025 -0.0306 -0.025 -0.025 -0.025 -0.025 -0.0251 -0.025 -0.025 -0.025 -0.025 -0.0336 -0.2413 -0.25122 -0.2403 -0.24911 -0.23771 -0.23751 -0.23731 -0.24871 -0.24051 -0.23901 -0.24891 -0.25211 -0.25351
-9999 -0.8518 -0.2099 -0.2099 -0.2098 -0.2098 -0.2096 -0.2095 -0.2093 -0.2093 -0.2092 -0.2091 -0.2091 -0.209 -0.2086 -0.2086 -0.2087 -0.2087 -0.2087 -0.2087 -0.2087 -0.2094 -0.2101 -0.2104 -0.2105 -0.2106 -0.2105 -0.2084 -0.208 -0.2081 -0.2081 -0.2082 -0.2082 -0.2084 -0.2085 -0.2089 -0.2097 -0.21 -0.2071 -0.2078 -0.0282 -0.025 -0.025 -0.025 -0.025 -0.025 -0.025 -0.0251 -0.0251 -0.0369 -0.025 -0.025 -0.025 -0.025 -0.025 -0.0379 -0.025 -0.159 -0.27026 -0.23741 -0.23711 -0.23661 -0.23671 -0.23721 -0.23741 -0.23279 -0.24221 -0.24561
-9999 -0.8232 -0.2095 -0.2095 -0.2095 -0.2095 -0.2093 -0.2091 -0.209 -0.2088 -0.209 -0.2089 -0.2089 -0.2088 -0.2084 -0.2085 -0.2086 -0.2085 -0.2085 -0.2085 -0.2086 -0.2098 -0.2104 -0.2107 -0.2109 -0.211 -0.211 -0.2087 -0.2088 -0.2086 -0.2082 -0.208 -0.2081 -0.2082 -0.2084 -0.2085 -0.2092 -0.2105 -0.2054 -0.0966 -0.0251 -0.025 -0.0251 -0.025 -0.0251 -0.0257 -0.0259 -0.0251 -0.1254 -0.2074 -0.0832 -0.0251 -0.025 -0.025 -0.025 -0.025 -0.025 -0.0251 -0.2277 -0.29217 -0.23701 -0.23611 -0.23611 -0.23611 -0.23621 -0.23611 -0.23159 -0.24091
-9999 -0.7733 -0.209 -0.209 -0.2087 -0.2083 -0.209 -0.2091 -0.2091 -0.209 -0.2087 -0.2087 -0.2085 -0.2086 -0.2085 -0.2084 -0.2084 -0.2084 -0.2082 -0.2081 -0.2076 -0.2107 -0.2111 -0.2113 -0.2114 -0.2114 -0.2114 -0.2113 -0.2109 -0.2101 -0.2094 -0.2087 -0.2076 -0.2078 -0.208 -0.2082 -0.2084 -0.2114 -0.2071 -0.1799 -0.0958 -0.1237 -0.025 -0.085 -0.1619 -0.2141 -0.2145 -0.2149 -0.216 -0.2161 -0.2161 -0.194 -0.0372 -0.0362 -0.025 -0.025 -0.025 -0.025 -0.1931 -0.25452 -0.23641 -0.23571 -0.23571 -0.23571 -0.23561 -0.23561 -0.23561 -0.25896
-9999 -0.5187 -0.2083 -0.208 -0.2079 -0.2078 -0.21 -0.2106 -0.2104 -0.2103 -0.2102 -0.2095 -0.2091 -0.2086 -0.2084 -0.2084 -0.2084 -0.2083 -0.2079 -0.2082 -0.21 -0.2117 -0.2116 -0.2116 -0.2116 -0.2116 -0.2116 -0.2115 -0.2114 -0.211 -0.2107 -0.2107 -0.2074 -0.2069 -0.2073 -0.2079 -0.1706 -0.212 -0.136 -0.0358 -0.2033 -0.2108 -0.2101 -0.2145 -0.2155 -0.2159 -0.216 -0.2161 -0.2161 -0.2161 -0.2162 -0.2161 -0.1548 -0.025 -0.025 -0.025 -0.025 -0.0301 -0.27544 -0.23521 -0.23531 -0.23541 -0.23531 -0.23521 -0.23521 -0.23541 -0.23581 -0.27626
-9999 -0.2072 -0.2074 -0.2098 -0.21 -0.2091 -0.2115 -0.2116 -0.2115 -0.2115 -0.2118 -0.212 -0.2113 -0.2096 -0.2088 -0.209 -0.208 -0.2075 -0.2074 -0.2115 -0.2125 -0.2123 -0.2122 -0.212 -0.2118 -0.2119 -0.2118 -0.2117 -0.2116 -0.2115 -0.2113 -0.2113 -0.2112 -0.2113 -0.211 -0.1029 -0.2137 -0.2138 -0.2148 -0.2149 -0.2151 -0.2151 -0.2151 -0.2153 -0.2155 -0.2158 -0.216 -0.216 -0.2161 -0.2161 -0.2162 -0.2161 -0.2158 -0.0466 -0.0251 -0.025 -0.025 -0.025 -0.24061 -0.23511 -0.23511 -0.23521 -0.23491 -0.23501 -0.23491 -0.23501 -0.23601 -0.28804
-9999 -0.2494 -0.2158 -0.2148 -0.2142 -0.2139 -0.2133 -0.2128 -0.2122 -0.2124 -0.2129 -0.213 -0.213 -0.2119 -0.0698 -0.025 -0.2072 -0.1429 -0.2121 -0.2132 -0.213 -0.2126 -0.2124 -0.2122 -0.2121 -0.2121 -0.212 -0.2119 -0.2118 -0.2117 -0.2116 -0.2114 -0.2113 -0.2116 -0.2121 -0.2129 -0.2136 -0.2142 -0.2149 -0.2151 -0.2151 -0.2152 -0.2153 -0.2153 -0.2155 -0.2157 -0.2159 -0.216 -0.2162 -0.2161 -0.2161 -0.2162 -0.2161 -0.216 -0.1674 -0.0704 -0.1453 -0.025 -0.23541 -0.23501 -0.23491 -0.23481 -0.23333 -0.23103 -0.23431 -0.23421 -0.23541 -0.27804
-9999 -0.5638 -0.2162 -0.2157 -0.2155 -0.2151 -0.2148 -0.2146 -0.2138 -0.2139 -0.214 -0.2141 -0.2141 -0.2137 -0.1482 -0.2131 -0.2148 -0.2146 -0.2144 -0.214 -0.2134 -0.213 -0.2127 -0.2124 -0.2123 -0.2123 -0.2122 -0.2121 -0.212 -0.2118 -0.2117 -0.2116 -0.2118 -0.2117 -0.2121 -0.2128 -0.2138 -0.2146 -0.215 -0.2151 -0.2151 -0.2151 -0.2152 -0.2153 -0.2155 -0.2159 -0.2161 -0.2161 -0.2162 -0.2162 -0.2162 -0.2161 -0.2161 -0.216 -0.2162 -0.2071 -0.23676 -0.025 -0.025 -0.23471 -0.23471 -0.23471 -0.23461 -0.23441 -0.22883 -0.23151 -0.22841 -0.26244
-9999 -0.9117 -0.2167 -0.2166 -0.2165 -0.2164 -0.2162 -0.2161 -0.2163 -0.2157 -0.2154 -0.2153 -0.2154 -0.2156 -0.2156 -0.2152 -0.215 -0.2147 -0.2145 -0.2142 -0.2135 -0.2134 -0.213 -0.2127 -0.2126 -0.2125 -0.2125 -0.2124 -0.2122 -0.2118 -0.2118 -0.2118 -0.2118 -0.2119 -0.2118 -0.025 -0.0286 -0.2149 -0.2152 -0.2152 -0.2152 -0.2151 -0.2152 -0.2153 -0.2154 -0.216 -0.2162 -0.2163 -0.2162 -0.2162 -0.2161 -0.2162 -0.2161 -0.216 -0.216 -0.2121 -0.22181 -0.21671 -0.025 -0.23471 -0.23461 -0.23461 -0.23451 -0.23451 -0.23421 -0.23401 -0.23741 -0.25832
-9999 -1.1305 -0.2171 -0.2171 -0.217 -0.2169 -0.2168 -0.2167 -0.2164 -0.2162 -0.2161 -0.2159 -0.2158 -0.2158 -0.2158 -0.2156 -0.2152 -0.2149 -0.2146 -0.2143 -0.2141 -0.2138 -0.2135 -0.2131 -0.2129 -0.2128 -0.2127 -0.2126 -0.2125 -0.2124 -0.2124 -0.2121 -0.2119 -0.2118 -0.212 -0.2127 -0.2149 -0.2151 -0.2151 -0.2152 -0.2152 -0.2152 -0.2152 -0.2154 -0.2157 -0.216 -0.2163 -0.2163 -0.2163 -0.2164 -0.2163 -0.1132 -0.025 -0.025 -0.1586 -0.2243 -0.21681 -0.21661 -0.025 -0.23471 -0.23461 -0.23461 -0.23441 -0.23451 -0.23441 -0.23441 -0.25591 -0.25912
-9999 -1.1544 -0.2173 -0.2172 -0.2171 -0.2171 -0.217 -0.217 -0.217 -0.2168 -0.2166 -0.2164 -0.2163 -0.2162 -0.2163 -0.216 -0.2157 -0.2151 -0.2147 -0.2144 -0.2142 -0.2141 -0.2139 -0.2135 -0.2132 -0.2131 -0.2128 -0.2128 -0.2127 -0.2126 -0.2125 -0.2123 -0.2122 -0.2124 -0.2131 -0.2151 -0.215 -0.2152 -0.2152 -0.2152 -0.2152 -0.2152 -0.2153 -0.2154 -0.2158 -0.2162 -0.2165 -0.2166 -0.2167 -0.2167 -0.2165 -0.0883 -0.025 -0.025 -0.0509 -0.225 -0.2251 -0.21651 -0.025 -0.025 -0.23441 -0.23431 -0.23451 -0.23441 -0.23431 -0.23431 -0.25831 -0.25902
-9999 -1.098 -0.2176 -0.2175 -0.2174 -0.2173 -0.2173 -0.2176 -0.218 -0.218 -0.218 -0.2177 -0.2178 -0.2176 -0.2176 -0.2174 -0.2169 -0.2159 -0.2152 -0.2146 -0.2143 -0.2142 -0.2142 -0.2142 -0.2139 -0.2137 -0.2133 -0.213 -0.2126 -0.2126 -0.2126 -0.2125 -0.2128 -0.2132 -0.2144 -0.2153 -0.2153 -0.2153 -0.2152 -0.2152 -0.2152 -0.2152 -0.2153 -0.2154 -0.2167 -0.2168 -0.217 -0.2172 -0.2174 -0.2176 -0.2178 -0.2177 -0.025 -0.025 -0.0297 -0.2245 -0.2261 -0.2321 -0.19241 -0.025 -0.23431 -0.23451 -0.23431 -0.23431 -0.23431 -0.23431 -0.25131 -0.25852
-9999 -1.0417 -0.2184 -0.2183 -0.2181 -0.2179 -0.2186 -0.2194 -0.2197 -0.2199 -0.2202 -0.2199 -0.2197 -0.2194 -0.2193 -0.2193 -0.219 -0.2183 -0.2174 -0.2156 -0.2145 -0.2144 -0.2148 -0.215 -0.2146 -0.2143 -0.214 -0.2131 -0.2127 -0.2126 -0.2126 -0.2126 -0.2132 -0.2138 -0.2148 -0.2156 -0.2155 -0.2154 -0.2153 -0.2174 -0.1659 -0.025 -0.1223 -0.2168 -0.2176 -0.2177 -0.2179 -0.2178 -0.2179 -0.2179 -0.2178 -0.2179 -0.091 -0.025 -0.0257 -0.1086 -0.229 -0.2367 -0.19171 -0.025 -0.23441 -0.23431 -0.23421 -0.23431 -0.23421 -0.23431 -0.24511 -0.25782
-9999 -0.9883 -0.2194 -0.2196 -0.2198 -0.2199 -0.2214 -0.2216 -0.2218 -0.222 -0.222 -0.2221 -0.2219 -0.2214 -0.2212 -0.2212 -0.2213 -0.2216 -0.2216 -0.2198 -0.025 -0.1353 -0.2188 -0.2167 -0.2163 -0.2158 -0.2156 -0.2135 -0.1074 -0.025 -0.0251 -0.0656 -0.0251 -0.2167 -0.2224 -0.1557 -0.2201 -0.2192 -0.025 -0.0535 -0.0554 -0.2153 -0.2173 -0.2179 -0.218 -0.218 -0.2181 -0.2182 -0.2182 -0.2182 -0.2181 -0.2178 -0.0605 -0.025 -0.0251 -0.1277 -0.2365 -0.2365 -0.2365 -0.025 -0.025 -0.23411 -0.23421 -0.23421 -0.23421 -0.23431 -0.24471 -0.25692
