data/entities/Measures_gates_embank/CaseDifferenceDuration_fraction.asc
ncols         98 
nrows         130 
xllcorner     530385.4375 
yllcorner     504074.10385949 
cellsize      100 
NODATA_value -9999 
[rows 33 to 65 of 130, columns 0 to 74 of 98]
-9999 -9999 0 0 0.32143 0.30952 0.32353 0.086957 0.12 0.42857 0.2619 0.34118 0.32143 0.34118 0.38636 0.37931 0.34118 0.32143 0.45455 0.17857 0 0.12 0.095238 0 -9999 -9999 0 -9999 0 -9999 0 0 0 -9999 -9999 -9999 -9999 -9999 -9999 -9999 0.086957 0.16216 0.16216 0.12 0.12 0 -9999 -9999 -9999 -9999 -9999 -9999 -9999 0 -9999 -9999 -9999 -9999 0 0.14286 0.13636 0.13636 0.095238 0 0 -9999 0 0 0 -9999 -9999 -9999 -9999 0 -9999
-9999 -9999 0 0 0.32143 0.29762 0.41463 0.086957 0.29762 0.32143 0.37209 0.39326 0.39326 0.38636 0.37931 0.34118 0.29762 0.29762 0.2619 0.45455 0.33333 0.17241 0 -9999 -9999 -9999 -9999 -9999 -9999 0 0 0 0 -9999 -9999 -9999 -9999 -9999 -9999 -9999 -9999 0.41463 0.41463 0.34146 0.34146 0.086957 0 0 0 -9999 -9999 -9999 -9999 0 -9999 -9999 -9999 -9999 -9999 0.125 0.1 0.14286 0.17391 0.10526 0 0 0 0 0 -9999 -9999 -9999 0 0 0
-9999 -9999 0 0 0.32143 0.27381 0.225 0.42857 0.32143 0.34118 0.37931 0.41573 0.40449 0.38636 0.37209 0.29762 0.45455 0.14286 0.17949 0.31707 0.14286 0 0 -9999 -9999 -9999 -9999 -9999 -9999 -9999 -9999 -9999 -9999 -9999 -9999 -9999 -9999 -9999 0 0.37037 -9999 0.44186 0.14286 0.17857 0.17949 0.16 0.095238 0.086957 0.1 0.095238 -9999 -9999 -9999 -9999 -9999 -9999 -9999 -9999 -9999 0 0.0625 0.066667 0.10526 0.14286 0.14286 0 0 0 -9999 -9999 -9999 0 0 0 0
-9999 0 0 0.34118 0.30952 0.2619 0.44186 0.33333 0.36047 0.37931 0.38636 0.41573 0.39326 0.37931 0.33333 0.29762 0.27381 0.32353 0.32353 0.44186 0.17857 0.13043 0.12 0.17949 0.12 0.086957 0.17857 -9999 -9999 -9999 -9999 -9999 -9999 -9999 -9999 0.057143 -9999 0 0.086957 0.45238 0 -9999 0 0.095238 0.225 0.47727 0.45455 0.42857 0.17857 0.095238 0 0 -9999 -9999 -9999 -9999 -9999 -9999 -9999 0.10526 0 0 0 0 0 0 0 0 -9999 -9999 -9999 -9999 0 0 0
-9999 0 0 0.32941 0.29762 0.29762 0.34118 0.37931 0.38636 0.38636 0.40449 0.41573 0.39326 0.37931 0.36047 0.33333 0.32143 0.34118 0.36047 0.32143 0.36471 0.2619 0.44186 0.32353 0.45455 0.44186 0.45455 0.13043 0.095238 0.17857 0 0 0 0 0 0 0 0.086957 0.34146 0.74699 0.12 -9999 -9999 0.086957 0.45455 0.32353 0.44186 0.41463 0.225 0.17949 0.13043 0 -9999 -9999 -9999 -9999 -9999 -9999 0 0.095238 0.10526 0 0 0 -9999 -9999 -9999 -9999 -9999 -9999 0 0.0625 0 0 0
-9999 0 0 0.34118 0.33333 0.37931 0.38636 0.39773 0.39326 0.41573 0.38614 0.38614 0.39326 0.37931 0.32143 0.32143 0.34118 0.34118 0.33333 0.2619 0 0.086957 0.16 0.42857 0.17949 0.2069 0.13043 0.14286 0.34146 0.27381 0.2619 0.325 0.2 0.13043 0 0.17857 0 0.086957 0.17949 0.42857 0.42857 0.42857 -9999 -9999 -9999 0.066667 0.12 0.42857 0.41463 0.47727 0.2 0 -9999 -9999 -9999 -9999 0.4 -9999 0.10526 0.17241 0.12 0.125 0.095238 0 -9999 -9999 -9999 -9999 -9999 -9999 0 0.11111 0 0 0
-9999 0 0.34118 0.32143 0.32143 0.34118 0.38636 0.39326 0.38614 0.38614 0.38614 0.5 0.41573 0.375 0.34118 0.34118 0.37931 0.39773 0.34118 0.45238 0.34146 0 0 0 0 0 0 0.086957 0.325 0.30952 0.27381 0.41463 0.12 0.047619 0 -9999 0 0 0.12 0.12 0.095238 0 0 0 -9999 -9999 -9999 0.17241 0.13043 0.095238 0 0 0.4 0.33333 0.4 0.4 0.14286 0.21429 0.2619 0.27273 0.275 0.13043 0.052632 0 -9999 -9999 -9999 -9999 -9999 -9999 -9999 0 0.0625 0.10526 0.10526
-9999 0 -9999 0 0.13043 0.086957 0.325 0.2619 0.29762 0.33333 0.34118 0.38636 0.34118 0.35294 0.38636 0.37931 0.37209 0.40449 0.30952 0.2619 0.16216 0.086957 0 -9999 -9999 0 0.086957 0 0.16 0.2619 0.45455 0.17949 0.16 0 0 0 0 0 0.14286 0.086957 0 -9999 -9999 0 0.086957 0.14815 -9999 -9999 0.11111 0 0 -9999 -9999 -9999 0.4 0.21739 0.29268 0.27273 0.27273 0.27273 0.275 0.20833 0 0 -9999 -9999 -9999 -9999 -9999 -9999 -9999 0.10526 0.125 0.15 0.22727
-9999 0 0.29762 0.41463 0.225 0.45455 0.41463 0.45238 0.225 0.44186 0.17949 0 0.12 0.2619 0.37931 0.375 0.33333 0.16216 0.29762 0.34118 0.38636 0.34118 0.44186 0.086957 0 0 -9999 0 0.16 0.45238 0.17949 0 0 0 0 0.086957 0.095238 0.12 0.41463 0.16216 0.095238 0 0 0 -9999 0 0.086957 -9999 -9999 0.045455 0.030303 0.13333 0.4 0.4 0.10526 0.275 0.19118 0.22414 0.27273 0.28571 0.17949 0.18919 0.095238 0.1 0.052632 0 -9999 -9999 -9999 -9999 -9999 -9999 0 0.0625 0.10526
-9999 0 0.32143 0.28571 0.29762 0.29762 0.27381 0.45238 0.45238 0.14286 0 0 0 0.20513 0.38636 0.41573 0.38636 0.38636 0.375 0.39326 0.49505 0.38614 0.39326 0.38636 0.27381 0.17949 0.17857 0.17857 0.34146 0.2619 0.13043 -9999 -9999 -9999 -9999 -9999 0 0.047619 0.44186 0.17949 0.095238 0.095238 0 0 0 0 0 0.086957 -9999 -9999 0.14925 0.15789 0.4 0.4 0.19048 0.26829 0.19118 0.26829 0.17949 0.17857 0.16216 0.16216 0.16216 0.16216 0.45238 0.17857 0 -9999 -9999 -9999 -9999 0.2619 0.2 0.15 0.0625
-9999 0 0.17857 0.41463 0.44186 0.47727 0.44186 0.225 0.17949 0 0 -9999 0 0.13043 0.16216 0.29762 0.34884 0.39773 0.39326 0.41573 0.5 0.5098 0.38614 0.38614 0.36047 0.29762 0.44186 0.32353 0.27381 0.29762 0.12 0 -9999 -9999 -9999 -9999 -9999 -9999 0 0 0 -9999 0 0 0 -9999 -9999 -9999 0 -9999 0 0.4 -9999 0.4 0.14286 0.275 0.28571 0.2069 0.095238 0.095238 0.18182 0.2069 0.16216 0.17949 0.45238 0.16216 0 -9999 0.4 0.4 -9999 0.82143 0.28571 0.46512 0.10526
-9999 0 0.28571 0.47727 0.45238 0.20513 0.2069 0.086957 0 -9999 0 0.27381 0.27381 0.225 0 0.44186 0.33333 0.38636 0.38636 0.34118 0.29762 0.32143 0.34118 0.37209 0.32941 0.27381 0.32143 0.2619 0.45455 0.2619 0.45238 0.15789 0.32353 0 -9999 -9999 -9999 -9999 0 0 0 0.12 0.13043 0.12 0.15789 -9999 -9999 -9999 -9999 -9999 0 0.4 -9999 0.4 0.19048 0.26829 0.2619 0.20833 0.25 -9999 0.125 0.21429 0.16216 0.16216 0.45238 0.20513 0.21429 0.095238 0.10526 0.10526 0.10526 0.15789 0 0 0
-9999 0 0.33333 0.30952 0.29762 0.27381 0.44186 0.17857 0 0 0.34146 0.37931 0.38636 0.37931 0.38636 0.37931 0.38636 0.39326 0.37209 0.27381 0.27381 0.17949 0.12 0.36207 0.086957 0 -9999 0 0.16216 0.45238 0.45455 0.45238 0.20513 0.095238 -9999 -9999 -9999 0 0 0.086957 0.086957 0.125 0.13043 0.16 0.12 0 0 -9999 -9999 -9999 -9999 -9999 -9999 0.4 0.14286 0.26829 0.2619 0.2069 0.10526 0.25 0.22222 0.10526 0.21739 0.2069 0.16216 0.16216 0.16216 0.20833 0.18182 0.19048 0.18182 0.13333 0.4 -9999 -9999
-9999 0 0.34118 0.37209 0.38636 0.36634 0.39773 0.34884 0.38636 0.29762 0.45455 0.29762 0.27381 0.33333 0.38636 0.39773 0.39326 0.39326 0.29762 0.12 -9999 -9999 -9999 -9999 0 0 0 0.047619 0.17857 0.45455 0.44186 0.34146 0.2069 0 -9999 -9999 -9999 0 0.12 0.086957 0 -9999 0 0 0.2 0.12 0 -9999 -9999 -9999 -9999 -9999 -9999 0.4 0.10526 0.18919 0.2619 0.18919 0.18919 0.2 0.10526 0.4 0.4 0.095238 0.2069 0.16216 0.16216 0.2069 0.20833 0.20833 0.20833 0.10526 0.4 0.4 -9999
-9999 0 0.38636 0.375 0.39773 0.38614 0.41573 0.41573 0.40449 0.30952 0.20513 -9999 0.14286 0.27381 0.37931 0.38636 0.38636 0.37931 0.27381 0.12 -9999 0 0 0.32353 0.17857 0 0 0 0.16 0.20513 0.45238 0.44186 0.36207 0.13043 -9999 -9999 -9999 0 0.15789 0.12 0 -9999 -9999 0 0.125 0 -9999 -9999 -9999 0 -9999 -9999 -9999 -9999 0.4 0.17391 0.20833 0.18182 0.21429 0.25641 0.21739 0.10526 0.25 0.18182 0.21429 0.16216 0.16216 0.16216 0.21429 0.21739 0.17391 0.4 0.4 0.4 -9999
-9999 0 0.30952 0.375 0.39773 0.41573 0.41573 0.41573 0.41573 0.37209 0.28571 0.47727 0.44186 0.27381 0.37209 0.36047 0.34118 0.32143 0.33333 0.33333 0.38636 0.34118 0.32941 0.32941 0.27381 0.18421 0 0 0.12 0.325 0.44186 0.45455 0.2619 0.2069 0 0 0 0 0.44186 0.13043 -9999 -9999 -9999 -9999 -9999 -9999 -9999 -9999 -9999 -9999 -9999 -9999 -9999 -9999 0.4 0.10526 0.095238 0.13333 0.24 0.26829 0.25641 0.24138 0.20833 0.21429 0.2069 0.22581 0.2069 0.21429 0.21739 0.10526 0.4 0.4 0.4 0.4 -9999
-9999 0 0.32143 0.29762 0.34118 0.39326 0.39773 0.38636 0.41573 0.39326 0.38636 0.37931 0.29762 0.325 0.086957 0.41463 0.2619 0.27381 0.32143 0.34118 0.38636 0.37931 0.34884 0.36782 0.32143 0.36207 0.41463 0.090909 0.12 0.44186 0.45455 0.44186 0.34146 0.2069 0.13043 0 0 0 0 -9999 -9999 -9999 -9999 -9999 -9999 -9999 -9999 -9999 -9999 -9999 -9999 -9999 -9999 -9999 -9999 0.4 -9999 0.4 0.21739 0.26829 0.26829 0.26829 0.25641 0.18919 0.18919 0.18919 0.18919 0.2069 0.17391 0.4 0.4 0.4 0.4 -9999 -9999
-9999 0 0.45455 0.225 0.20513 0.2069 0.17857 0.47727 0.34118 0.37931 0.375 0.38636 0.29762 0.2069 0 0.16 0.44186 0.29762 0.28571 0.46512 0.225 0.45455 0.30952 0.34884 0.34118 0.29762 0.17857 0 0.090909 0.41463 0.45455 0.41463 0.45238 0.17949 0.17857 0.13043 0 0 0 -9999 -9999 -9999 -9999 -9999 -9999 -9999 -9999 -9999 -9999 -9999 -9999 -9999 -9999 -9999 -9999 -9999 -9999 0.4 0.25 0.18182 0.21429 0.26829 0.26829 0.25 0.25641 0.18919 0.18919 0.24138 0.19048 0.4 0.4 0.4 0.4 0.4 0.4
-9999 0 0.37931 0.45455 0.13043 -9999 0 0.18421 0.29762 0.34118 0.34118 0.375 0.29762 0.45455 0.45455 0.2619 0.29762 0.32941 0.45455 0.13043 0 0.13043 0.47727 0.375 0.37931 0.34118 0.32143 0.325 0.41463 0.28571 0.44186 0.17857 0 0.13043 0.13043 0.16 0 -9999 -9999 -9999 -9999 -9999 -9999 -9999 -9999 -9999 -9999 -9999 0 0.086957 0 -9999 -9999 0.4 -9999 -9999 -9999 -9999 0.25 0.10526 0.21429 0.26829 0.2619 0.26829 0.275 0.25641 0.18919 0.20833 0.10526 0.4 0.4 0.4 0.4 0.4 0.4
-9999 0 0.41463 0.16 0 0 0.13043 0.44186 0.34118 0.32143 0.2619 0.047619 0.23077 0.44186 0.27381 0.28571 0.27381 0.29762 0.225 0.086957 0 0.16 0.27381 0.34884 0.38636 0.38636 0.37931 0.34118 0.30952 0.2619 0.325 0.12 0 0 0 0.047619 -9999 -9999 -9999 -9999 -9999 -9999 0 0 0 0 0.13043 0.225 0.27381 0.29762 0.20513 0 -9999 0.4 -9999 -9999 -9999 0.4 0.19048 0.275 0.26829 0.2619 0.2619 0.2619 0.26829 0.25641 0.2069 0.18182 0.125 0.4 0.4 0.4 0.4 0.4 0.4
-9999 -9999 0 0 0 0.16 0.34146 0.27381 0.33333 0.32143 0.29762 0.28571 0.41463 0.17857 0.14286 0 0 -9999 0 0 0.17949 0.45455 0.32143 0.39326 0.39326 0.39326 0.37624 0.38636 0.32941 0.30882 0.47727 0.44186 0.27381 0.16 0 -9999 0 0.086957 0.45455 0.086957 0.16 0.45455 0.17949 0.12 0 0.12 0.225 0.32143 0.27381 0.29762 0.27381 0.086957 0 0.4 0.4 0.4 -9999 -9999 0.24 0.26829 0.2619 0.25581 0.27907 0.2619 0.26829 0.25641 0.21429 0.19048 0.13333 0.4 0.4 0.4 0.4 0.4 0.4
-9999 -9999 0 0.16 0.41463 0.30952 0.29762 0.29762 0.34118 0.32143 0.32941 0.38636 0.32353 0 -9999 -9999 -9999 -9999 0 0.17857 0.29762 0.27381 0.30952 0.34118 0.38636 0.38636 0.38636 0.38636 0.37209 0.34118 0.32143 0.29762 0.2619 0.45455 0.20513 0.41463 0.325 0.28571 0.38636 0.37931 0.34118 0.34118 0.33333 0.29762 0.27381 0.41463 0.17949 0.16 0.27381 0.29762 0.30882 0.21429 0 0 0.13333 0.4 0.22222 -9999 0.18919 0.28571 0.27907 0.27907 0.27907 0.28571 0.26829 0.25641 0.21429 0.19048 0.22222 0.4 0.4 0.4 0.4 0.4 0.4
-9999 0 0.20513 0.35 0.46512 0.46512 0.45238 0.47727 0.045455 0.41463 0.29762 0.33333 0.47727 0 -9999 0 0.17857 0.37209 0.34118 0.32941 0.30952 0.32353 0.29762 0.34118 0.37931 0.38636 0.39326 0.38636 0.33333 0.30952 0.27381 0.30952 0.38636 0.28571 0.16 0 0.047619 0.41463 0.34884 0.38636 0.38636 0.38636 0.34884 0.30952 0.34118 0.28571 0.29762 0.32143 0.32143 0.34118 0.27381 0.41463 0.34146 0.16216 0 0.10526 0.17391 -9999 -9999 0.27907 0.27907 0.27907 0.27907 0.2619 0.2619 0.25641 0.21429 0.095238 0.25 0.4 0.4 0.4 0.4 0.4 0.4
-9999 0 0.47727 0.30952 0.32143 0.32143 0.32143 0.34118 0.39326 0.29762 0.32143 0.36047 0.32941 0.27381 0.29762 0.32143 0.36782 0.36634 0.41573 0.40449 0.39326 0.34884 0.29762 0.29762 0.38636 0.41573 0.49505 0.38636 0.27381 0 0.16 0.28571 0.38636 0.44186 0 -9999 -9999 0 0.28571 0.37931 0.38636 0.39326 0.34118 0.27381 0 0.325 0.30952 0.38636 0.37931 0.36047 0.29762 0.13043 0 0.16 0 0 0.20833 0.2069 -9999 0.27907 0.2619 0.2619 0.2619 0.2619 0.2619 0.26829 0.21429 0.095238 0.4 0.4 0.4 0.4 0.4 0.4 0.4
-9999 0 0.48515 0.36634 0.41573 0.38614 0.41573 0.38636 0.38636 0.37931 0.36047 0.375 0.37931 0.37931 0.39326 0.39326 0.39326 0.41573 0.41573 0.37624 0.38614 0.32143 0.34146 0.17857 0.38636 0.40449 0.36634 0.39773 0.32941 0.32143 0.2619 0.27381 0.34884 0.45238 0 -9999 -9999 0.13043 0.32143 0.37931 0.37931 0.37209 0.32941 0.27381 0.2619 0.45455 0.32941 0.37931 0.32143 0.45455 0.047619 -9999 -9999 -9999 -9999 0 0.2069 0.2069 -9999 0.2619 0.2619 0.2619 0.2619 0.2619 0.2619 0.275 0.20833 0.10526 0.4 0.4 0.4 0.4 0.4 0.4 0.4
-9999 0 0.36634 0.38614 0.49505 0.52941 0.36634 0.37931 0.32143 0.29762 0.28571 0.27381 0.29762 0.32143 0.34118 0.37209 0.36782 0.38636 0.38636 0.38636 0.39326 0.30952 0.225 0 0.34884 0.38636 0.38636 0.38636 0.38636 0.38636 0.32143 0.41463 0 0 0 0 0 0.16 0.32143 0.34884 0.34118 0.34884 0.29762 0.41463 0.17857 0.16216 0.30882 0.29762 0.2619 0.34146 0 -9999 -9999 -9999 -9999 0.13043 0.13043 0.2069 -9999 -9999 0.2619 0.2619 0.2619 0.2619 0.2619 0.25 0.20833 0.10526 0.25 0.4 0.4 0.4 0.4 0.4 0.4
-9999 0 0.38636 0.38636 0.38636 0.41573 0.37931 0.32143 0.27381 0.41463 0.18919 0.13043 0.17857 0.43902 0.27381 0.27381 0.44186 0.2069 0.45238 0.29762 0.36782 0.34884 0.32143 0.37209 0.37209 0.37209 0.34118 0.32143 0.34884 0.38636 0.30952 0.20513 0 0 0.086957 0.16216 0 0.17857 0.27381 0.27381 0.34146 0.47727 0.12 0 0 0 0.17857 0.45238 0.27381 0.29762 0.2619 0 -9999 -9999 -9999 -9999 0 0.045455 0.26829 -9999 0.2619 0.2619 0.2619 0.2619 0.2619 0.275 0.20833 0.10526 0.25 0.4 0.4 0.4 0.4 0.4 0.4
-9999 0 0.34118 0.29762 0.46512 0.2 0.17857 0.35 0.44186 0.43902 0.23077 0.13043 0.21429 0.46341 0.27381 0.36207 0.41463 0.12 0.125 0.13043 0.17857 0.13043 0.23077 0.29762 0.33333 0.33333 0.32143 0.32353 0.41463 0.27381 0.17857 0.13043 0.325 0.13043 0.12 0.325 0.225 0.12 0.12 0 -9999 -9999 -9999 0 0 0.17857 0.44186 0.29762 0.32143 0.34884 0.33333 0 -9999 -9999 -9999 -9999 -9999 0 0.26829 -9999 0.2619 0.2619 0.2619 0.2619 0.2619 0.26829 0.24 0.095238 0.25 0.4 0.4 0.4 0.4 0.4 0.4
-9999 0 0.34118 0.27381 0.23077 0 0.16 0.35897 0.46512 0.47727 0.47727 0.28571 0.27381 0.29762 0.32143 0.32941 0.33333 0.34118 0.35 0 -9999 -9999 0 0.44186 0.27381 0.46341 0.27381 0 -9999 -9999 -9999 -9999 -9999 0 0 -9999 0 -9999 -9999 -9999 -9999 -9999 0 0 0.45238 0.45455 0.27381 0.32941 0.32143 0.29762 0.44186 0 -9999 -9999 -9999 -9999 0 0 0.24138 -9999 -9999 0.2619 0.2619 0.2619 0.2619 0.26829 0.24 0.095238 0.13333 0.4 0.4 0.4 0.4 0.4 0.4
-9999 0 0.32143 0.27381 0.47619 0.46512 0.48837 0.47727 0.27381 0.27381 0.28571 0.28571 0.30952 0.34118 0.38636 0.34884 0.30952 0.47727 0.18919 0.21429 0.48837 0.13043 0.16 0.44186 0.20513 0.13043 -9999 -9999 -9999 -9999 -9999 -9999 0.16667 0.13043 0 0 0 0 0 -9999 -9999 -9999 0 0 0.17949 0.045455 0.17857 0.45455 0.29762 0.44186 0.047619 -9999 -9999 -9999 -9999 0 0 0.16667 0.35897 0.35897 -9999 0.2619 0.2619 0.2619 0.2619 0.26829 0.2 0.10526 0.25 0.4 0.4 0.4 0.4 0.4 0.4
-9999 0 0.47727 0.46341 0.46512 0.47727 0.27381 0.28571 0.29762 0.30952 0.30952 0.33333 0.34118 0.37931 0.39326 0.34884 0.27381 0.23077 0.17857 0.47619 0.34884 0.5 0.17857 0 0.125 0.2 0.4878 0.21429 0.13636 0.18519 0 0 0.16 0.13043 0.2 0.24138 0.21053 0.41463 0.41463 -9999 -9999 -9999 0 0 -9999 -9999 0 0.16 0.17949 0.225 0.13043 -9999 -9999 -9999 -9999 0.16667 0.30952 0.51163 0.4359 0.25 -9999 0.2619 0.2619 0.2619 0.2619 0.26829 0.2 0.10526 0.25 0.25 0.4 0.4 0.4 0.4 0.4
-9999 0 0 0.28571 0.47727 0.27381 0.29762 0.30952 0.30952 0.32143 0.33333 0.32941 0.30952 0.30952 0.37209 0.28571 0.18919 0 0 0.34211 0.30952 0.48837 0.2 0 0.21429 0.48837 0.30952 0.27381 0.24324 0.13043 0.16667 0.13043 0 0 0.13636 0.16667 0.047619 0.24138 0.24138 -9999 0 0.13636 0 0 -9999 -9999 0 0.16667 0.2 0.13043 0 0 -9999 -9999 0 0.24324 0.30952 0.30952 0.30952 0.14286 -9999 -9999 0.2619 0.2619 0.2619 0.26829 0.20833 0.10526 0.25 0.4 0.4 0.4 0.4 0.4 0.4
-9999 0 0 0.33333 0.30952 0.28571 0.30952 0.32941 0.34118 0.32143 0.28571 0.2 0.16 0.2 0.18519 0.047619 0 -9999 0 0.21429 0.29762 0.30952 0.28571 0.30952 0.28571 0.32143 0.36782 0.30952 0.45 0.047619 0.090909 0.35135 0.34118 0.4878 0.13043 0 0 0.16667 0.75 0.21429 0 0 0 0 -9999 0 0.16667 0.48837 0.17857 0 0 0.047619 0 0 0 0.48837 0.32941 0.32941 0.13953 0.14118 0.14286 -9999 0.2619 0.2619 0.2619 0.275 0.21739 0.125 0.4 0.4 0.4 0.4 0.4 0.4 0.4
