data/entities/Measures_gates_embank/CaseDifferenceDepth_m.asc
ncols         98 
nrows         130 
xllcorner     530385.4375 
yllcorner     504074.10385949 
cellsize      100 
NODATA_value -9999 
[rows 30 to 59 of 130, columns 0 to 68 of 98]
-9999 -9999 -9999 -1.0071 -0.9338 -0.234 -0.2335 -0.2333 -0.233 -0.2329 -0.2329 -0.2329 -0.2335 -0.2336 -0.2336 -0.2337 -0.2334 -0.2332 -0.2324 -0.2313 -0.1381 -0.2292 -0.2294 -0.2296 -0.2296 -0.2295 -0.2295 -0.2295 -0.2297 -0.2298 -0.2299 -0.23 -0.2303 -0.1253 -0.0567 -0.05 -0.05 -0.05 -0.2003 -0.2167 -0.2234 -0.2237 -0.2235 -0.2231 -0.2228 -0.2222 -0.2203 -0.1047 -0.05 -0.05 -0.05 -0.05 -0.2108 -0.2106 -0.2105 -0.2103 -0.2102 -0.2099 -0.2095 -0.2091 -0.2083 -0.2061 -0.2036 -0.203 -0.203 -0.2028 -0.2023 -0.2015 -0.2003
-9999 -9999 -9999 -0.9834 -0.9258 -0.2337 -0.2337 -0.2335 -0.1661 -0.2321 -0.2326 -0.2343 -0.234 -0.234 -0.234 -0.2341 -0.2342 -0.2159 -0.2341 -0.2349 -0.2252 -0.2285 -0.2293 -0.2294 -0.2294 -0.2295 -0.2295 -0.2296 -0.2297 -0.2298 -0.2299 -0.2291 -0.05 -0.05 -0.05 -0.05 -0.0957 -0.05 -0.05 -0.2252 -0.2247 -0.2245 -0.2242 -0.2237 -0.2231 -0.2225 -0.0503 -0.05 -0.05 -0.05 -0.05 -0.2067 -0.2113 -0.2108 -0.2107 -0.2103 -0.21 -0.2098 -0.2093 -0.209 -0.2086 -0.2078 -0.2043 -0.2038 -0.2038 -0.2038 -0.2034 -0.2018 -0.2004
-9999 -9999 -9999 -0.9646 -0.9285 -0.234 -0.2339 -0.2338 -0.0503 -0.2329 -0.2349 -0.2347 -0.2344 -0.2343 -0.2344 -0.2343 -0.2344 -0.2344 -0.2343 -0.2344 -0.18 -0.2305 -0.2296 -0.2294 -0.2295 -0.2294 -0.0505 -0.2292 -0.2299 -0.2299 -0.2298 -0.2267 -0.05 -0.05 -0.05 -0.05 -0.18 -0.2327 -0.05 -0.2306 -0.2259 -0.2251 -0.2249 -0.2246 -0.2245 -0.2247 -0.0583 -0.05 -0.05 -0.05 -0.0648 -0.1163 -0.2126 -0.213 -0.0744 -0.2101 -0.21 -0.2096 -0.2091 -0.209 -0.2086 -0.207 -0.2066 -0.2064 -0.2056 -0.2055 -0.2055 -0.2035 -0.2015
-9999 -9999 -1.0148 -0.953 -0.2348 -0.2344 -0.2342 -0.2342 -0.2346 -0.2348 -0.2348 -0.2347 -0.2347 -0.2346 -0.2345 -0.2344 -0.2344 -0.2343 -0.2342 -0.2342 -0.2336 -0.233 -0.2308 -0.2293 -0.2289 -0.208 -0.228 -0.2285 -0.2293 -0.2296 -0.2298 -0.2299 -0.23 -0.1411 -0.0714 -0.0669 -0.1667 -0.1677 -0.05 -0.05 -0.2253 -0.2253 -0.2252 -0.2252 -0.2255 -0.2255 -0.225 -0.132 -0.0818 -0.0501 -0.05 -0.05 -0.212 -0.2122 -0.05 -0.05 -0.05 -0.1221 -0.2084 -0.2097 -0.2095 -0.2092 -0.2086 -0.2081 -0.2069 -0.2061 -0.2072 -0.2113 -0.2177
-9999 -9999 -0.9942 -0.9537 -0.2347 -0.2346 -0.2344 -0.2345 -0.2347 -0.2348 -0.2347 -0.2346 -0.2347 -0.2346 -0.2345 -0.2345 -0.2343 -0.2342 -0.2342 -0.2341 -0.234 -0.2338 -0.2307 -0.1055 -0.0505 -0.0625 -0.0501 -0.0972 -0.1887 -0.2295 -0.2297 -0.2298 -0.2299 -0.2015 -0.0549 -0.05 -0.05 -0.0501 -0.05 -0.05 -0.05 -0.2253 -0.2254 -0.2254 -0.2256 -0.2256 -0.2256 -0.2256 -0.2256 -0.2009 -0.05 -0.05 -0.1263 -0.2121 -0.05 -0.05 -0.05 -0.05 -0.166 -0.2114 -0.2105 -0.2095 -0.2091 -0.2091 -0.2091 -0.2092 -0.2092 -0.2093 -0.2095
-9999 -9999 -0.9812 -0.9667 -0.2345 -0.2346 -0.2346 -0.2347 -0.2347 -0.2347 -0.2347 -0.2346 -0.2346 -0.2346 -0.2346 -0.2345 -0.2345 -0.2342 -0.2341 -0.234 -0.2337 -0.2335 -0.2324 -0.1596 -0.155 -0.1226 -0.0501 -0.0501 -0.0501 -0.05 -0.0502 -0.0533 -0.05 -0.0501 -0.0686 -0.0501 -0.0612 -0.1247 -0.2364 -0.2365 -0.05 -0.2253 -0.2254 -0.2255 -0.2258 -0.2259 -0.2261 -0.2263 -0.2263 -0.2262 -0.2261 -0.0916 -0.056 -0.1111 -0.05 -0.05 -0.05 -0.05 -0.0728 -0.2198 -0.2162 -0.2105 -0.2088 -0.2087 -0.2089 -0.209 -0.209 -0.2089 -0.2081
-9999 -1.0236 -0.9825 -0.2348 -0.2346 -0.2346 -0.2346 -0.2346 -0.2346 -0.2346 -0.2345 -0.2346 -0.2346 -0.2346 -0.2345 -0.2345 -0.2345 -0.2344 -0.2343 -0.2342 -0.2332 -0.234 -0.2343 -0.2343 -0.2344 -0.2344 -0.2345 -0.2339 -0.1333 -0.0501 -0.0501 -0.05 -0.05 -0.0576 -0.2259 -0.236 -0.236 -0.2363 -0.2364 -0.2365 -0.2365 -0.05 -0.225 -0.2258 -0.2259 -0.2261 -0.2262 -0.2262 -0.2262 -0.2262 -0.2262 -0.226 -0.116 -0.05 -0.05 -0.05 -0.05 -0.05 -0.1431 -0.2422 -0.2345 -0.2195 -0.2087 -0.2078 -0.2087 -0.2088 -0.2089 -0.2089 -0.1622
-9999 -1.0094 -1.0002 -0.2345 -0.2346 -0.2346 -0.2345 -0.2345 -0.2345 -0.2345 -0.2346 -0.2345 -0.2345 -0.2345 -0.2345 -0.2344 -0.2344 -0.2344 -0.2344 -0.2343 -0.2342 -0.2343 -0.2342 -0.2343 -0.2344 -0.2344 -0.2345 -0.2347 -0.2348 -0.2349 -0.2346 -0.235 -0.2353 -0.2358 -0.2363 -0.2359 -0.236 -0.2363 -0.2363 -0.2364 -0.2364 -0.05 -0.05 -0.2259 -0.226 -0.2262 -0.2262 -0.2262 -0.2262 -0.2262 -0.2262 -0.2262 -0.2248 -0.05 -0.05 -0.05 -0.05 -0.05 -0.2556 -0.2546 -0.2555 -0.2571 -0.2546 -0.2103 -0.0568 -0.1677 -0.1958 -0.1361 -0.0581
-9999 -1.0148 -1.005 -0.2344 -0.2344 -0.2344 -0.2345 -0.2344 -0.2344 -0.2345 -0.2344 -0.2344 -0.2344 -0.2344 -0.2344 -0.2344 -0.2344 -0.2343 -0.2343 -0.2344 -0.2341 -0.2342 -0.2342 -0.2343 -0.2344 -0.2344 -0.2344 -0.2347 -0.2348 -0.2349 -0.235 -0.2353 -0.2355 -0.2358 -0.2361 -0.2365 -0.2364 -0.2362 -0.2363 -0.2364 -0.2364 -0.2365 -0.05 -0.05 -0.05 -0.2287 -0.2262 -0.2262 -0.2262 -0.2262 -0.2263 -0.2262 -0.183 -0.05 -0.05 -0.05 -0.05 -0.2616 -0.2645 -0.2635 -0.2637 -0.264 -0.2641 -0.2603 -0.2524 -0.1479 -0.1318 -0.1336 -0.1458
-9999 -1.0233 -0.2343 -0.2343 -0.2344 -0.2344 -0.2345 -0.2345 -0.2344 -0.2344 -0.2344 -0.2344 -0.2344 -0.2343 -0.2344 -0.2344 -0.2344 -0.2343 -0.2343 -0.2343 -0.2345 -0.2335 -0.2339 -0.2344 -0.2346 -0.2344 -0.2345 -0.2347 -0.2347 -0.2348 -0.235 -0.2351 -0.2354 -0.2358 -0.236 -0.2047 -0.2371 -0.2363 -0.2363 -0.2364 -0.2362 -0.2308 -0.217 -0.1934 -0.05 -0.05 -0.05 -0.2262 -0.2262 -0.2262 -0.2262 -0.226 -0.121 -0.1616 -0.0643 -0.2035 -0.30622 -0.28521 -0.26795 -0.26835 -0.27335 -0.2643 -0.2639 -0.2597 -0.1505 -0.0945 -0.0638 -0.0501 -0.05
-9999 -0.8559 -0.175 -0.2341 -0.2346 -0.2345 -0.2345 -0.2344 -0.2343 -0.2343 -0.2344 -0.2344 -0.2343 -0.2343 -0.2342 -0.2342 -0.2343 -0.2342 -0.2342 -0.2343 -0.2344 -0.2345 -0.2347 -0.1554 -0.2336 -0.2344 -0.2344 -0.2347 -0.2346 -0.2347 -0.2347 -0.235 -0.2355 -0.2359 -0.236 -0.2354 -0.2361 -0.2364 -0.2363 -0.2364 -0.2356 -0.1738 -0.2201 -0.2105 -0.2374 -0.2375 -0.05 -0.05 -0.2263 -0.2285 -0.2332 -0.1933 -0.05 -0.05 -0.1807 -0.30686 -0.26343 -0.26031 -0.26655 -0.26705 -0.27665 -0.29141 -0.2645 -0.2618 -0.1615 -0.0501 -0.05 -0.05 -0.05
-9999 -0.8454 -0.2364 -0.2363 -0.236 -0.2357 -0.2351 -0.2348 -0.2344 -0.2342 -0.2342 -0.2341 -0.2341 -0.2342 -0.2342 -0.2342 -0.2342 -0.2342 -0.2343 -0.2343 -0.2344 -0.2343 -0.2343 -0.2342 -0.2343 -0.2345 -0.2345 -0.2344 -0.2345 -0.2345 -0.2346 -0.2347 -0.2353 -0.235 -0.2351 -0.2356 -0.2361 -0.2364 -0.2365 -0.2365 -0.2368 -0.2373 -0.2382 -0.232 -0.2358 -0.2377 -0.2379 -0.05 -0.05 -0.3053 -0.3053 -0.3127 -0.0913 -0.1129 -0.2659 -0.26495 -0.25521 -0.25811 -0.26623 -0.26685 -0.28299 -0.28751 -0.2732 -0.2748 -0.2753 -0.2755 -0.1192 -0.05 -0.05
-9999 -0.9662 -0.2362 -0.2361 -0.2359 -0.2357 -0.2354 -0.235 -0.2347 -0.2342 -0.2339 -0.2332 -0.234 -0.234 -0.2341 -0.2341 -0.2342 -0.2343 -0.2343 -0.2342 -0.2343 -0.2342 -0.2342 -0.2341 -0.2342 -0.2342 -0.2341 -0.2343 -0.2342 -0.2342 -0.2342 -0.2332 -0.05 -0.0501 -0.098 -0.2119 -0.2364 -0.2365 -0.2365 -0.2365 -0.2368 -0.2371 -0.2384 -0.2392 -0.2396 -0.2382 -0.2379 -0.2382 -0.05 -0.05 -0.3053 -0.32842 -0.1246 -0.1759 -0.30982 -0.26365 -0.25491 -0.25953 -0.27319 -0.28641 -0.28711 -0.28751 -0.28721 -0.2758 -0.2762 -0.2763 -0.2747 -0.0501 -0.05
-9999 -0.8767 -0.236 -0.236 -0.2358 -0.2357 -0.2355 -0.2351 -0.2347 -0.2335 -0.233 -0.2331 -0.2344 -0.234 -0.2339 -0.234 -0.2342 -0.2342 -0.2341 -0.2342 -0.2342 -0.2342 -0.2342 -0.2342 -0.2341 -0.2341 -0.2341 -0.234 -0.2339 -0.2339 -0.2339 -0.2323 -0.05 -0.0509 -0.0507 -0.05 -0.05 -0.2266 -0.2364 -0.2366 -0.2367 -0.0951 -0.2387 -0.239 -0.2391 -0.055 -0.0501 -0.2477 -0.2586 -0.05 -0.3053 -0.2392 -0.05 -0.1344 -0.30722 -0.26765 -0.26695 -0.28441 -0.29132 -0.28172 -0.31706 -0.28741 -0.28711 -0.2761 -0.2763 -0.2764 -0.2765 -0.2445 -0.1132
-9999 -0.9136 -0.2364 -0.2361 -0.2359 -0.2358 -0.2358 -0.2358 -0.2357 -0.1258 -0.235 -0.2346 -0.2348 -0.2347 -0.2339 -0.234 -0.2341 -0.2342 -0.2341 -0.2341 -0.2341 -0.2342 -0.2342 -0.2341 -0.2341 -0.234 -0.234 -0.2337 -0.2337 -0.2337 -0.2337 -0.2336 -0.2335 -0.2335 -0.2304 -0.0557 -0.05 -0.1802 -0.2359 -0.2369 -0.2374 -0.2382 -0.2386 -0.2389 -0.239 -0.1049 -0.1178 -0.2579 -0.2587 -0.05 -0.3052 -0.1232 -0.05 -0.1543 -0.30882 -0.26855 -0.26805 -0.30606 -0.2265 -0.05 -0.2727 -0.28751 -0.28691 -0.28691 -0.2766 -0.2769 -0.28691 -0.30524 -0.2759
-9999 -1.0083 -0.2359 -0.2358 -0.2357 -0.2357 -0.2355 -0.2354 -0.2352 -0.2348 -0.2347 -0.2345 -0.2346 -0.2345 -0.2343 -0.2343 -0.2342 -0.2341 -0.234 -0.234 -0.234 -0.2341 -0.2341 -0.2341 -0.2339 -0.2336 -0.1495 -0.2326 -0.2332 -0.2335 -0.2335 -0.2335 -0.2335 -0.2335 -0.2308 -0.0714 -0.1157 -0.2355 -0.2359 -0.2362 -0.237 -0.2379 -0.2385 -0.2389 -0.2389 -0.2391 -0.2393 -0.2298 -0.1406 -0.05 -0.05 -0.05 -0.05 -0.139 -0.30572 -0.26855 -0.26815 -0.28401 -0.2667 -0.2229 -0.2667 -0.2756 -0.30326 -0.28671 -0.28661 -0.28641 -0.28631 -0.29271 -0.30986
-9999 -1.062 -0.2356 -0.2355 -0.2354 -0.2353 -0.2351 -0.235 -0.2349 -0.235 -0.2347 -0.2346 -0.2345 -0.2343 -0.2342 -0.2342 -0.2341 -0.234 -0.2339 -0.2336 -0.2152 -0.1656 -0.2162 -0.05 -0.2268 -0.2291 -0.2303 -0.2317 -0.2329 -0.2333 -0.2333 -0.2334 -0.2335 -0.2334 -0.1705 -0.0501 -0.1528 -0.2348 -0.235 -0.2354 -0.2359 -0.2374 -0.2385 -0.239 -0.239 -0.2391 -0.2392 -0.2278 -0.1815 -0.05 -0.05 -0.05 -0.05 -0.0546 -0.2656 -0.27539 -0.26925 -0.28259 -0.28201 -0.27981 -0.2799 -0.0895 -0.0607 -0.29474 -0.28601 -0.28611 -0.28571 -0.28561 -0.28791
-9999 -1.0474 -0.2353 -0.2353 -0.2352 -0.2351 -0.2349 -0.2349 -0.2348 -0.2347 -0.2346 -0.2337 -0.2342 -0.2341 -0.2341 -0.2341 -0.234 -0.2339 -0.2337 -0.233 -0.2185 -0.2299 -0.235 -0.2351 -0.2351 -0.2351 -0.2325 -0.2324 -0.233 -0.2332 -0.2334 -0.2335 -0.2335 -0.2336 -0.2333 -0.0501 -0.187 -0.2339 -0.2343 -0.2345 -0.2349 -0.1699 -0.183 -0.2389 -0.239 -0.239 -0.192 -0.0739 -0.1734 -0.4329 -0.05 -0.05 -0.05 -0.05 -0.2089 -0.30926 -0.29221 -0.32336 -0.27641 -0.26541 -0.29386 -0.285 -0.2312 -0.31766 -0.28161 -0.28451 -0.28481 -0.28461 -0.28591
-9999 -0.9682 -0.2352 -0.2351 -0.2351 -0.2349 -0.2348 -0.2348 -0.2346 -0.2345 -0.2344 -0.2343 -0.2342 -0.234 -0.2339 -0.2339 -0.2338 -0.2338 -0.2338 -0.2338 -0.2339 -0.2343 -0.2349 -0.2351 -0.2353 -0.2353 -0.2341 -0.233 -0.233 -0.2331 -0.2333 -0.2334 -0.2335 -0.2336 -0.2338 -0.2335 -0.2317 -0.2331 -0.2336 -0.2339 -0.2324 -0.05 -0.05 -0.05 -0.0556 -0.05 -0.05 -0.05 -0.05 -0.0501 -0.05 -0.05 -0.05 -0.05 -0.0586 -0.2663 -0.27622 -0.2653 -0.27411 -0.26271 -0.26251 -0.26231 -0.27371 -0.26551 -0.26401 -0.27391 -0.27711 -0.27851 -0.30016
-9999 -0.8768 -0.2349 -0.2349 -0.2348 -0.2348 -0.2346 -0.2345 -0.2343 -0.2343 -0.2342 -0.2341 -0.2341 -0.234 -0.2336 -0.2336 -0.2337 -0.2337 -0.2337 -0.2337 -0.2337 -0.2344 -0.2351 -0.2354 -0.2355 -0.2356 -0.2355 -0.2334 -0.233 -0.2331 -0.2331 -0.2332 -0.2332 -0.2334 -0.2335 -0.2339 -0.2347 -0.235 -0.2321 -0.2328 -0.0532 -0.05 -0.05 -0.05 -0.05 -0.05 -0.05 -0.0501 -0.0501 -0.0619 -0.05 -0.05 -0.05 -0.05 -0.05 -0.0629 -0.05 -0.184 -0.29526 -0.26241 -0.26211 -0.26161 -0.26171 -0.26221 -0.26241 -0.25779 -0.26721 -0.27061 -0.29936
-9999 -0.8482 -0.2345 -0.2345 -0.2345 -0.2345 -0.2343 -0.2341 -0.234 -0.2338 -0.234 -0.2339 -0.2339 -0.2338 -0.2334 -0.2335 -0.2336 -0.2335 -0.2335 -0.2335 -0.2336 -0.2348 -0.2354 -0.2357 -0.2359 -0.236 -0.236 -0.2337 -0.2338 -0.2336 -0.2332 -0.233 -0.2331 -0.2332 -0.2334 -0.2335 -0.2342 -0.2355 -0.2304 -0.1216 -0.0501 -0.05 -0.0501 -0.05 -0.0501 -0.0507 -0.0509 -0.0501 -0.1504 -0.2324 -0.1082 -0.0501 -0.05 -0.05 -0.05 -0.05 -0.05 -0.0501 -0.2527 -0.31717 -0.26201 -0.26111 -0.26111 -0.26111 -0.26121 -0.26111 -0.25659 -0.26591 -0.30804
-9999 -0.7983 -0.234 -0.234 -0.2337 -0.2333 -0.234 -0.2341 -0.2341 -0.234 -0.2337 -0.2337 -0.2335 -0.2336 -0.2335 -0.2334 -0.2334 -0.2334 -0.2332 -0.2331 -0.2326 -0.2357 -0.2361 -0.2363 -0.2364 -0.2364 -0.2364 -0.2363 -0.2359 -0.2351 -0.2344 -0.2337 -0.2326 -0.2328 -0.233 -0.2332 -0.2334 -0.2364 -0.2321 -0.2049 -0.1208 -0.1487 -0.05 -0.11 -0.1869 -0.2391 -0.2395 -0.2399 -0.241 -0.2411 -0.2411 -0.219 -0.0622 -0.0612 -0.05 -0.05 -0.05 -0.05 -0.2181 -0.27952 -0.26141 -0.26071 -0.26071 -0.26071 -0.26061 -0.26061 -0.26061 -0.28396 -0.28382
-9999 -0.5437 -0.2333 -0.233 -0.2329 -0.2328 -0.235 -0.2356 -0.2354 -0.2353 -0.2352 -0.2345 -0.2341 -0.2336 -0.2334 -0.2334 -0.2334 -0.2333 -0.2329 -0.2332 -0.235 -0.2367 -0.2366 -0.2366 -0.2366 -0.2366 -0.2366 -0.2365 -0.2364 -0.236 -0.2357 -0.2357 -0.2324 -0.2319 -0.2323 -0.2329 -0.1956 -0.237 -0.161 -0.0608 -0.2283 -0.2358 -0.2351 -0.2395 -0.2405 -0.2409 -0.241 -0.2411 -0.2411 -0.2411 -0.2412 -0.2411 -0.1798 -0.05 -0.05 -0.05 -0.05 -0.0551 -0.30044 -0.26021 -0.26031 -0.26041 -0.26031 -0.26021 -0.26021 -0.26041 -0.26081 -0.30126 -0.2845
-9999 -0.2322 -0.2324 -0.2348 -0.235 -0.2341 -0.2365 -0.2366 -0.2365 -0.2365 -0.2368 -0.237 -0.2363 -0.2346 -0.2338 -0.234 -0.233 -0.2325 -0.2324 -0.2365 -0.2375 -0.2373 -0.2372 -0.237 -0.2368 -0.2369 -0.2368 -0.2367 -0.2366 -0.2365 -0.2363 -0.2363 -0.2362 -0.2363 -0.236 -0.1279 -0.2387 -0.2388 -0.2398 -0.2399 -0.2401 -0.2401 -0.2401 -0.2403 -0.2405 -0.2408 -0.241 -0.241 -0.2411 -0.2411 -0.2412 -0.2411 -0.2408 -0.0716 -0.0501 -0.05 -0.05 -0.05 -0.26561 -0.26011 -0.26011 -0.26021 -0.25991 -0.26001 -0.25991 -0.26001 -0.26101 -0.31304 -0.2868
-9999 -0.2744 -0.2408 -0.2398 -0.2392 -0.2389 -0.2383 -0.2378 -0.2372 -0.2374 -0.2379 -0.238 -0.238 -0.2369 -0.0948 -0.05 -0.2322 -0.1679 -0.2371 -0.2382 -0.238 -0.2376 -0.2374 -0.2372 -0.2371 -0.2371 -0.237 -0.2369 -0.2368 -0.2367 -0.2366 -0.2364 -0.2363 -0.2366 -0.2371 -0.2379 -0.2386 -0.2392 -0.2399 -0.2401 -0.2401 -0.2402 -0.2403 -0.2403 -0.2405 -0.2407 -0.2409 -0.241 -0.2412 -0.2411 -0.2411 -0.2412 -0.2411 -0.241 -0.1924 -0.0954 -0.1703 -0.05 -0.26041 -0.26001 -0.25991 -0.25981 -0.25833 -0.25603 -0.25931 -0.25921 -0.26041 -0.30304 -0.2638
-9999 -0.5888 -0.2412 -0.2407 -0.2405 -0.2401 -0.2398 -0.2396 -0.2388 -0.2389 -0.239 -0.2391 -0.2391 -0.2387 -0.1732 -0.2381 -0.2398 -0.2396 -0.2394 -0.239 -0.2384 -0.238 -0.2377 -0.2374 -0.2373 -0.2373 -0.2372 -0.2371 -0.237 -0.2368 -0.2367 -0.2366 -0.2368 -0.2367 -0.2371 -0.2378 -0.2388 -0.2396 -0.24 -0.2401 -0.2401 -0.2401 -0.2402 -0.2403 -0.2405 -0.2409 -0.2411 -0.2411 -0.2412 -0.2412 -0.2412 -0.2411 -0.2411 -0.241 -0.2412 -0.2321 -0.26176 -0.05 -0.05 -0.25971 -0.25971 -0.25971 -0.25961 -0.25941 -0.25383 -0.25651 -0.25341 -0.28744 -0.2329
-9999 -0.9367 -0.2417 -0.2416 -0.2415 -0.2414 -0.2412 -0.2411 -0.2413 -0.2407 -0.2404 -0.2403 -0.2404 -0.2406 -0.2406 -0.2402 -0.24 -0.2397 -0.2395 -0.2392 -0.2385 -0.2384 -0.238 -0.2377 -0.2376 -0.2375 -0.2375 -0.2374 -0.2372 -0.2368 -0.2368 -0.2368 -0.2368 -0.2369 -0.2368 -0.05 -0.0536 -0.2399 -0.2402 -0.2402 -0.2402 -0.2401 -0.2402 -0.2403 -0.2404 -0.241 -0.2412 -0.2413 -0.2412 -0.2412 -0.2411 -0.2412 -0.2411 -0.241 -0.241 -0.2371 -0.24681 -0.24171 -0.05 -0.25971 -0.25961 -0.25961 -0.25951 -0.25951 -0.25921 -0.25901 -0.26241 -0.28332 -0.2023
-9999 -1.1555 -0.2421 -0.2421 -0.242 -0.2419 -0.2418 -0.2417 -0.2414 -0.2412 -0.2411 -0.2409 -0.2408 -0.2408 -0.2408 -0.2406 -0.2402 -0.2399 -0.2396 -0.2393 -0.2391 -0.2388 -0.2385 -0.2381 -0.2379 -0.2378 -0.2377 -0.2376 -0.2375 -0.2374 -0.2374 -0.2371 -0.2369 -0.2368 -0.237 -0.2377 -0.2399 -0.2401 -0.2401 -0.2402 -0.2402 -0.2402 -0.2402 -0.2404 -0.2407 -0.241 -0.2413 -0.2413 -0.2413 -0.2414 -0.2413 -0.1382 -0.05 -0.05 -0.1836 -0.2493 -0.24181 -0.24161 -0.05 -0.25971 -0.25961 -0.25961 -0.25941 -0.25951 -0.25941 -0.25941 -0.28091 -0.28412 -0.1974
-9999 -1.1794 -0.2423 -0.2422 -0.2421 -0.2421 -0.242 -0.242 -0.242 -0.2418 -0.2416 -0.2414 -0.2413 -0.2412 -0.2413 -0.241 -0.2407 -0.2401 -0.2397 -0.2394 -0.2392 -0.2391 -0.2389 -0.2385 -0.2382 -0.2381 -0.2378 -0.2378 -0.2377 -0.2376 -0.2375 -0.2373 -0.2372 -0.2374 -0.2381 -0.2401 -0.24 -0.2402 -0.2402 -0.2402 -0.2402 -0.2402 -0.2403 -0.2404 -0.2408 -0.2412 -0.2415 -0.2416 -0.2417 -0.2417 -0.2415 -0.1133 -0.05 -0.05 -0.0759 -0.25 -0.2501 -0.24151 -0.05 -0.05 -0.25941 -0.25931 -0.25951 -0.25941 -0.25931 -0.25931 -0.28331 -0.28402 -0.2172
-9999 -1.123 -0.2426 -0.2425 -0.2424 -0.2423 -0.2423 -0.2426 -0.243 -0.243 -0.243 -0.2427 -0.2428 -0.2426 -0.2426 -0.2424 -0.2419 -0.2409 -0.2402 -0.2396 -0.2393 -0.2392 -0.2392 -0.2392 -0.2389 -0.2387 -0.2383 -0.238 -0.2376 -0.2376 -0.2376 -0.2375 -0.2378 -0.2382 -0.2394 -0.2403 -0.2403 -0.2403 -0.2402 -0.2402 -0.2402 -0.2402 -0.2403 -0.2404 -0.2417 -0.2418 -0.242 -0.2422 -0.2424 -0.2426 -0.2428 -0.2427 -0.05 -0.05 -0.0547 -0.2495 -0.2511 -0.2571 -0.21741 -0.05 -0.25931 -0.25951 -0.25931 -0.25931 -0.25931 -0.25931 -0.27631 -0.28352 -0.2065
