data/entities/Measures_gates_embank/CaseDifferenceDepth_m.asc
ncols         98 
nrows         130 
xllcorner     530385.4375 
yllcorner     504074.10385949 
cellsize      100 
NODATA_value -9999 
[rows 90 to 119 of 130, columns 0 to 68 of 98]
-9999 -9999 -9999 -9999 -9999 -9999 -9999 -9999 -9999 -9999 -9999 -9999 -0.7896 -0.6549 -0.5767 -0.1073 -0.2368 -0.2363 -0.236 -0.2359 -0.2356 -0.2353 -0.235 -0.2348 -0.2346 -0.2345 -0.2344 -0.2343 -0.2342 -0.234 -0.2339 -0.2337 -0.2335 -0.2333 -0.2331 -0.2329 -0.2327 -0.2327 -0.2325 -0.2323 -0.2322 -0.2321 -0.2319 -0.2318 -0.2317 -0.2316 -0.2315 -0.2313 -0.2312 -0.2312 -0.231 -0.2309 -0.2308 -0.2308 -0.2306 -0.2305 -0.2304 -0.1428 -0.05 -0.05 -0.05 -0.0501 -0.0504 -0.20805 -0.15952 -0.22956 -0.05 -0.05 -0.05
-9999 -9999 -9999 -9999 -9999 -9999 -9999 -9999 -9999 -9999 -9999 -9999 -9999 -9999 -0.9705 -0.5487 -0.4026 -0.2368 -0.2362 -0.236 -0.2359 -0.2358 -0.2354 -0.2351 -0.2349 -0.2348 -0.2346 -0.2345 -0.2344 -0.2342 -0.2341 -0.234 -0.2337 -0.2335 -0.2333 -0.2331 -0.2329 -0.2328 -0.2327 -0.2325 -0.2324 -0.2323 -0.2321 -0.232 -0.2318 -0.2317 -0.2316 -0.2314 -0.2313 -0.2312 -0.2311 -0.231 -0.2309 -0.2308 -0.2308 -0.2306 -0.0546 -0.0587 -0.0501 -0.0501 -0.0501 -0.0501 -0.0501 -0.19755 -0.16682 -0.22701 -0.092949 -0.05 -0.05
-9999 -9999 -9999 -9999 -9999 -9999 -9999 -9999 -9999 -9999 -9999 -9999 -9999 -9999 -9999 -0.8291 -0.5076 -0.05 -0.0501 -0.183 -0.2363 -0.2362 -0.2357 -0.2354 -0.2351 -0.2349 -0.2348 -0.2347 -0.2345 -0.2345 -0.2343 -0.2341 -0.2339 -0.2337 -0.2334 -0.2332 -0.233 -0.2328 -0.2327 -0.2327 -0.2325 -0.2323 -0.2322 -0.232 -0.2319 -0.2318 -0.2317 -0.2316 -0.2314 -0.2313 -0.2312 -0.2311 -0.231 -0.2309 -0.2309 -0.151 -0.05 -0.0501 -0.22266 -0.22426 -0.22546 -0.18913 -0.22716 -0.22506 -0.14792 -0.23011 -0.22826 -0.0501 -0.05
-9999 -9999 -9999 -9999 -9999 -9999 -9999 -9999 -9999 -9999 -9999 -9999 -9999 -9999 -9999 -9999 -9999 -0.5359 -0.0998 -0.0501 -0.2394 -0.2371 -0.236 -0.2355 -0.2352 -0.2351 -0.235 -0.235 -0.2349 -0.2347 -0.2346 -0.2344 -0.2342 -0.234 -0.2336 -0.2332 -0.2331 -0.233 -0.2328 -0.2328 -0.2326 -0.2325 -0.2324 -0.2322 -0.2321 -0.232 -0.2318 -0.2317 -0.2316 -0.2314 -0.2313 -0.2312 -0.231 -0.2309 -0.24937 -0.05 -0.0501 -0.19095 -0.20156 -0.17452 -0.15743 -0.15703 -0.15523 -0.15273 -0.14932 -0.20991 -0.22191 -0.14702 -0.05
-9999 -9999 -9999 -9999 -9999 -9999 -9999 -9999 -9999 -9999 -9999 -9999 -9999 -9999 -9999 -9999 -9999 -9999 -9999 -0.5705 -0.3208 -0.05 -0.2364 -0.2354 -0.2352 -0.2352 -0.2353 -0.2354 -0.2354 -0.2352 -0.2348 -0.2347 -0.2345 -0.2343 -0.2341 -0.2337 -0.2332 -0.2331 -0.233 -0.2328 -0.2327 -0.2326 -0.2324 -0.2323 -0.2321 -0.232 -0.2319 -0.2318 -0.2316 -0.2315 -0.2313 -0.2312 -0.2311 -0.05 -0.05 -0.05 -0.17095 -0.18015 -0.21565 -0.22346 -0.18903 -0.15613 -0.15393 -0.15223 -0.14972 -0.17291 -0.22081 -0.21081 -0.17952
-9999 -9999 -9999 -9999 -9999 -9999 -9999 -9999 -9999 -9999 -9999 -9999 -9999 -9999 -9999 -9999 -9999 -9999 -9999 -9999 -0.8466 -0.4791 -0.2213 -0.0503 -0.1959 -0.2354 -0.2357 -0.236 -0.2361 -0.2357 -0.2353 -0.235 -0.2348 -0.2346 -0.2344 -0.2341 -0.2335 -0.2332 -0.2331 -0.233 -0.2328 -0.2327 -0.2325 -0.2324 -0.2323 -0.2322 -0.2321 -0.2319 -0.2317 -0.2316 -0.2315 -0.2313 -0.05 -0.05 -0.05 -0.05 -0.12675 -0.13615 -0.11875 -0.10575 -0.22646 -0.15463 -0.15333 -0.15213 -0.14952 -0.14822 -0.18941 -0.21761 -0.21421
-9999 -9999 -9999 -9999 -9999 -9999 -9999 -9999 -9999 -9999 -9999 -9999 -9999 -9999 -9999 -9999 -9999 -9999 -9999 -9999 -9999 -9999 -0.4623 -0.1136 -0.05 -0.1296 -0.2429 -0.2376 -0.2367 -0.2364 -0.2359 -0.2355 -0.2352 -0.2349 -0.2346 -0.2342 -0.2338 -0.2335 -0.2332 -0.2331 -0.233 -0.2328 -0.2326 -0.2326 -0.2324 -0.2323 -0.2322 -0.2321 -0.2319 -0.2317 -0.2316 -0.0501 -0.0501 -0.05 -0.05 -0.05 -0.0531 -0.0514 -0.10995 -0.15035 -0.14245 -0.21415 -0.15323 -0.15143 -0.14692 -0.14672 -0.18761 -0.21451 -0.20431
-9999 -9999 -9999 -9999 -9999 -9999 -9999 -9999 -9999 -9999 -9999 -9999 -9999 -9999 -9999 -9999 -9999 -9999 -9999 -9999 -9999 -9999 -9999 -9999 -0.2981 -0.2329 -0.0308 -0.05 -0.2381 -0.237 -0.2366 -0.2361 -0.2357 -0.2352 -0.2348 -0.2345 -0.234 -0.2336 -0.2334 -0.2332 -0.233 -0.2329 -0.2328 -0.2327 -0.2325 -0.2325 -0.2323 -0.2322 -0.2321 -0.0501 -0.0501 -0.2401 -0.0501 -0.05 -0.05 -0.05 -0.0501 -0.0501 -0.11515 -0.17035 -0.05 -0.05 -0.21415 -0.21893 -0.15463 -0.14762 -0.18011 -0.21081 -0.20911
-9999 -9999 -9999 -9999 -9999 -9999 -9999 -9999 -9999 -9999 -9999 -9999 -9999 -9999 -9999 -9999 -9999 -9999 -9999 -9999 -9999 -9999 -9999 -9999 -9999 -9999 -0.5429 -0.3454 -0.2431 -0.2379 -0.2372 -0.2367 -0.2361 -0.2355 -0.2351 -0.2347 -0.2342 -0.2338 -0.2335 -0.2333 -0.2331 -0.233 -0.2328 -0.2328 -0.2326 -0.2325 -0.2324 -0.2323 -0.05 -0.05 -0.2398 -0.2398 -0.2399 -0.1084 -0.0501 -0.0501 -0.12355 -0.22626 -0.22276 -0.22046 -0.22196 -0.20745 -0.18845 -0.22736 -0.16643 -0.14852 -0.14422 -0.18081 -0.17091
-9999 -9999 -9999 -9999 -9999 -9999 -9999 -9999 -9999 -9999 -9999 -9999 -9999 -9999 -9999 -9999 -9999 -9999 -9999 -9999 -9999 -9999 -9999 -9999 -9999 -9999 -9999 -9999 -0.561 -0.7254 -0.2381 -0.2373 -0.2362 -0.2357 -0.2353 -0.2351 -0.2349 -0.1321 -0.2338 -0.2333 -0.2332 -0.233 -0.2329 -0.2328 -0.2328 -0.2326 -0.2326 -0.0501 -0.05 -0.24 -0.2399 -0.2399 -0.24 -0.2401 -0.21503 -0.0501 -0.16192 -0.16132 -0.15462 -0.14792 -0.14722 -0.14752 -0.14822 -0.15032 -0.15253 -0.15502 -0.14182 -0.14752 -0.14812
-9999 -9999 -9999 -9999 -9999 -9999 -9999 -9999 -9999 -9999 -9999 -9999 -9999 -9999 -9999 -9999 -9999 -9999 -9999 -9999 -9999 -9999 -9999 -9999 -9999 -9999 -9999 -9999 -0.4803 -0.05 -0.2183 -0.2394 -0.2361 -0.2356 -0.2354 -0.2353 -0.2352 -0.2347 -0.2341 -0.2335 -0.2333 -0.2332 -0.233 -0.2329 -0.2328 -0.2328 -0.05 -0.05 -0.2405 -0.2402 -0.2401 -0.24 -0.24 -0.2401 -0.2401 -0.0501 -0.16202 -0.16112 -0.15292 -0.14722 -0.14702 -0.14712 -0.14742 -0.14662 -0.14712 -0.14482 -0.15692 -0.16233 -0.0501
-9999 -9999 -9999 -9999 -9999 -9999 -9999 -9999 -9999 -9999 -9999 -9999 -9999 -9999 -9999 -9999 -9999 -9999 -9999 -9999 -9999 -9999 -9999 -9999 -9999 -9999 -9999 -9999 -9999 -0.0503 -0.0503 -0.2365 -0.2358 -0.2356 -0.2355 -0.2354 -0.2353 -0.2352 -0.2343 -0.2337 -0.2334 -0.2333 -0.2331 -0.233 -0.233 -0.0501 -0.05 -0.2406 -0.2405 -0.2404 -0.2402 -0.2401 -0.2401 -0.24 -0.24 -0.0501 -0.05 -0.18285 -0.19802 -0.14227 -0.14856 -0.14182 -0.14092 -0.14012 -0.13942 -0.13882 -0.14932 -0.063349 -0.05
-9999 -9999 -9999 -9999 -9999 -9999 -9999 -9999 -9999 -9999 -9999 -9999 -9999 -9999 -9999 -9999 -9999 -9999 -9999 -9999 -9999 -9999 -9999 -9999 -9999 -9999 -9999 -9999 -0.195 -0.05 -0.05 -0.0503 -0.2357 -0.2356 -0.2356 -0.2355 -0.2356 -0.2362 -0.2346 -0.2338 -0.2334 -0.2332 -0.2331 -0.2331 -0.05 -0.05 -0.2407 -0.2406 -0.2406 -0.2405 -0.2404 -0.2403 -0.2402 -0.2402 -0.2402 -0.0501 -0.05 -0.15235 -0.18606 -0.16342 -0.16332 -0.22676 -0.19572 -0.16922 -0.15302 -0.15292 -0.17712 -0.05 -0.3766
-9999 -9999 -9999 -9999 -9999 -9999 -9999 -9999 -9999 -9999 -9999 -9999 -9999 -9999 -9999 -9999 -9999 -9999 -9999 -9999 -9999 -9999 -9999 -9999 -9999 -9999 -9999 -9999 -0.05 -0.05 -0.05 -0.05 -0.05 -0.0504 -0.0501 -0.0501 -0.0501 -0.05 -0.0501 -0.0501 -0.0501 -0.0501 -0.0501 -0.05 -0.0501 -0.2409 -0.2408 -0.2408 -0.2406 -0.2406 -0.2404 -0.2404 -0.2403 -0.2403 -0.2402 -0.0504 -0.2011 -0.2011 -0.16666 -0.16556 -0.16546 -0.16175 -0.071349 -0.21826 -0.16972 -0.2026 -0.0501 -0.1702 -9999
-9999 -9999 -9999 -9999 -9999 -9999 -9999 -9999 -9999 -9999 -9999 -9999 -9999 -9999 -9999 -9999 -9999 -9999 -9999 -9999 -9999 -9999 -9999 -9999 -9999 -9999 -9999 -0.05 -0.05 -0.05 -0.05 -0.257 -0.2566 -0.2562 -0.2558 -0.2553 -0.2543 -0.2522 -0.2517 -0.2499 -0.2468 -0.2438 -0.2429 -0.2423 -0.2417 -0.2413 -0.2409 -0.2409 -0.2407 -0.2407 -0.2405 -0.2405 -0.2404 -0.2404 -0.0502 -0.0501 -0.2012 -0.2012 -0.2012 -0.2012 -0.2011 -0.2013 -0.2015 -0.2018 -0.2018 -0.0903 -0.0501 -9999 -9999
-9999 -9999 -9999 -9999 -9999 -9999 -9999 -9999 -9999 -9999 -9999 -9999 -9999 -9999 -9999 -9999 -9999 -9999 -9999 -9999 -9999 -9999 -9999 -9999 -9999 -9999 -0.3363 -0.5442 -0.2668 -0.2631 -0.2599 -0.2575 -0.257 -0.2563 -0.2559 -0.2555 -0.2548 -0.2538 -0.253 -0.2513 -0.2491 -0.2435 -0.2427 -0.2422 -0.2418 -0.2414 -0.2411 -0.2409 -0.2408 -0.2408 -0.2406 -0.2405 -0.2405 -0.2405 -0.0501 -0.0501 -0.2012 -0.2012 -0.2013 -0.2013 -0.2013 -0.2014 -0.2017 -0.2018 -0.2018 -0.0507 -0.4583 -9999 -9999
-9999 -9999 -9999 -9999 -9999 -9999 -9999 -9999 -9999 -9999 -9999 -9999 -9999 -9999 -9999 -9999 -9999 -9999 -9999 -9999 -9999 -9999 -9999 -9999 -9999 -9999 -0.5505 -0.6926 -0.2679 -0.2646 -0.2609 -0.2581 -0.2573 -0.2567 -0.2559 -0.2556 -0.2553 -0.2545 -0.254 -0.2536 -0.05 -0.2441 -0.2427 -0.2424 -0.242 -0.2416 -0.2412 -0.241 -0.2408 -0.2407 -0.2407 -0.2406 -0.2406 -0.2406 -0.05 -0.2012 -0.2012 -0.2014 -0.2014 -0.2014 -0.2014 -0.2016 -0.2022 -0.202 -0.0737 -0.2906 -9999 -9999 -9999
-9999 -9999 -9999 -9999 -9999 -9999 -9999 -9999 -9999 -9999 -9999 -9999 -9999 -9999 -9999 -9999 -9999 -9999 -9999 -9999 -9999 -9999 -9999 -9999 -9999 -0.6833 -0.6348 -0.2723 -0.2698 -0.2671 -0.2654 -0.2626 -0.2581 -0.257 -0.256 -0.2558 -0.2556 -0.2553 -0.255 -0.05 -0.2449 -0.2438 -0.2432 -0.2427 -0.2422 -0.2418 -0.2414 -0.2411 -0.2409 -0.2408 -0.2407 -0.2407 -0.2406 -0.2407 -0.05 -0.05 -0.05 -0.2015 -0.2022 -0.2016 -0.2018 -0.2027 -0.2045 -0.2025 -0.1801 -9999 -9999 -9999 -9999
-9999 -9999 -9999 -9999 -9999 -9999 -9999 -9999 -9999 -9999 -9999 -9999 -9999 -9999 -9999 -9999 -9999 -9999 -9999 -9999 -9999 -9999 -9999 -9999 -9999 -0.7383 -0.6175 -0.5978 -0.575 -0.5405 -0.7824 -0.6332 -0.6269 -0.6222 -0.9564 -1.0267 -0.8841 -0.2561 -0.2557 -0.2511 -0.2465 -0.2444 -0.2437 -0.243 -0.2423 -0.2419 -0.2416 -0.2413 -0.241 -0.2409 -0.2408 -0.2408 -0.2408 -0.2407 -0.05 -0.2126 -0.2126 -0.05 -0.2084 -0.1234 -0.1758 -0.2158 -0.2163 -0.2057 -0.523 -9999 -9999 -9999 -9999
-9999 -9999 -9999 -9999 -9999 -9999 -9999 -9999 -9999 -9999 -9999 -9999 -9999 -9999 -9999 -9999 -9999 -9999 -9999 -9999 -9999 -9999 -9999 -9999 -9999 -0.6608 -0.5945 -0.5983 -0.5395 -0.4401 -0.5066 -0.6218 -0.6554 -0.6383 -0.8755 -0.6376 -0.6299 -0.6838 -0.5259 -0.2539 -0.2478 -0.2453 -0.2443 -0.2434 -0.2427 -0.242 -0.2418 -0.2415 -0.2412 -0.241 -0.2409 -0.2409 -0.2408 -0.2408 -0.05 -0.2141 -0.2133 -0.2145 -0.2142 -0.216 -0.2207 -0.2318 -0.2549 -0.3737 -9999 -9999 -9999 -9999 -9999
-9999 -9999 -9999 -9999 -9999 -9999 -9999 -9999 -9999 -9999 -9999 -9999 -9999 -9999 -9999 -9999 -9999 -9999 -9999 -9999 -9999 -9999 -9999 -9999 -9999 -9999 -9999 -9999 -9999 -9999 -9999 -9999 -9999 -9999 -9999 -9999 -9999 -0.8014 -0.4491 -0.6159 -0.7555 -0.2465 -0.2449 -0.2437 -0.2428 -0.2422 -0.2418 -0.2416 -0.2413 -0.2411 -0.241 -0.241 -0.241 -0.241 -0.0501 -0.2013 -0.0501 -0.2162 -0.2161 -0.217 -0.1534 -0.3344 -0.306 -9999 -9999 -9999 -9999 -9999 -9999
-9999 -9999 -9999 -9999 -9999 -9999 -9999 -9999 -9999 -9999 -9999 -9999 -9999 -9999 -9999 -9999 -9999 -9999 -9999 -9999 -9999 -9999 -9999 -9999 -9999 -9999 -9999 -9999 -9999 -9999 -9999 -9999 -9999 -9999 -9999 -9999 -9999 -9999 -9999 -1.0451 -1.0248 -0.8009 -0.2451 -0.2439 -0.243 -0.2424 -0.242 -0.2418 -0.2415 -0.2413 -0.2412 -0.2411 -0.2411 -0.241 -0.0501 -0.2185 -0.2189 -0.2182 -0.2183 -0.2191 -0.172 -0.3442 -0.5762 -9999 -9999 -9999 -9999 -9999 -9999
-9999 -9999 -9999 -9999 -9999 -9999 -9999 -9999 -9999 -9999 -9999 -9999 -9999 -9999 -9999 -9999 -9999 -9999 -9999 -9999 -9999 -9999 -9999 -9999 -9999 -9999 -9999 -9999 -9999 -9999 -9999 -9999 -9999 -9999 -9999 -9999 -9999 -9999 -9999 -9999 -9999 -0.9339 -0.7031 -0.2439 -0.2432 -0.2427 -0.2422 -0.242 -0.2417 -0.2415 -0.2414 -0.2412 -0.2411 -0.05 -0.0501 -0.2196 -0.2197 -0.22 -0.221 -0.2235 -0.3143 -0.4434 -9999 -9999 -9999 -9999 -9999 -9999 -9999
-9999 -9999 -9999 -9999 -9999 -9999 -9999 -9999 -9999 -9999 -9999 -9999 -9999 -9999 -9999 -9999 -9999 -9999 -9999 -9999 -9999 -9999 -9999 -9999 -9999 -9999 -9999 -9999 -9999 -9999 -9999 -9999 -9999 -9999 -9999 -9999 -9999 -9999 -9999 -9999 -9999 -9999 -0.9097 -0.7302 -0.2434 -0.2428 -0.2425 -0.2422 -0.242 -0.2418 -0.2415 -0.2413 -0.2412 -0.05 -0.0501 -0.2202 -0.2206 -0.2254 -0.23 -0.393 -0.4104 -9999 -9999 -9999 -9999 -9999 -9999 -9999 -9999
-9999 -9999 -9999 -9999 -9999 -9999 -9999 -9999 -9999 -9999 -9999 -9999 -9999 -9999 -9999 -9999 -9999 -9999 -9999 -9999 -9999 -9999 -9999 -9999 -9999 -9999 -9999 -9999 -9999 -9999 -9999 -9999 -9999 -9999 -9999 -9999 -9999 -9999 -9999 -9999 -9999 -9999 -9999 -1.0766 -0.8 -0.2431 -0.2428 -0.2424 -0.2422 -0.2422 -0.242 -0.2417 -0.242 -0.0501 -0.1857 -0.2023 -0.1675 -0.2436 -0.2469 -0.346 -0.6186 -9999 -9999 -9999 -9999 -9999 -9999 -9999 -9999
-9999 -9999 -9999 -9999 -9999 -9999 -9999 -9999 -9999 -9999 -9999 -9999 -9999 -9999 -9999 -9999 -9999 -9999 -9999 -9999 -9999 -9999 -9999 -9999 -9999 -9999 -9999 -9999 -9999 -9999 -9999 -9999 -9999 -9999 -9999 -9999 -9999 -9999 -9999 -9999 -9999 -9999 -9999 -9999 -0.6299 -0.9522 -0.2432 -0.2431 -0.243 -0.2427 -0.2424 -0.242 -0.05 -0.0501 -0.0671 -0.2554 -0.2586 -0.2597 -0.3361 -0.5158 -9999 -9999 -9999 -9999 -9999 -9999 -9999 -9999 -9999
-9999 -9999 -9999 -9999 -9999 -9999 -9999 -9999 -9999 -9999 -9999 -9999 -9999 -9999 -9999 -9999 -9999 -9999 -9999 -9999 -9999 -9999 -9999 -9999 -9999 -9999 -9999 -9999 -9999 -9999 -9999 -9999 -9999 -9999 -9999 -9999 -9999 -9999 -9999 -9999 -9999 -9999 -9999 -9999 -1.2854 -0.3147 -0.2434 -0.2443 -0.2444 -0.2442 -0.244 -0.2302 -0.05 -0.0501 -0.0501 -0.2365 -0.2623 -0.2652 -0.3969 -0.8239 -9999 -9999 -9999 -9999 -9999 -9999 -9999 -9999 -9999
-9999 -9999 -9999 -9999 -9999 -9999 -9999 -9999 -9999 -9999 -9999 -9999 -9999 -9999 -9999 -9999 -9999 -9999 -9999 -9999 -9999 -9999 -9999 -9999 -9999 -9999 -9999 -9999 -9999 -9999 -9999 -9999 -9999 -9999 -9999 -9999 -9999 -9999 -9999 -9999 -9999 -9999 -9999 -9999 -0.3153 -0.3083 -0.2457 -0.2457 -0.2462 -0.246 -0.2458 -0.2452 -0.05 -0.0501 -0.0501 -0.0501 -0.2763 -0.447 -0.6376 -9999 -9999 -9999 -9999 -9999 -9999 -9999 -9999 -9999 -9999
-9999 -9999 -9999 -9999 -9999 -9999 -9999 -9999 -9999 -9999 -9999 -9999 -9999 -9999 -9999 -9999 -9999 -9999 -9999 -9999 -9999 -9999 -9999 -9999 -9999 -9999 -9999 -9999 -9999 -9999 -9999 -9999 -9999 -9999 -9999 -9999 -9999 -9999 -9999 -9999 -9999 -9999 -9999 -9999 -0.3446 -0.3129 -0.2484 -0.2478 -0.2473 -0.2472 -0.2469 -0.2463 -0.05 -0.0501 -0.0501 -0.2597 -0.2868 -0.4675 -0.9529 -9999 -9999 -9999 -9999 -9999 -9999 -9999 -9999 -9999 -9999
-9999 -9999 -9999 -9999 -9999 -9999 -9999 -9999 -9999 -9999 -9999 -9999 -9999 -9999 -9999 -9999 -9999 -9999 -9999 -9999 -9999 -9999 -9999 -9999 -9999 -9999 -9999 -9999 -9999 -9999 -9999 -9999 -9999 -9999 -9999 -9999 -9999 -9999 -9999 -9999 -9999 -9999 -9999 -9999 -9999 -0.3144 -0.3381 -0.2489 -0.2484 -0.248 -0.2477 -0.2467 -0.0853 -0.0501 -0.3049 -0.5494 -0.6419 -0.8617 -9999 -9999 -9999 -9999 -9999 -9999 -9999 -9999 -9999 -9999 -9999
