data/entities/Measures_gates_embank/CaseDifferenceDuration_fraction.asc
ncols         98 
nrows         130 
xllcorner     530385.4375 
yllcorner     504074.10385949 
cellsize      100 
NODATA_value -9999 
[rows 70 to 104 of 130, columns 0 to 79 of 98]
1 1 1 0 0 0.33333 0.35294 0.3908 0.3908 0.34524 0.30952 0.32143 0.35294 0.38636 0.38614 0.42697 0.41573 0.41573 0.41573 0.41573 0.41573 0.38372 0.34524 0.30952 0.51163 0.27586 0.047619 0 0 0 0.22222 0.51163 0.34118 0.28571 0.30952 0.37931 0.37931 0.37931 0.37931 0.38636 0.41573 0.4902 0.39326 0.32941 0.16667 0 0.43243 0.32941 0.37209 0.37931 0.34118 0.46341 0.047619 0 0.16667 0.46341 0.30952 0.32143 0.34118 0.1954 0.20238 1 1 0.275 0.26829 0.25 0.375 0.6 0.6 0.6 0.6 0.6 0.6 0.6 0.6 0.6 0.6 0.6 0.6 0.6
1 1 1 0 0 0.32143 0.33333 0.38372 0.39773 0.30952 0.41026 0 0.53488 0.36471 0.42697 0.39773 0.38372 0.38372 0.38636 0.38636 0.38372 0.37931 0.35294 0.34118 0.475 0.13636 0 0 0 1 0 0 0.4359 0.4878 0.4359 0.31034 0.34118 0.37931 0.38636 0.38636 0.41573 0.42697 0.38636 0.30952 0.25 0.13636 0.475 0.34118 0.35294 0.37931 0.38636 0.34118 0.32941 0.34118 0.30952 0.30952 0.37209 0.35294 0.34118 0.32941 0.35294 1 1 0.275 0.275 0.21739 0.33333 0.6 0.6 0.6 0.6 0.6 0.6 0.6 0.6 0.6 0.6 0.6 0.6 0.6
1 1 1 0 0 0.29762 0.30952 0.34524 0.38636 0.30952 0.42105 0.21429 0.4359 0.32143 0.41573 0.39773 0.36471 0.32143 0.34524 0.3908 0.42697 0.39773 0.3908 0.38372 0.35135 0.21429 0.21429 0.21429 0.16667 0.25 0.4878 0.35294 0.32941 0.33333 0.30952 0.38372 0.34118 0.32143 0.30952 0.37209 0.38636 0.39326 0.36047 0.30952 0.4359 0.46154 0.4878 0.52273 0.33333 0.34884 0.34118 0.37931 0.38636 0.34884 0.33333 0.52273 0.37209 0.37209 0.35294 0.32941 0.28571 1 1 0.275 0.26829 0.20833 0.1875 0.6 0.6 0.6 0.6 0.6 0.6 0.6 0.6 0.6 0.6 0.6 0.6 0.6
1 1 1 1 0 0 0.28571 0.30952 0.39773 0.35294 0.30952 0.047619 0.43243 0.29762 0.39773 0.3908 0.37647 0.35135 0.28571 0.37209 0.42697 0.40449 0.38372 0.46154 0.4878 0.30952 0.41573 0.35294 0.37209 0.38636 0.38636 0.37931 0.41573 0.41573 0.41573 0.39326 0.38636 0.36047 0.34118 0.37931 0.39773 0.39326 0.37209 0.32143 0.53488 0.48837 0.4878 0.51163 0.30952 0.37931 0.38636 0.38636 0.41573 0.42697 0.38636 0.38372 0.38636 0.37209 0.34884 0.34118 0.28571 1 1 0.275 0.26829 0.21429 0.15789 0.6 0.6 0.6 0.6 0.6 0.6 0.6 0.6 0.6 0.6 0.6 0.6 0.6
1 1 1 1 0 0 0.53488 0.52273 0.29762 0.32143 0.30952 0.46341 0.46341 0.30952 0.38372 0.3908 0.35294 0.52273 0.30952 0.34118 0.39773 0.38372 0.35294 0.34118 0.33333 0.34118 0.33333 0.35294 0.37931 0.38636 0.39773 0.40449 0.51961 0.43333 0.42697 0.41573 0.40449 0.39326 0.40449 0.41573 0.41573 0.39326 0.38636 0.38372 0.34118 0.30952 0.52273 0.28571 0.34118 0.38636 0.39773 0.39326 0.41573 0.40449 0.37931 0.32941 0.30952 0.33333 0.32941 0.32941 0.41379 0.38636 1 0.275 0.26829 0.27027 0.2381 0.6 0.6 0.6 0.6 0.6 0.6 0.6 0.6 0.6 0.6 0.6 0.6 0.6
1 1 1 1 0 0 0.4878 0.46341 0.4878 0.53488 0.30952 0.32143 0.34524 0.39535 0.4382 0.40449 0.3908 0.38372 0.30952 0.51163 0.4878 0.53488 0.30952 0.34118 0.37209 0.38372 0.37931 0.38636 0.38636 0.38636 0.39326 0.41573 0.42697 0.54444 0.54444 0.42697 0.54444 0.54444 0.53333 0.54444 0.53333 0.54444 0.41573 0.39326 0.38636 0.38636 0.38636 0.38636 0.34118 0.30952 0.30952 0.32941 0.38636 0.38636 0.35294 0.30952 0.51163 0.52273 0.52273 0.20238 0.39535 0.39024 1 0.28205 0.275 0.275 0.18182 0.6 0.6 0.6 0.375 0.33333 0.6 0.6 0.6 0.6 0.6 0.6 0.6 0.6
1 1 1 1 1 0 0 0.42105 0.28571 0.54545 0.33333 0.38636 0.41573 0.4382 0.49505 0.4382 0.40909 0.38372 0.41379 0.28571 1 0.27586 0.30952 0.40449 0.41573 0.41573 0.42697 0.41573 0.38636 0.38636 0.39773 0.41573 0.54945 0.54945 0.51485 0.60784 0.52941 0.53922 0.64078 0.53922 0.51961 0.51485 0.54444 0.43333 0.41573 0.41573 0.42697 0.39773 0.30952 0.27586 0.047619 0.51163 0.34118 0.37931 0.34118 0.33333 0.28571 0.44828 0.40541 0.42857 0.42857 0.39286 1 0.24138 0.28205 0.275 0.2381 0.6 0.6 0.6 0.10526 0.10526 0.33333 0.6 0.6 0.6 0.6 0.6 0.6 0.44444
1 1 1 1 1 0 0 0.28571 0 0.25 0.53488 0.38824 0.41573 0.4382 0.52475 0.42697 0.39773 0.37647 0.30952 0.5122 0.48718 0.54545 0.38372 0.54444 0.4382 0.42697 0.41573 0.3908 0.34118 0.38636 0.41573 0.42697 0.46667 0.54945 0.49505 0.49505 0.51961 0.51961 0.51961 0.52941 0.52941 0.51961 0.49505 0.54444 0.44444 0.41573 0.39773 0.37931 0.35294 0.32941 0.34118 0.34118 0.39773 0.37931 0.32941 0.29762 0.48718 0.42857 0.21053 0.1875 0.15789 0.21053 1 1 0.27027 0.28205 0.21053 0.6 0.6 0.6 0.10526 0.10526 0.375 0.6 0.6 0.6 0.6 0.6 0.6 0.44444
1 1 1 1 1 0 0 0.21429 1 0 0.475 0.38824 0.41573 0.42697 0.4382 0.40909 0.39535 0.34524 0.35294 0.35294 0.38372 0.3908 0.39773 0.41573 0.40449 0.38636 0.34118 0 0.44737 0.40449 0.41573 0.41573 0.44444 0.42697 0.42697 0.5098 0.54444 0.54444 0.5098 0.54945 0.5098 0.51961 0.54945 0.43333 0.41573 0.39773 0.38372 0.37209 0.38636 0.41573 0.42697 0.40449 0.39326 0.37209 0.35294 0.4359 0.4359 0.2381 0.6 0.6 0.6 0.6 0.6 1 0.25 0.28205 0.15789 0.6 0.6 0.6 0.10526 0.10526 0.6 0.6 0.6 0.6 0.6 0.6 0.6 0.5
1 1 1 1 1 1 0 0 1 0 0.43243 0.40449 0.3908 0.39773 0.40909 0.3908 0.39535 0.38824 0.39535 0.3908 0.40909 0.39535 0.35294 0.33333 0.34118 0.37209 0.34118 0.5122 0.28571 0.35294 0.37931 0.37931 0.30952 0.29762 0.30952 0.51163 0.41379 0.30952 0.33333 0.38636 0.42697 0.54444 0.42697 0.41573 0.39773 0.38636 0.36047 0.34118 0.32143 0.30952 0.30952 0.30952 0.34118 0.30952 0.21429 0 0.2381 0.21053 0.6 0.6 0.6 0.6 0.375 1 0.24 0.28205 0.21053 0.6 0.6 0.6 0.10526 0.10526 0.6 0.6 0.6 0.6 0.6 0.6 0.6 0.6
1 1 1 1 1 1 0 0 0.17391 0.25 0.16667 0 0.54545 0.34524 0.38372 0.39535 0.39535 0.39535 0.3908 0.39773 0.41573 0.35294 0.54545 0.21429 0.51163 0.34524 0.38636 0.30952 0.48837 0.21429 0.090909 1 0 0 0.21429 0 0.25 0.52273 0.34118 0.38636 0.40449 0.41573 0.40449 0.39773 0.38636 0.38372 0.37209 0.32941 0.52273 0.21429 0 0.4359 0.5122 0.48718 0.13636 0.27273 0.5 0.21053 0.6 0.6 0.6 0.6 0.2 1 1 0.28205 0.21053 0.6 0.6 0.6 0.10526 0.10526 0.6 0.6 0.6 0.6 0.6 0.6 0.6 0.6
1 1 1 1 1 1 0 0 0.45946 0.47222 0.48718 0.25 0.53488 0.34524 0.40909 0.40909 0.3908 0.39535 0.39535 0.3908 0.38372 0.35294 0.35294 0.48718 0.53488 0.30952 0.32143 0.52273 0.51163 0.475 0.31034 0 1 1 0.34118 0.28571 0.30952 0.38636 0.52941 0.50495 0.52222 0.41573 0.39326 0.38636 0.38636 0.37931 0.35294 0.32941 0.30952 0.28571 0.28571 0.51163 0.51163 0.4878 0.31034 0.4359 0.44828 0.21053 0.6 0.6 0.6 0.6 0.375 0 1 0.275 0.21053 0.6 0.6 0.6 0.10526 0.10526 0.375 0.6 0.6 0.6 0.6 0.6 0.6 0.6
1 1 1 1 1 1 1 0 0 0.44828 0.47222 0.53488 0.33333 0.38824 0.42045 0.40909 0.39535 0.34524 0.38824 0.39535 0.41573 0.38824 0.33333 0.30952 0.30952 0.33333 0.34118 0.38372 0.34118 0.30952 0.43243 0 1 0 0.51163 0.35294 0.36047 0.38636 0.42697 0.41573 0.41573 0.40449 0.40449 0.38636 0.38636 0.37931 0.37209 0.34118 0.32941 0.34118 0.34118 0.33333 0.34118 0.30952 0.48837 0.41463 0.46429 0.2381 0.6 0.6 0.6 0.6 0.6 0 1 0.275 0.21053 0.6 0.6 0.6 0.10526 0.10526 0.10526 0.6 0.6 0.6 0.6 0.6 0.6 0.6
1 1 1 1 1 1 1 0 0 0.22222 0.55172 0.56818 0.38824 0.4 0.38824 0.4023 0.4023 0.40909 0.39535 0.39535 0.3908 0.34524 0.35294 0.48718 0.29762 0.34524 0.3908 0.38636 0.38636 0.38636 0.30952 0.46154 0.27586 0.46341 0.30952 0.34118 0.38372 0.37931 0.30952 0 0.46341 0.44444 0.37931 0.37931 0.37931 0.38636 0.39773 0.37931 0.52273 0.21429 0.31034 0.4878 0.30952 0.30952 0.40909 0.4359 0.45833 0.22727 0.2381 0.6 0.6 0.6 0.6 0.052632 1 0.28205 0.2 0.6 0.6 0.6 0.10526 0.10526 0.10526 0.25 0.6 0.6 0.6 0.6 0.6 0.6
1 1 1 1 1 1 1 0 0 0.25926 0.51282 0.32143 0.38824 0.4186 0.46067 0.42045 0.41379 0.4023 0.39535 0.38824 0.34524 0.29762 0.53488 0.51163 0.30952 0.33333 0.36471 0.35294 0.35294 0.38636 0.33333 0.30952 0.32143 0.34118 0.32941 0.37209 0.3908 0.38636 0.30952 0 0.24 0.4359 0.33333 0.34118 0.34118 0.37209 0.38636 0.34118 0.31034 0 0 0.13636 0.43243 0.4359 0.43243 0.22727 0.2 0.2381 0.25 0.24138 0.25 0.1875 0.33333 0.2 1 1 0.25 0.6 0.6 0.6 0.10526 0.10526 0.10526 0.10526 0.1875 0.6 0.6 0.6 0.6 0.375
1 1 1 1 1 1 1 1 0 0 0.55814 0.33333 0.4 0.42529 0.61111 0.42045 0.4 0.34524 0.33333 0.33333 0.55814 0.5122 0.54545 0.36471 0.28571 0.52273 0.54545 0.35294 0.52273 0.46341 0.28571 0.30952 0.32941 0.35294 0.3908 0.39326 0.40449 0.41573 0.41573 0.34118 0.34118 0.37209 0.33333 0.30952 0.30952 0.33333 0.34118 0.33333 0.475 0.17391 0.13636 0.25 0.475 0.48718 0.44828 0.22727 0.2381 0.21053 0.25 0.24138 0.20833 0.21053 0.2 0.2 1 1 0.375 0.6 0.6 0.6 0.375 0.10526 0.10526 0.10526 0.42857 0.6 0.6 0.6 0.6 0
1 1 1 1 1 1 1 1 0 0 0.33333 0.36471 0.38824 0.4 0.42529 0.40698 0.34524 0.56098 0.36765 0.54545 0.5122 0.4359 0.45946 0.25 0 0.25 0.51163 0.28571 0.41379 0.5122 0.29762 0.30952 0.30952 0.35294 0.39773 0.44444 0.42222 0.41573 0.38636 0.39326 0.41573 0.41573 0.36047 0.29762 0.46341 0.51163 0.28571 0.30952 0.30952 0.28571 0.51163 0.31034 0.16667 0.13636 0.27273 0.1875 0.6 0.22727 0.24138 0.24138 0.22727 0.25 0.6 0.1875 1 1 0.42857 0.6 0.6 0.6 0.6 0.10526 0.10526 0.375 0.6 0.6 0.6 0.6 0.15 1
1 1 1 1 1 1 1 1 1 0 0 0.53846 0.44737 0.55814 0.4 0.40698 0.36471 0.33333 0.30952 0.53488 0.4359 0.21429 0.22222 0.13636 0.16667 0.4878 0.35294 0.38372 0.3908 0.3908 0.35294 0.34118 0.30952 0.30952 0.37931 0.49505 0.42697 0.41573 0.40449 0.41573 0.43333 0.49505 0.34118 0.28571 0.4359 0.28571 0.30952 0.32941 0.33333 0.30952 0.28571 0.31034 0 1 0 0 0.22727 0.24138 0.24138 0.21739 0.21053 0.375 0.6 0.375 1 0.60714 0.375 0.6 0.6 0.6 0.6 0.10526 0.10526 0.6 0.6 0.6 0.6 0.375 1 1
1 1 1 1 1 1 1 1 1 1 0 1 1 0.095238 0.48148 0.4186 0.38824 0.35714 0.30952 0.48718 0.25 0.17391 0.21429 0.46341 0.30952 0.34118 0.3908 0.39773 0.39773 0.40909 0.38636 0.38372 0.34118 0.52273 0.33333 0.38636 0.38636 0.38636 0.39326 0.39326 0.34884 0.48718 0.51163 0.30952 0.34118 0.34118 0.38636 0.39326 0.33333 0.475 0.25 0.45946 0.4878 0.29762 0.5122 0.54545 0.30952 0.4359 0 1 1 0.6 1 1 0.34783 0.5 0.42857 0.6 0.6 0.6 0.6 0.10526 0.375 0.6 0.6 0.42857 0.1875 0 1 1
1 1 1 1 1 1 1 1 1 1 1 0 1 0 0.14286 0.33333 0.56818 0.33333 0.33333 0.48718 0.095238 0 0.25 0.46154 0.35294 0.35294 0.39773 0.3908 0.38372 0.38372 0.34118 0.32143 0.53488 0.51163 0.28571 0.30952 0.33333 0.33333 0.33333 0.28571 0.46341 0 0.31034 0.4878 0.46341 0.30952 0.37931 0.41573 0.35294 0.53488 0.43243 0.48837 0.30952 0.34118 0.30952 0.30952 0.32941 0 1 1 0.6 1 1 0.25 0.56522 0.58621 0.6 0.6 0.6 0.6 0.6 0.6 0.6 0.6 0.42857 0.17647 0.14286 1 1 1
1 1 1 1 1 1 1 1 1 1 1 1 0 0 0 1 0 0.48718 0.33333 0.20833 1 0 0.13636 0.44828 0.28571 0.35294 0.3908 0.38372 0.35294 0.30952 0.30952 0.54545 0.48718 0.48837 0.28571 0.30952 0.32143 0.30952 0.48837 0.30952 0.52273 0.4359 0.4359 0.5122 0.52273 0.30952 0.38636 0.40449 0.38636 0.37209 0.28571 0.32143 0.34118 0.32941 0.48837 0.31034 0 1 1 1 1 0.6 0.6 0.25 0.56522 0.60714 0.6 0.6 0.6 0.6 0.6 0.6 0.375 0.42857 0.11765 0.33333 1 1 1 1
1 1 1 1 1 1 1 1 1 1 1 1 1 1 0 0 0 0 0.25 0 0 0 0.23077 0.4878 0.35294 0.37647 0.37647 0.36471 0.35294 0.38824 0.34118 0.30952 0.54545 0.28571 0.33333 0.38636 0.37931 0.37931 0.39326 0.37209 0.35294 0.38372 0.37209 0.37209 0.38636 0.37931 0.38372 0.34118 0.36047 0.37931 0.38636 0.32941 0.33333 0.54545 0.13636 0 0.6 0.6 1 1 0.6 0.6 0.6 0.5 0.34783 0.60714 0.6 0.6 0.6 0.6 0.6 0.25 0.25 0.2 0 0.6 1 1 1 1
1 1 1 1 1 1 1 1 1 1 1 1 1 1 1 0 0 1 1 1 0 0.46429 0.58621 0.4878 0.28571 0.30952 0.32143 0.33333 0.33333 0.34118 0.34118 0.34118 0.33333 0.33333 0.34118 0.37209 0.37931 0.38636 0.37931 0.37931 0.37209 0.35294 0.37209 0.38636 0.38636 0.35294 0.30952 0.30952 0.36047 0.38636 0.37931 0.30952 0.46341 0.16667 0 0.375 1 1 0.25 0.3125 0.25 0.36364 0.25 0.28571 0.52 0.62069 0.25 0.6 0.6 0.6 0.42857 0.27273 0.27273 0 0.6 1 1 1 1 1
1 1 1 1 1 1 1 1 1 1 1 1 1 1 1 1 1 0 1 1 1 0.2963 0.16667 0.31034 0.475 0.51163 0.54545 0.30952 0.30952 0.5122 0.30952 0.34118 0.35294 0.28571 0.53488 0.34118 0.34118 0.37931 0.39773 0.38372 0.34118 0.30952 0.34884 0.38636 0.37931 0.37931 0.38636 0.38636 0.37209 0.35294 0.33333 0.28571 0.51163 0.22222 0.2381 1 1 0.25 0.2381 0.34783 0.57692 0.66667 0.57692 0.57692 0.62963 0.64286 0.64286 0.56522 0.6 0.6 0.27273 0.27273 0.27273 0 1 1 1 1 1 1
1 1 1 1 1 1 1 1 1 1 1 1 1 1 1 1 1 1 1 0 0 1 1 0 0.55172 0.44737 0.4878 0.53488 0.51282 0.17391 0.4359 0.30952 0.28571 0.44737 0.13636 1 0.475 0.32941 0.38372 0.3908 0.38636 0.37931 0.38636 0.39326 0.54444 0.40449 0.38636 0.36047 0.30952 0.4359 0.21429 0.4878 0.43243 1 1 1 0.10526 0.21053 0.25 0.26316 0.31818 0.66667 0.66667 0.66667 0.62963 0.64286 0.62069 0.64286 0.31818 0.31818 0.36364 0.6 0.42857 1 1 1 1 1 1 1
1 1 1 1 1 1 1 1 1 1 1 1 1 1 1 1 1 1 1 1 0 0 1 1 1 0 0.17391 0.5122 0.5814 0.13636 0.21429 0.53488 0.53488 0.28571 0 0 0.25 0.32143 0.37931 0.38372 0.38372 0.37209 0.37931 0.38636 0.39773 0.37931 0.34118 0.30952 0.4359 0.16667 0.46154 0 1 1 1 1 0.2 0.2 0.375 0.6 0.25 0.6 0.66667 0.66667 0.62963 0.60714 0.60714 0.62069 0.62069 0.60714 0.6087 0.6 0.6 1 1 1 1 1 1 1
1 1 1 1 1 1 1 1 1 1 1 1 1 1 1 1 1 1 1 1 1 1 0 1 1 1 1 0.20833 0.51282 0.55172 0.44828 0.48718 0.5122 0.45946 0.44828 0.48718 0.51163 0.32143 0.37931 0.3908 0.37209 0.35294 0.37931 0.38372 0.37209 0.30952 0.46154 0 0.095238 0 1 1 1 1 1 1 0.6 0.6 0.375 0.33333 0.375 0.25 0.66667 0.65385 0.59259 0.59259 0.60714 0.6 0.62069 0.60714 0.57692 0.6 1 1 1 1 1 1 1 1
1 1 1 1 1 1 1 1 1 1 1 1 1 1 1 1 1 1 1 1 1 1 1 1 1 1 1 1 0 0.51282 0.47222 0.44828 0.25 0.44828 0.55172 0.28571 0.28571 0.38636 0.39773 0.38636 0.40449 0.41573 0.3908 0.36047 0.34118 0.30952 0.51163 0.48837 0.090909 1 1 1 1 1 1 1 0.6 0.6 0.42857 0.1875 0.6 0.6 0.25 0.2381 0.56522 0.53846 0.60714 0.5 0.62069 0.61538 0.15 1 1 1 1 1 1 1 1 1
1 1 1 1 1 1 1 1 1 1 1 1 1 1 1 1 1 1 1 1 1 1 1 1 1 1 0 0 0 0.53846 0.47222 0.55172 0.25 0.25 0.16667 0.16667 0.35294 0.37931 0.48837 0.30952 0.35294 0.39326 0.37931 0.33333 0.28571 0.28571 0.52273 0.48837 1 1 0.125 0 0 1 1 1 0.42857 0.25 0.25 0.25 0.25 0.5 0.375 0.2381 0.56522 0.53846 0.62963 0.64286 0.60714 0.086957 1 1 1 1 1 1 1 1 1 1
1 1 1 1 1 1 1 1 1 1 1 1 1 1 1 1 1 1 1 1 1 1 1 1 1 1 1 1 0 0 0.17391 0.23077 0.58621 0.53488 0.36765 0.34831 0.44828 1 0 0.44828 0.30952 0.37931 0.36047 0.30952 0.52273 0.48718 0.21429 1 1 0 0 0.26316 0.74074 0.71429 0.57692 1 0.53846 0.53846 0.53846 0.60714 0.62963 0.59259 0.57692 0.6087 0.6087 0.56522 0.52 0.53846 0.56 1 1 1 1 1 1 1 1 1 1 1
1 1 1 1 1 1 1 1 1 1 1 1 1 1 1 1 1 1 1 1 1 1 1 1 1 1 1 1 0 1 1 0 0.54839 0.43103 0.34831 0.67 0.32143 0 0.047619 0.46154 0.33333 0.38636 0.37931 0.35294 0.30952 0.52273 1 1 0.33333 0 0 0.15789 0.74074 0.27059 0.7037 1 0.53846 0.56522 0.53846 0.62963 0.62963 0.62963 0.53846 0.53846 0.52 0.56522 0.56522 0.56522 0.6 1 1 1 1 1 1 1 1 1 1 1
1 1 1 1 1 1 1 1 1 1 1 1 1 1 1 1 1 1 1 1 1 1 1 1 1 1 1 1 1 1 1 1 0.25 0.36765 0.35955 0.67 0.30952 0.48718 0.48718 0.30952 0.36047 0.42697 0.39773 0.38372 0.32941 1 1 0.31868 0.71429 0 0 0.31818 0.74074 0.58333 0.33333 1 1 0.375 0.31818 0.51852 0.62963 0.51852 0.53846 0.51852 0.51852 0.5 0.56522 0.6 1 1 1 1 1 1 1 1 1 1 1 1
1 1 1 1 1 1 1 1 1 1 1 1 1 1 1 1 1 1 1 1 1 1 1 1 1 1 1 1 1 1 1 1 0 0.48718 0.53659 0.67 0.53659 0.17391 0 0 0.45946 0.34118 0.35294 0.32941 1 1 0.30337 0.29204 0.29412 0.52273 0.66667 0.59259 0.58333 0.53846 0.29167 1 1 0.42857 0.22727 0.22857 0.25926 0.25 0.31818 0.34783 0.56 0.56 0.27273 1 0 1 1 1 1 1 1 1 1 1 1 1
1 1 1 1 1 1 1 1 1 1 1 1 1 1 1 1 1 1 1 1 1 1 1 1 1 1 1 1 1 1 1 1 1 1 1 1 1 1 1 1 1 1 1 1 1 0.53659 0.53659 0.66667 0.58333 0.66667 0.26316 0.66667 0.67742 0.55263 0.66667 1 0.0625 0 0.21622 0.21622 0.29167 0.42857 0.6 0.25 0.52174 0.058824 1 1 1 1 1 1 1 1 1 1 1 1 1 1
1 1 1 1 1 1 1 1 1 1 1 1 1 1 1 1 1 1 1 1 1 1 1 1 1 1 1 1 1 1 1 0 0 0.73333 0.34615 0.34615 0.26087 0.24 0.61111 0.71429 0.5 0.71429 0.54054 0.53846 0.55263 0.53846 0.52381 0.52381 0.68966 0.66667 0.52381 0.58333 0.52381 0.5 1 1 0.72093 0.23529 0.22353 0.38636 0.13636 0 0 0 0 1 1 1 1 1 1 1 1 1 1 1 1 1 1 1
