data/entities/Measures_ponds_retain/CaseDifferenceDuration_fraction.asc
ncols         98 
nrows         130 
xllcorner     530385.4375 
yllcorner     504074.10385949 
cellsize      100 
NODATA_value -9999 
[rows 66 to 98 of 130, columns 0 to 74 of 98]
-9999 0.98837 0.98824 0.98824 0.98824 1 1 0.98824 0.97727 0.98824 0.52381 0.75676 0.91304 0.78947 -9999 0 0.5 0.91304 0.74359 0.93023 0.5119 1 1 1 0.98824 0.98837 0.97701 0.98824 1 0.93182 0.96552 0.95349 1 0.5119 0.75676 0.84211 0.90476 0.85714 1 0.725 0.84211 -9999 -9999 0.6 0.84211 0.91667 0.95349 1 0.75676 0.42105 -9999 1 0.66667 0.6 0.5 0.86364 0.85714 0.95349 0.98837 0.98824 1 -9999 0.95122 0.95238 0.95238 0.925 0.90476 0.6 0.4 0.4 0.4 0.4 0.4 0.4 0.4
-9999 -9999 0.98824 0.98824 0.98824 0.98824 0.98824 0.98824 0.98864 0.97727 0.98824 0.98824 0.5119 0.74359 0.47059 0.4375 0.92 0.52381 1 1 1 0.69048 0.5119 0.95122 0.5119 1 0.97727 0.98837 0.98837 0.97701 0.97674 0.98824 0.98824 1 0.93023 0.95349 0.91304 0.91304 0.90476 0.95455 0.90476 0.725 0.66667 0.42857 0.42857 0.91667 0.5119 0.98837 0.52381 0.74359 0.74359 0.6 -9999 -9999 -9999 0.6 0.7619 0.90244 0.98837 0.98837 1 -9999 0.925 0.97561 0.95238 0.79487 0.5 0.4 0.4 0.4 0.4 0.4 0.4 0.4 0.4
-9999 -9999 0.98824 0.98824 0.98824 0.98824 0.98824 0.98824 0.97701 0.98837 0.98837 0.98824 0.98837 0.98824 0.97727 0.63235 0.52381 0.52381 0.98824 0.98824 0.98824 1 1 0.95349 0.63235 0.52381 0.52381 0.52381 1 0.98824 0.98824 1 0.98824 0.52381 0.95349 0.86364 0.95455 0.91667 0.91667 0.85714 0.85714 0.375 0.86364 0.91667 0.86207 0.95122 0.98824 0.98876 0.97727 0.98837 0.93182 0.375 -9999 -9999 -9999 0.33333 0.75676 0.93182 0.98837 0.97701 1 -9999 -9999 0.95122 0.95122 0.76316 0.625 0.4 0.4 0.4 0.4 0.4 0.4 0.4 0.4
-9999 -9999 0.98837 1 1 0.98824 0.98824 0.98837 0.98837 0.98824 0.98824 0.98837 0.97701 0.97727 0.98876 0.98876 0.97727 0.98876 0.98864 0.98864 0.97753 0.97701 0.98824 0.98824 0.52381 0.95122 0.85714 0.82143 0.96552 0.93182 0.52381 1 0.95349 0.5119 0.80952 0.98824 0.95349 0.95349 0.5119 0.98824 0.98824 0.97701 0.98824 1 1 0.95122 1 0.98864 0.97727 0.97727 0.98824 0.84211 -9999 -9999 -9999 0.90476 0.95122 0.5119 0.98837 0.97701 1 -9999 -9999 0.95 0.95122 0.75676 0.625 0.4 0.4 0.4 0.4 0.4 0.4 0.4 0.4
-9999 -9999 -9999 1 1 1 0.98824 0.97701 0.97701 1 0.52381 1 0.98824 0.97727 0.88119 0.98876 0.98876 0.98876 0.98876 0.98876 0.98876 0.98837 1 0.52381 0.95349 0.86207 0.90476 0.46667 0.625 0.4375 0.85185 0.95349 0.98824 0.5119 0.52381 0.97701 0.97701 0.97701 0.97701 0.97727 0.98876 0.88235 0.98876 0.98824 0.91667 0.6 0.75676 0.98824 0.98837 0.97701 0.98824 0.95122 0.90476 0.5 0.91667 0.95122 0.52381 1 0.98824 0.97701 1 -9999 -9999 0.925 0.95122 0.95833 0.625 0.4 0.4 0.4 0.4 0.4 0.4 0.4 0.4
-9999 -9999 -9999 1 0.80952 1 1 0.97674 0.98864 0.52381 0.71795 0.78947 0.95349 0.98824 0.98876 0.98864 0.98837 0.98837 0.97727 0.97727 0.98837 0.97701 0.98824 0.98824 0.925 0.95455 0.75 0.6 0 -9999 0.625 0.33333 0.74359 0.95122 0.71795 0.96552 0.98824 0.97701 0.97727 0.97727 0.98876 1 0.97727 1 0.85714 0.95455 0.925 0.98824 0.98824 0.97701 0.97727 0.98824 0.98824 0.98824 0.52381 1 0.98837 0.98824 0.98824 0.98824 0.63235 -9999 -9999 0.925 0.975 0.95652 0.55556 0.4 0.4 0.4 0.4 0.4 0.4 0.4 0.4
-9999 -9999 -9999 1 0.52381 0.52381 1 1 0.96591 0.52381 0.73684 0.82143 0.74359 1 0.98876 0.97727 0.98824 1 1 0.97701 0.98876 0.98864 0.97701 0.98837 0.75676 0.85714 0.85714 0.82143 0.91667 0.85714 0.95122 0.98824 0.98824 1 1 0.98837 0.98824 1 0.52381 0.98837 0.98864 0.98876 0.98837 0.52381 0.74359 0.74359 0.95122 0.93182 1 0.97674 0.98824 0.97701 0.97727 0.98837 1 0.93182 0.98837 0.98837 0.98824 0.98824 0.5119 -9999 -9999 0.925 0.95122 0.91667 0.5 0.4 0.4 0.4 0.4 0.4 0.4 0.4 0.4
-9999 -9999 -9999 -9999 0.52381 0.72414 0.5119 1 0.97727 0.98824 0.80952 0.90476 0.75676 0.5119 0.97727 0.97701 0.98824 0.75676 0.5119 0.97674 0.98876 0.98876 0.98837 0.74359 0.95122 0.52381 0.98876 0.98824 0.98837 0.98864 0.97727 0.97701 0.98876 0.98876 0.98876 0.98876 0.97727 0.98837 0.98824 0.97701 0.98864 0.98876 0.98837 1 0.95349 0.90698 0.95122 0.95349 1 0.97701 0.97727 0.98864 0.98876 1 0.97727 0.98837 0.97727 0.98837 0.98837 0.98824 0.5119 -9999 -9999 0.925 0.95122 0.85714 0.84211 0.6 0.4 0.4 0.4 0.4 0.4 0.4 0.4
-9999 -9999 -9999 -9999 1 0.95349 0.95349 0.93182 0.5119 1 1 0.95122 0.90244 1 0.98837 0.97701 0.98824 0.93182 0.52381 0.98824 0.98864 0.98837 0.98824 0.98824 1 0.98824 1 0.98824 0.97701 0.97727 0.98864 0.98876 0.88235 0.98889 1 0.98876 0.98876 0.98876 0.98876 0.98876 0.98876 0.98876 0.97727 0.98837 0.98824 1 0.93182 0.5119 0.98824 0.98864 0.98864 0.98876 0.98876 0.98876 0.97701 0.98824 1 1 0.98824 0.98824 0.74138 0.93182 -9999 0.925 0.97561 0.75676 0.90476 0.6 0.4 0.4 0.4 0.4 0.4 0.4 0.4
-9999 -9999 -9999 -9999 0.98824 0.93023 0.95122 0.95122 0.95122 0.95349 0.52381 1 1 0.98837 1 0.97753 0.97701 0.98837 0.52381 0.93023 0.95122 0.95349 1 0.98824 0.98837 0.98837 0.97701 0.97727 0.97727 0.97727 0.98876 0.98876 1 0.98889 0.98889 1 0.98889 0.98889 0.98889 0.98889 0.98889 0.98889 1 0.98876 0.97727 0.97727 0.97727 0.97727 0.98824 1 1 0.98824 0.97727 0.98864 0.98824 0.52381 0.95349 0.93182 0.93182 1 0.95349 0.95122 -9999 0.74359 0.95 0.95 0.95455 0.6 0.4 0.4 0.5 0.44444 0.4 0.4 0.4
-9999 -9999 -9999 -9999 -9999 0.93182 0.74359 0.73684 0.85714 0.95455 1 0.97727 0.98876 0.98876 0.88119 0.98876 0.98864 0.98837 0.74138 0.85714 -9999 0.82759 1 0.98876 0.98876 0.98876 1 0.98876 0.97727 0.97727 0.98864 0.98876 0.97802 0.97802 0.89109 1 0.9902 0.9902 0.99029 0.9902 0.89216 0.89109 0.98889 0.98889 0.98876 1 1 0.98864 1 0.82759 0.90476 0.95349 0.98824 0.97701 0.98824 1 0.5119 0.96552 0.78378 0.85714 0.85714 0.85714 -9999 0.96552 0.94872 0.95 1 0.4 0.4 0.4 0.42105 0.42105 0.44444 0.4 0.4
-9999 -9999 -9999 -9999 -9999 0.52381 0.75676 0.85714 0.84211 0.95833 0.95349 1 0.98876 1 0.89109 0.98876 0.97727 0.98824 0.69048 0.95122 0.94872 0.93182 0.98837 0.98889 1 0.98876 0.98876 0.97701 0.98824 0.97727 0.98876 1 0.98889 0.97802 0.89109 0.89109 0.88235 0.9902 0.9902 0.9902 0.9902 0.89216 0.89109 0.98889 0.98889 0.98876 0.98864 0.97701 0.98824 0.98824 0.98824 0.98824 0.98864 0.97701 0.98824 0.52381 0.74359 0.85714 0.84211 0.5 0.78947 0.84211 -9999 -9999 0.75676 0.94872 1 0.4 0.4 0.4 0.42105 0.42105 0.375 0.4 0.4
-9999 -9999 -9999 -9999 -9999 0.98824 0.75676 0.82143 -9999 0.46667 0.925 0.98824 0.98876 0.98876 1 0.98864 0.98837 1 0.98824 0.98824 0.98837 0.97701 0.98864 0.98876 0.98876 0.97727 0.98824 0.42857 0.73684 0.98876 0.98876 0.98876 0.98889 1 1 0.88235 0.98889 0.98889 0.88235 0.97802 0.88235 0.89216 0.97802 0.98889 0.98876 0.98864 0.98837 0.98837 0.97727 0.98876 1 0.98876 0.98876 0.98837 0.63235 0.74359 0.94872 0.95238 0.6 0.4 0.4 0.6 0.6 -9999 0.85714 0.94872 0.84211 0.4 0.4 0.4 0.42105 0.42105 0.6 0.4 0.4
-9999 -9999 -9999 -9999 -9999 -9999 0.97436 0.91667 -9999 0.85 0.75676 0.97753 0.97701 0.97727 0.98864 0.97701 0.98837 0.98824 0.98837 0.97701 0.97727 0.98837 0.98824 1 0.98824 0.98837 0.98824 0.95122 0.5119 0.98824 0.97701 0.97701 0.69048 0.5119 0.52381 0.95349 0.7069 1 1 0.97727 1 0.98889 1 0.98876 0.98864 0.97727 0.98837 0.98824 1 1 1 1 0.98824 0.52381 0.82143 0.42857 0.90476 0.84211 0.6 0.4 0.4 0.4 0.5 -9999 0.92 0.94872 0.84211 0.4 0.4 0.4 0.42105 0.42105 0.6 0.4 0.4
-9999 -9999 -9999 -9999 -9999 -9999 0.95349 0.91667 0.91304 0.91667 0.91667 0.78947 0.93182 1 0.98837 0.98837 0.98837 0.98837 0.97701 0.97727 0.98876 0.98824 0.93182 0.85714 0.95349 1 0.97727 1 0.90698 0.82143 0.86364 -9999 0 0.78947 0.82143 0.33333 0.85714 0.93182 0.98824 0.97727 0.98876 0.98876 0.98876 0.98864 0.97727 0.98837 0.98837 0.98824 0.93182 0.82143 0.84211 0.71795 0.95122 0.74359 0.95455 0.95455 0.95833 0.84211 0.4 0.4 0.4 0.4 0.33333 -9999 -9999 0.94872 1 0.4 0.4 0.4 0.42105 0.42105 0.6 0.4 0.4
-9999 -9999 -9999 -9999 -9999 -9999 1 0.91667 0.75676 0.77778 0.74359 0.85714 0.95349 1 0.97727 0.97727 0.97701 0.98837 0.98837 0.97701 0.98837 0.98824 0.63235 0.74359 0.95349 0.80952 1 0.93182 0.95349 0.925 0.93103 0.6 -9999 -9999 0.98824 0.5119 1 0.97727 0.9902 0.89109 0.98889 0.98876 0.98876 0.98864 0.97727 0.97701 0.98824 0.98824 0.52381 0.5119 0.5119 0.95349 0.95349 0.95122 0.96552 0.74359 0.96552 0.84211 0.4 0.4 0.4 0.6 0.375 0.42105 -9999 0.925 1 0.4 0.4 0.4 0.42105 0.42105 0.375 0.4 0.4
-9999 -9999 -9999 -9999 -9999 -9999 -9999 0.85714 0.85185 0.93103 0.77778 0.93023 1 1 0.98864 0.97727 0.98837 1 0.98824 0.98837 0.98876 1 1 0.5119 0.52381 1 0.98824 0.98837 0.98824 0.69048 0.75676 0.42105 -9999 0.6 0.93023 0.98824 0.98837 0.98864 1 0.98876 0.98876 0.98876 0.98876 0.98864 0.97727 0.97701 0.98837 0.98824 0.98824 0.98824 0.98824 1 0.98824 1 0.90698 0.97561 0.85714 0.90476 0.6 0.4 0.4 0.4 0.6 0.42105 -9999 0.925 1 0.4 0.4 0.4 0.42105 0.42105 0.42105 0.4 0.4
-9999 -9999 -9999 -9999 -9999 -9999 -9999 0.94872 0.91667 0.88889 0.96552 0.93182 0.98824 1 1 0.97701 0.97701 0.97727 0.98837 0.98837 0.97701 1 0.63235 0.94872 0.5119 1 0.97701 0.97727 0.96591 0.97727 0.52381 0.74359 0.82759 0.92683 0.52381 0.98824 0.98837 0.98851 1 0.84211 0.92683 0.98889 0.97701 0.97701 0.97701 0.97727 0.98864 0.98851 0.93182 0.85714 0.96552 0.95122 1 1 0.93182 0.74359 0.95833 0.95455 0.90476 0.4 0.6 0.6 0.6 0.42105 -9999 0.74359 0.95 0.4 0.4 0.4 0.42105 0.42105 0.42105 1 0.4
-9999 -9999 -9999 -9999 -9999 -9999 -9999 0.64706 0.91304 0.88889 0.92308 0.52381 1 0.98837 0.98876 0.97727 0.98851 0.97701 0.98837 1 1 0.5119 0.95349 0.93023 0.52381 1 0.98824 0.98824 0.98824 0.97727 1 0.69048 1 0.98824 0.98824 0.98837 0.98851 0.97727 1 0.90476 0.92 0.74359 1 0.98824 0.98824 0.98837 0.97727 0.98824 0.93103 0 0 0.95455 0.75676 0.74359 0.78378 0.90909 0.46667 0.95238 0.85714 0.86207 0.95 0.5 0.55556 0.33333 -9999 -9999 0.95 0.4 0.4 0.4 0.42105 0.42105 0.42105 0.42105 0.5
-9999 -9999 -9999 -9999 -9999 -9999 -9999 -9999 0.8 0.75676 0.95349 1 1 0.98851 1 0.97727 1 1 1 1 0.95349 0.95122 0.97727 0.98824 0.5119 0.93182 0.93182 0.63235 0.93182 0.90244 0.5119 1 0.98824 0.98824 0.98851 0.98876 0.98876 0.98876 1 0.98824 0.98824 0.98837 1 1 1 1 0.98824 1 0.925 0.91304 0.95455 0.85714 0.725 0.74359 0.96552 0.95455 0.90476 1 0.91667 0.86207 0.91667 0.84211 0.33333 0.33333 -9999 -9999 0.75 0.4 0.4 0.4 0.625 0.42105 0.42105 0.42105 0.57143
-9999 -9999 -9999 -9999 -9999 -9999 -9999 -9999 0.93333 0.93182 0.64286 0.98824 0.98824 1 0.98851 0.98837 1 0.95122 0.63235 0.93182 0.95122 0.74359 0.75676 0.91667 0.90476 0.85714 0.93023 0.5119 0.74138 0.95122 0.5119 0.80952 1 0.98824 0.98864 0.98889 0.98889 0.98876 0.97727 0.98876 0.98876 0.98876 0.98837 0.52381 0.90244 0.95349 0.5119 1 0.52381 0.5119 0.95349 0.93103 0.91667 0.95455 0.95455 0.5 0.6 0.95455 0.86207 0.86207 0.95455 0.5 0.6 0.4375 -9999 -9999 0.57143 0.4 0.4 0.4 0.6 0.42105 0.42105 0.625 0.4
-9999 -9999 -9999 -9999 -9999 -9999 -9999 -9999 -9999 0.93182 0.95122 0.94872 0.76316 0.95349 1 0.98837 0.98824 1 0.5119 0.93023 0.74359 0.85714 0.85185 0.95455 0.91667 0.95122 0.98824 0.98837 0.97701 0.98851 0.98824 0.98824 0.52381 0.52381 0.97701 0.88119 1 0.98876 0.98876 0.98876 0.98889 0.88119 0.98824 0.5119 0.74359 0.5119 1 0.98824 1 1 0.5119 0.96552 0.90476 -9999 0.625 0.42857 0.95455 0.86207 0.86207 0.95652 1 0.625 0.4 0.875 -9999 0.96429 0.875 0.4 0.4 0.4 0.6 0.42105 0.42105 0.4 0.4
-9999 -9999 -9999 -9999 -9999 -9999 -9999 -9999 -9999 -9999 0.8 -9999 -9999 0.90476 0.7963 0.98837 0.98824 1 0.5119 0.74359 0.91667 0.95652 0.85714 0.90244 0.5119 0.98824 0.98851 0.98864 0.98864 0.98864 0.97727 0.98837 0.98824 0.93182 1 0.97727 0.97727 0.97727 0.98876 0.98876 0.98837 0.74359 0.95349 1 0.98824 0.98824 0.97727 0.98876 1 0.925 0.91667 0.75676 0.95122 0.52381 0.95122 0.93182 1 0.74359 0.375 -9999 -9999 0.6 -9999 -9999 0.95652 0.80556 0.42857 0.4 0.4 0.4 0.4 0.42105 0.375 0.4 0.4
-9999 -9999 -9999 -9999 -9999 -9999 -9999 -9999 -9999 -9999 -9999 0.88462 -9999 0 0.95238 0.80952 0.93182 1 1 0.74359 0.90476 0.85 0.91667 0.74359 0.63235 0.98824 0.97727 0.98851 0.98837 0.98837 0.98824 1 0.95349 0.93023 0.5119 1 1 1 1 0.5119 0.90244 0.84211 0.96552 0.95122 0.90244 1 0.98851 0.98876 0.98824 0.95349 0.75676 0.90698 1 0.98824 1 1 0.98824 0.42105 -9999 -9999 0.4 -9999 -9999 0.5 0.95652 0.93103 0.6 0.4 0.4 0.4 0.4 0.6 0.6 0.4 0.57143
-9999 -9999 -9999 -9999 -9999 -9999 -9999 -9999 -9999 -9999 -9999 -9999 1 0.95652 0.95238 -9999 0.47059 0.74359 1 0.91667 -9999 0.33333 0.90909 0.96552 0.5119 0.98824 0.97701 0.98837 0.98824 1 1 0.93182 0.74359 0.90698 0.5119 0.52381 1 1 0.90698 0.52381 0.93182 0.74359 0.71795 0.95122 0.93182 1 0.97727 0.98876 0.97727 0.98837 0.5119 1 0.98824 0.98824 0.90698 0.93103 0.90476 -9999 -9999 -9999 -9999 0.4 0.4 0.5 0.95652 0.96429 0.6 0.4 0.4 0.4 0.4 0.6 0.75 0.57143 0.94118
-9999 -9999 -9999 -9999 -9999 -9999 -9999 -9999 -9999 -9999 -9999 -9999 -9999 -9999 1 0.8 0.66667 0.47059 0.95833 0.42105 0 0.47059 0.88462 0.92683 0.98824 0.98824 1 0.98824 0.98824 1 0.98824 0.80952 0.93182 0.5119 1 0.97727 0.97701 0.97701 0.98876 0.98837 0.98824 0.98837 0.98837 0.98837 0.97727 0.97701 0.98837 0.98824 0.98837 0.97701 0.97727 0.98824 1 0.93182 0.95455 0 0.4 0.6 -9999 -9999 0.4 0.4 0.4 0.875 0.95652 0.96429 0.6 0.4 0.4 0.4 0.4 0.5 0.8 0.85 0.8
-9999 -9999 -9999 -9999 -9999 -9999 -9999 -9999 -9999 -9999 -9999 -9999 -9999 -9999 -9999 0.23894 0.5 -9999 -9999 -9999 0.85 0.92857 0.96552 0.95122 0.5119 0.52381 1 1 1 0.98824 0.98824 0.98824 1 1 0.98824 0.98837 0.97701 0.97727 0.97701 0.97701 0.98837 0.98824 0.98837 0.97727 0.98864 0.98824 1 1 0.98837 0.97727 0.98851 1 0.90244 0.91667 0.4375 0.625 -9999 -9999 0.5 1 0.8 0.95455 0.8 0.95238 0.88 0.96552 1 0.4 0.4 0.4 0.57143 0.90909 0.90909 0.90909 0.8
-9999 -9999 -9999 -9999 -9999 -9999 -9999 -9999 -9999 -9999 -9999 -9999 -9999 -9999 -9999 -9999 -9999 1 -9999 -9999 -9999 0.88889 0.91667 0.89655 0.925 0.93023 0.93182 0.5119 0.5119 0.95122 0.5119 0.98824 0.98824 0.5119 0.95349 0.98824 0.98824 0.97701 0.98864 0.98837 0.98824 0.80952 0.98837 0.97727 0.97701 0.97701 0.97727 0.98864 0.98837 0.98824 1 0.5119 0.95349 0.85185 0.90476 -9999 -9999 0.5 0.90476 0.91304 0.88462 0.96296 0.96154 0.88462 0.96296 0.96429 1 0.95652 0.4 0.4 0.95455 0.90909 0.90909 0.90909 -9999
-9999 -9999 -9999 -9999 -9999 -9999 -9999 -9999 -9999 -9999 -9999 -9999 -9999 -9999 -9999 -9999 -9999 -9999 -9999 0.80952 0 -9999 -9999 0.5 0.96552 0.73684 0.95122 0.95349 0.94872 0.91304 0.74359 0.52381 0.5119 0.73684 0.95455 -9999 0.725 0.98824 0.98837 0.98851 0.97727 0.97701 0.97727 0.98876 0.98889 0.98876 0.97727 0.98837 0.52381 0.74359 0.82143 0.95122 0.75676 -9999 -9999 -9999 0.42105 0.42105 0.5 0.84211 0.95455 0.96296 0.96296 0.96296 0.96296 0.92857 0.96552 0.96429 1 0.95455 1 0.4 0.57143 -9999 -9999
-9999 -9999 -9999 -9999 -9999 -9999 -9999 -9999 -9999 -9999 -9999 -9999 -9999 -9999 -9999 -9999 -9999 -9999 -9999 -9999 1 0.5 -9999 -9999 -9999 0.42857 0.91304 0.95122 0.95349 0.90909 0.82143 0.95349 0.93023 0.85714 0.90476 0 0.91667 1 0.97701 0.98837 0.98837 0.98837 0.97701 0.97727 1 0.97701 0.98824 1 0.74359 0.91667 0.74359 0.75 -9999 -9999 -9999 -9999 0.26667 0.26667 0.5 0.6 0.8 0.92 0.96296 0.96296 0.96296 0.92857 0.96429 0.96552 0.96552 0.92857 0.95652 0.4 0.4 -9999 -9999
-9999 -9999 -9999 -9999 -9999 -9999 -9999 -9999 -9999 -9999 -9999 -9999 -9999 -9999 -9999 -9999 -9999 -9999 -9999 -9999 -9999 -9999 0.047619 -9999 -9999 -9999 -9999 0.91667 0.92308 0.96552 0.93103 0.74359 0.92683 0.75676 0.96552 0.74359 0.95349 1 0.97701 0.98851 0.98837 0.98824 0.97701 0.98837 0.98837 0.52381 0.74359 0.90476 0.90476 0.6 -9999 -9999 -9999 -9999 -9999 -9999 0.6 0.6 0.5 0.44444 0.5 0.5 0.96296 1 0.92593 0.92593 0.96429 0.93333 0.96552 0.92857 0.88462 0.4 -9999 -9999 -9999
-9999 -9999 -9999 -9999 -9999 -9999 -9999 -9999 -9999 -9999 -9999 -9999 -9999 -9999 -9999 -9999 -9999 -9999 -9999 -9999 -9999 -9999 -9999 -9999 -9999 -9999 -9999 -9999 0.4375 0.74359 0.77778 0.93103 0.85714 0.93103 0.96552 0.85714 0.5119 0.97727 0.98864 0.97727 0.98876 0.98876 0.98851 0.98837 0.98824 0.52381 0.93023 0.93023 0.86364 -9999 -9999 -9999 -9999 -9999 -9999 -9999 0.4 0.4 0.57143 0.375 0.6 0.4 0.5 0.95238 0.95652 0.96154 0.96429 0.77778 0.96552 0.96154 1 -9999 -9999 -9999 -9999
-9999 -9999 -9999 -9999 -9999 -9999 -9999 -9999 -9999 -9999 -9999 -9999 -9999 -9999 -9999 -9999 -9999 -9999 -9999 -9999 -9999 -9999 -9999 -9999 -9999 -9999 0.47059 0 0.66667 0.92308 0.77778 0.96552 0.85714 0.91667 0.91667 0.91667 0.63235 0.97701 0.93023 0.52381 0.98824 0.98876 0.97701 1 0.5119 0.5119 0.93182 0.90698 -9999 -9999 0.875 0.85714 0.5 -9999 -9999 -9999 0.57143 0.5 0.8 0.8 0.8 0.875 0.875 0.95238 0.95652 0.88462 0.96296 0.96429 0.96429 0.95652 -9999 -9999 -9999 -9999 -9999
