data/entities/Measures_ponds_retain/CaseDifferenceDuration_fraction.asc
ncols         98 
nrows         130 
xllcorner     530385.4375 
yllcorner     504074.10385949 
cellsize      100 
NODATA_value -9999 
[rows 0 to 32 of 130, columns 0 to 74 of 98]
-9999 -9999 -9999 -9999 -9999 -9999 -9999 -9999 -9999 -9999 -9999 -9999 -9999 -9999 -9999 -9999 -9999 -9999 -9999 -9999 -9999 -9999 -9999 -9999 -9999 -9999 -9999 -9999 -9999 -9999 -9999 -9999 -9999 -9999 -9999 -9999 -9999 -9999 -9999 -9999 -9999 -9999 -9999 -9999 -9999 -9999 -9999 -9999 -9999 -9999 -9999 -9999 -9999 -9999 -9999 -9999 -9999 -9999 -9999 -9999 -9999 -9999 -9999 -9999 -9999 -9999 -9999 -9999 -9999 -9999 -9999 -9999 -9999 -9999 -9999
-9999 -9999 -9999 -9999 -9999 -9999 -9999 -9999 -9999 -9999 -9999 -9999 -9999 -9999 -9999 -9999 -9999 -9999 -9999 -9999 -9999 -9999 -9999 -9999 0.91667 0.76667 0.29 0.88 0.86364 0.33333 1 0.66667 1 0.5 0 0 0 0.5 0.5 -9999 -9999 -9999 -9999 -9999 -9999 -9999 -9999 -9999 -9999 -9999 -9999 -9999 -9999 -9999 -9999 -9999 -9999 -9999 -9999 -9999 -9999 -9999 -9999 -9999 -9999 -9999 -9999 -9999 -9999 -9999 -9999 -9999 -9999 -9999 -9999
-9999 -9999 -9999 -9999 -9999 -9999 -9999 -9999 -9999 -9999 -9999 -9999 -9999 -9999 -9999 -9999 -9999 -9999 -9999 -9999 -9999 -9999 0.75862 0.95455 0.90476 0.91304 0.58974 0.86364 0.78947 0.33333 0.6 0.66667 0.5 0.5 -9999 -9999 -9999 -9999 -9999 -9999 0 0 0 0.5 0.5 0.5 0.5 -9999 -9999 -9999 -9999 -9999 -9999 -9999 -9999 -9999 -9999 -9999 -9999 -9999 -9999 -9999 -9999 -9999 -9999 -9999 -9999 -9999 -9999 -9999 -9999 -9999 -9999 -9999 -9999
-9999 -9999 -9999 -9999 -9999 -9999 -9999 -9999 -9999 -9999 -9999 -9999 -9999 -9999 -9999 -9999 -9999 -9999 -9999 -9999 -9999 -9999 -9999 0.78947 0.78947 0.90476 0.47368 0.6 0.66667 0.66667 0.375 0.90476 0.84211 0.6 0.6 0.5 0 -9999 -9999 -9999 -9999 -9999 -9999 -9999 -9999 -9999 -9999 -9999 -9999 -9999 -9999 -9999 0 0 -9999 -9999 -9999 -9999 -9999 -9999 -9999 -9999 -9999 -9999 -9999 -9999 -9999 -9999 -9999 -9999 -9999 -9999 -9999 -9999 -9999
-9999 -9999 -9999 -9999 -9999 -9999 -9999 -9999 -9999 -9999 -9999 -9999 -9999 -9999 -9999 -9999 -9999 -9999 -9999 -9999 -9999 -9999 -9999 0.75 0.375 0.42105 0.66667 0.66667 0 0.5 0.33333 0.95455 0.90476 0.6 0 0.66667 1 0.66667 0 -9999 -9999 -9999 -9999 -9999 -9999 -9999 -9999 -9999 -9999 -9999 -9999 -9999 -9999 -9999 -9999 -9999 -9999 -9999 -9999 -9999 -9999 -9999 -9999 -9999 -9999 -9999 -9999 -9999 -9999 -9999 -9999 -9999 -9999 -9999 -9999
-9999 -9999 -9999 -9999 -9999 -9999 -9999 -9999 -9999 -9999 -9999 -9999 -9999 -9999 -9999 -9999 -9999 -9999 -9999 -9999 -9999 -9999 -9999 -9999 1 0.33333 0.90476 0.42105 0.375 0.375 0.78947 0.90909 0.42105 0.66667 0.5 1 0.7619 0.5 1 0 -9999 -9999 -9999 -9999 -9999 -9999 -9999 -9999 -9999 -9999 -9999 -9999 -9999 -9999 -9999 -9999 -9999 0 0.66667 0.75 1 0.5 -9999 -9999 -9999 -9999 -9999 -9999 -9999 -9999 -9999 -9999 -9999 -9999 -9999
-9999 -9999 -9999 -9999 -9999 -9999 -9999 -9999 -9999 -9999 -9999 -9999 -9999 -9999 -9999 -9999 -9999 -9999 -9999 -9999 -9999 -9999 -9999 -9999 0.66667 0.90476 0.95833 0.91304 0.90476 0.84211 0.90476 0.95 0.375 0.5 -9999 0 0.375 1 0.66667 0.5 0 -9999 -9999 -9999 -9999 -9999 -9999 -9999 -9999 -9999 -9999 -9999 -9999 -9999 -9999 1 0.42105 0.5 0.47059 0.625 0.57143 0.6 0.66667 0 -9999 -9999 -9999 -9999 -9999 -9999 -9999 -9999 -9999 -9999 -9999
-9999 -9999 -9999 -9999 -9999 -9999 -9999 -9999 -9999 -9999 -9999 -9999 -9999 -9999 -9999 -9999 -9999 -9999 -9999 -9999 -9999 -9999 -9999 -9999 -9999 0.91667 0.925 0.76923 0.925 0.79487 0.82759 0.91304 0.55556 0.5 -9999 -9999 -9999 0.6 0 0.5 0 0 0 -9999 -9999 -9999 -9999 -9999 -9999 -9999 -9999 -9999 -9999 0 1 0.74074 0.82609 0.5 0.66667 0.66667 0.66667 0.5 0.5 1 1 -9999 -9999 -9999 -9999 -9999 -9999 -9999 -9999 -9999 -9999
-9999 -9999 -9999 -9999 -9999 -9999 -9999 -9999 -9999 -9999 -9999 -9999 0.5119 -9999 -9999 -9999 -9999 -9999 -9999 -9999 -9999 -9999 -9999 -9999 -9999 0.7931 0.92 0.78378 0.925 0.95122 0.79487 0.67568 0.90476 0.6 0.66667 0 -9999 -9999 -9999 -9999 0 0 0 0 -9999 -9999 -9999 -9999 -9999 0 0 0.5 1 0.66667 0.42105 0.74074 0.42105 0.66667 -9999 -9999 1 0.75 0.4375 0.57143 0.75 1 -9999 -9999 -9999 -9999 -9999 -9999 -9999 -9999 -9999
-9999 -9999 -9999 -9999 -9999 -9999 -9999 -9999 -9999 -9999 1 0.5119 0.95122 0.95122 0.90476 -9999 -9999 -9999 -9999 -9999 -9999 -9999 -9999 -9999 -9999 -9999 0.95 0.90476 0.91304 0.77419 0.79487 0.925 0.95833 0.90476 0.78947 0.33333 1 0.5 -9999 -9999 -9999 -9999 -9999 -9999 -9999 -9999 -9999 0 0 0 0.5 1 0.5 0.5 0.8 0.74074 0.5 0 -9999 0 1 0.44444 0.72727 0.4 0.25 0.75 1 0 -9999 -9999 -9999 -9999 -9999 -9999 -9999
-9999 -9999 -9999 -9999 -9999 -9999 -9999 -9999 -9999 -9999 0.80952 0.95349 0.71795 0.90476 0.90476 0.33333 0.33333 -9999 -9999 -9999 -9999 -9999 -9999 -9999 -9999 -9999 -9999 0.5 0.33333 0.95833 0.78378 0.90698 0.77419 0.95833 0.91667 0.91304 1 1 -9999 -9999 -9999 -9999 -9999 -9999 -9999 -9999 -9999 -9999 0 0 1 1 0.5 0.76923 0.82609 0.72727 0.66667 -9999 -9999 -9999 0.66667 0.69565 0.8 0.83333 0.72727 0.42105 0.75 0.66667 1 0 -9999 -9999 -9999 -9999 -9999
-9999 -9999 -9999 -9999 -9999 -9999 -9999 -9999 -9999 -9999 0.5119 0.95122 0.86207 0.95652 0.90476 0.91304 0.91304 0.8 0.6 -9999 -9999 -9999 -9999 -9999 -9999 -9999 -9999 -9999 1 0.90476 0.91667 0.8 0.82759 0.92 0.92 0.92 0.95455 0.90476 -9999 -9999 -9999 -9999 -9999 -9999 -9999 -9999 -9999 -9999 -9999 -9999 0 1 0.42105 0.82609 0.69565 0.82609 0.66667 -9999 -9999 -9999 0.75 0.82609 0.82759 0.82609 0.42105 0.5 0.5 0.75 0.66667 1 0.5 -9999 -9999 -9999 -9999
-9999 -9999 -9999 -9999 -9999 -9999 -9999 -9999 -9999 1 0.92 0.90476 0.90476 0.92 0.92 0.90909 0.90476 0.92 0.74359 0.95349 1 0.51807 0.95349 -9999 -9999 -9999 -9999 0.66667 0.91304 0.91667 0.91304 0.91304 0.91304 0.91667 0.95833 0.82759 0.8 0.82759 0.90476 0.5 -9999 -9999 -9999 -9999 -9999 -9999 -9999 -9999 -9999 -9999 0 0.66667 0.57143 0.5 0.75 0.75 0.5 -9999 -9999 0 1 0.66667 0.44444 0.75 0.5 0.5 0.5 0.5 0.66667 1 1 0 -9999 -9999 -9999
-9999 -9999 -9999 -9999 -9999 -9999 -9999 -9999 -9999 0.61765 -9999 0.66667 0.33333 0.375 0.375 0.8 0.92 0.925 0.95122 0.50602 0.9881 0.925 0.92 0.95 0.375 -9999 -9999 -9999 0.77419 0.7931 0.90476 0.78947 0.90476 0.95455 0.91667 0.92857 0.79487 0.77419 0.91667 0.95 0.44444 0.66667 0.5 0 -9999 -9999 -9999 -9999 -9999 -9999 0.5 1 0.5 0 0 0 -9999 -9999 -9999 -9999 -9999 -9999 -9999 -9999 0.5 0.5 0.5 0.25 0.75 0.66667 1 0.5 -9999 -9999 -9999
-9999 -9999 -9999 -9999 -9999 -9999 -9999 -9999 -9999 0.95122 0 0.3125 0.75 0.8 -9999 0.5 0.86207 0.95122 0.95122 0.95122 0.925 0.375 -9999 0 0.375 0.3125 0.90476 -9999 0.80645 0.82759 0.42105 1 0.33333 0.90476 0.95455 0.92 0.7931 0.91667 0.90476 0.42105 1 1 0 -9999 -9999 -9999 -9999 -9999 0 0.66667 1 0 -9999 -9999 -9999 1 0.5 -9999 -9999 -9999 -9999 -9999 -9999 -9999 -9999 -9999 0.5 0.5 0.72727 0.5 0.75 0 -9999 -9999 -9999
-9999 -9999 -9999 -9999 -9999 -9999 -9999 -9999 1 0.71795 0.52381 0.925 0.71795 0.71795 0.92 0.92 0.925 0.95122 0.95238 0.95122 0.82143 0.75 0.66667 0.6 0.78947 0.92 0.925 -9999 -9999 0.7931 0.5 0 1 0.5 0.91304 0.95455 0.91304 0.95455 0.47368 0.44444 0.66667 0 -9999 -9999 -9999 -9999 0 0.66667 -9999 -9999 -9999 -9999 -9999 -9999 -9999 -9999 -9999 -9999 -9999 -9999 -9999 -9999 -9999 -9999 -9999 -9999 -9999 1 0.75 0.75 0.75 -9999 -9999 -9999 -9999
-9999 -9999 -9999 -9999 -9999 -9999 -9999 -9999 1 0.65789 1 1 0.52381 0.93182 0.925 0.95238 0.93182 0.93182 0.62687 0.79762 1 0.82143 0 0.6 0.42105 0.90476 0.91304 0.82759 -9999 0.67568 0.5 0.6 0.42105 0.78947 0.5 0.90476 0.91304 0.90476 0.78947 0.55556 0.66667 -9999 -9999 -9999 -9999 -9999 1 0.66667 -9999 -9999 -9999 -9999 -9999 0 0 -9999 -9999 -9999 -9999 -9999 -9999 -9999 -9999 -9999 -9999 -9999 -9999 -9999 -9999 0 0.66667 0 -9999 -9999 -9999
-9999 -9999 -9999 -9999 -9999 -9999 -9999 -9999 0.5119 0.71795 1 1 0.69048 0.5119 0.52381 0.95238 0.95122 0.95122 0.72414 1 0.79762 0.92 0.6 0 0.33333 0.90476 0.91304 0.92 -9999 -9999 0.925 0.76316 0.7931 0.95833 0.7931 0.8 0.78378 0.91304 0.78947 0.375 0.66667 -9999 -9999 -9999 -9999 -9999 0.47368 0.90476 -9999 -9999 -9999 -9999 0 0.82143 0.47368 0.375 0.5 -9999 -9999 -9999 -9999 -9999 -9999 -9999 -9999 -9999 -9999 -9999 -9999 -9999 -9999 0.5 -9999 -9999 -9999
-9999 -9999 -9999 -9999 -9999 -9999 -9999 1 0.93182 0.95122 1 0.52381 0.93182 0.95349 0.95122 0.71795 0.89286 0.92 0.89286 0.925 0.86207 0.91304 0.78947 0.42105 0.95238 0.92 0.91304 0.86957 0.95833 -9999 0.93023 0.53012 0.925 0.7931 0.91304 0.78378 0.95122 0.91304 0.6 0 -9999 0.33333 0.5 0.5 0.375 0.66667 0.95455 0.3913 0.375 0 -9999 -9999 0.5 0.90323 0.375 -9999 0 0 -9999 -9999 -9999 -9999 -9999 -9999 -9999 -9999 -9999 -9999 -9999 -9999 -9999 -9999 -9999 -9999 -9999
-9999 -9999 -9999 -9999 -9999 -9999 -9999 1 0.95238 0.61765 0.95238 0.89286 0.71795 0.67568 0.82143 0.82143 0.91304 0.90476 0 -9999 0 0.42105 0.71795 0.74359 0.82143 0.86957 0.33333 0.6 0.90476 -9999 0.50602 1 0.92 0.78947 0.78947 0.95455 0.95455 0.55556 -9999 -9999 -9999 -9999 0.66667 0.5 -9999 -9999 0.66667 0.33333 0.42105 0.47368 0.375 0.375 0.91304 0.95833 0.6 -9999 1 0.75 0.66667 0.5 0.5 0 -9999 -9999 -9999 -9999 -9999 -9999 -9999 -9999 -9999 -9999 -9999 -9999 -9999
-9999 -9999 -9999 -9999 -9999 -9999 -9999 1 0.95238 0.5119 0.95122 0.91304 0.67568 0.71795 0.725 0.89286 0.91304 0.33333 -9999 -9999 -9999 -9999 0.95122 0.52381 0.82143 0.33333 -9999 -9999 0.375 -9999 0.95238 0.95122 0.6 0.66667 1 0.78947 0.66667 -9999 -9999 -9999 -9999 1 0.47368 0.5 0.42105 -9999 -9999 -9999 0 0.6 0.84211 0.91304 0.95833 0.91304 0.33333 0.66667 0.375 0.78947 0.91304 0.91304 0.90476 0.84211 0.375 0.5 1 -9999 -9999 -9999 -9999 -9999 -9999 -9999 -9999 -9999 -9999
-9999 -9999 -9999 -9999 -9999 -9999 0.98824 0.52381 0.95238 0.5119 0.95238 0.95122 0.95238 0.67568 0.93182 0.85714 0.95238 0.90909 -9999 -9999 -9999 -9999 0.92 0.93182 0.82143 0.3125 -9999 -9999 0.42105 -9999 -9999 0.76923 0.92 0.6 0.5 -9999 -9999 -9999 -9999 -9999 0.5 0.78947 0.95455 0.91304 0.95833 0.6 -9999 -9999 0.66667 0.5 0.91304 0.91304 0.91304 0.90476 0.33333 1 0.5 0.90476 0.725 0.98765 0.7 0.69767 0.95833 0.90476 0.375 -9999 -9999 -9999 -9999 -9999 -9999 -9999 -9999 -9999 -9999
-9999 -9999 -9999 -9999 -9999 -9999 1 0.5119 0.93182 0.52381 0.95122 0.95122 0.71795 0.91304 -9999 -9999 0.33333 0.78947 0.90476 0.42105 0.33333 0.90476 0.89286 0.95 0.925 0.67568 0.71795 0.91304 0.91304 0.71795 -9999 0.91304 0.90476 0.5 1 -9999 0.5 0.75 0.90476 0.375 0.33333 0.84211 0.90476 0.91304 0.875 0.95833 0.82759 0.78947 0.91667 0.8 0.7931 0.90476 0.78947 0.6 0.33333 0.90476 0.90476 0.91667 0.71795 0.71795 0.8 0.91304 0.82143 0.95455 0.90476 0.78947 0.6 0.47368 0.95 0.6 0.33333 0.66667 -9999 -9999 -9999
-9999 -9999 -9999 -9999 -9999 -9999 1 0.61765 0.52381 0.52381 0.95122 0.95122 0.89286 0.78947 0.95238 0.42105 0.92 0.93182 0.95238 0.95 0.95122 0.95122 0.95122 0.95122 0.95122 0.95122 0.95122 0.86207 0.86957 0.6 0.6 -9999 0.95455 1 1 0 0 0.66667 0.33333 0.90476 1 0.78947 0.47368 0.90476 0.91667 0.82759 0.78378 0.925 0.925 0.95 0.8 0.47368 1 -9999 0.5 0.33333 0.95455 0.91667 0.7 0.49206 0.91304 1 0.90476 0.90476 0.90476 0.42105 0.84211 1 1 0.78947 0.47368 0.5 0.33333 0.33333 -9999
-9999 -9999 -9999 -9999 -9999 0.98824 1 0.5119 1 1 0.95122 0.95122 0.89286 0.78947 -9999 0.93182 0.95238 0.5119 0.93182 0.93023 0.95122 0.95238 0.95238 0.93023 0.95238 0.95122 0.95122 0.85714 0.90476 0.66667 0 -9999 0.84211 0.75 0.66667 0 -9999 0.5 0.66667 0.375 0.5 0.33333 0.47368 0.90476 0.91667 0.7931 0.77419 0.79487 0.925 0.925 0.7931 0.47368 0.5 -9999 -9999 0 0.47368 0.47368 0.47368 0.375 0.6 0.6 0.33333 0.47368 0.90476 0.95455 0.90476 0.90476 0.90476 0.5 1 0.66667 0.66667 0.90476 0
-9999 -9999 -9999 -9999 -9999 1 1 0.52381 1 1 0.93182 0.95238 0.89286 0.78947 -9999 0.6 0.92 0.925 0.93023 0.95349 0.95349 0.95349 0.95349 0.95238 0.95238 0.95122 0.925 0.86207 0.91304 0.8 0 -9999 -9999 -9999 -9999 0.42105 0.5 0.375 0.66667 0.33333 0.78947 0.95455 0.90476 0.90476 0.90909 0.91304 0.7931 0.95238 0.78378 0.8 0.91304 0.90476 0.42105 -9999 -9999 -9999 0 0 -9999 -9999 0 0.5 0.6 0.5 0.78947 0.90476 0.90476 0.90476 0.86364 0.5 -9999 -9999 -9999 0.375 -9999
-9999 -9999 -9999 -9999 -9999 1 0.80952 1 1 1 0.52381 0.95349 0.71795 0.91304 0.91304 0.89286 0.67568 0.925 0.95238 0.93182 0.52381 0.52381 0.61765 0.72414 0.93182 0.95349 0.93182 0.71795 0.92 0.8 0.33333 -9999 -9999 -9999 -9999 0.47368 0.5 0.90476 0.925 0.8 0.90476 0.90476 0.5 0.6 0.78947 0.78947 0.33333 0.6 0.90476 0.875 0.91304 0.90476 0.78947 0.66667 -9999 -9999 -9999 -9999 -9999 -9999 0.5 0.3125 0.90476 0.90476 1 0.84211 0.90476 1 0.375 0.5 -9999 -9999 -9999 0.42105 0.66667
-9999 -9999 -9999 -9999 0.98824 1 1 1 1 1 1 0.61765 0.95238 0.95122 1 0.52381 0.95455 0.95122 0.95122 0.95 0.72414 0.95122 0.95122 0.93182 0.93182 0.93182 0.95349 0.71795 0.86957 0.86957 -9999 -9999 -9999 -9999 0.66667 -9999 0.66667 0.33333 0.78947 0.75 0.5 -9999 -9999 0.5 0.33333 0.75 -9999 -9999 0.5 0.91667 0.90476 0.66667 0 0.5 0.33333 0.33333 0.78947 0.66667 -9999 -9999 0.33333 0.78947 0.91667 0.95455 0.91304 0.91667 0.95455 0.90476 0.90476 0.375 0.33333 0.5 0.6 0.82609 0.91304
-9999 -9999 -9999 -9999 0.98824 1 1 1 0.98824 0.98824 1 1 1 1 1 1 0.72414 0.5119 0.67568 0.91304 -9999 0.90476 0.89286 0.95122 0.95238 0.95238 0.93023 0.86207 0.90476 -9999 -9999 0.6 0.89286 -9999 -9999 0.95455 0.47368 0.78947 0.5 0 0 -9999 0.5 0.33333 0.91304 0.75 -9999 -9999 -9999 0 -9999 -9999 -9999 -9999 0.6 0.90476 0.91304 0.44444 -9999 -9999 0 0 0.66667 0.78947 0.90476 0.91304 0.90476 0.47368 0.33333 0.5 0.33333 1 0.78947 0.91304 0.91304
-9999 -9999 -9999 -9999 1 1 1 1 0.97701 0.98824 1 1 1 1 0.97674 0.5119 0.92 -9999 0 0.75 0.95238 0.75 0.92 0.95122 0.95238 0.95122 0.95122 0.925 0.71795 0.95122 0.92 0.91304 0.90476 0.33333 -9999 -9999 -9999 0.44444 0.88 0.66667 1 0.78947 0.90476 0.92 0.925 0.42105 -9999 -9999 -9999 -9999 -9999 -9999 -9999 0.55556 0.90476 0.76316 0.76316 0.90476 0.6 0.5 0.5 0.5 0.66667 0.44444 0.78947 0.78947 0.375 0.33333 0.66667 0.42105 0.95 0.82609 0.875 0.8 0.92
-9999 -9999 -9999 0.98824 1 1 1 1 0.95122 0.95238 0.92 0.375 0.93023 1 0.98824 0.72414 0.90476 0.33333 -9999 0 -9999 0 0.90476 0.71795 0.925 0.71795 0.89286 0.925 0.61765 1 0.93023 0.8 0.33333 -9999 -9999 -9999 -9999 -9999 -9999 0.5 0.44444 0.90476 0.92 0.67568 0.925 0.78947 -9999 -9999 -9999 -9999 -9999 -9999 0.66667 0.95238 0.95833 0.925 0.90244 0.82759 0.95652 0.90476 0.375 0.66667 0.33333 0.6 0.33333 0.33333 0.6 0.66667 0.33333 0.95 0.84211 0.90476 0.91304 0.625 0.88462
-9999 -9999 -9999 0.98824 1 1 1 0.95455 -9999 0 1 0.8 0.95122 1 0.98824 0.52381 0.86207 -9999 0.375 0.6 -9999 0 0.90476 0.95122 0.71795 0.91667 0.91304 0.92 0.95 1 0.86207 -9999 -9999 -9999 -9999 -9999 -9999 -9999 -9999 0.66667 0.95 0.89286 0.71795 0.86207 0.95122 0.6 -9999 -9999 -9999 -9999 -9999 -9999 1 0.6 0.33333 0.95833 0.82759 0.82143 0.82143 0.91304 0.55556 0 -9999 0.5 0.375 0.47368 0.375 0.6 0.47368 0.42105 0.375 0.6 0.55556 0.78947 0.375
-9999 -9999 -9999 1 1 1 1 0.67568 -9999 0 0.90476 0.91304 0.95238 1 0.98837 0.98824 0.5119 0.80952 0.89286 0.90476 -9999 0.42105 0.92 0.95349 0.91304 0.66667 -9999 0 0.75 0.89286 0.90476 -9999 -9999 -9999 -9999 -9999 -9999 -9999 -9999 0.47368 0.92 0.95238 0.67568 0.91304 0.66667 0 -9999 -9999 -9999 -9999 -9999 -9999 1 0 -9999 0.6 0.33333 0.375 0.90476 0.90476 0.78947 0.375 0.66667 0.66667 1 0.6 0.66667 0.5 0.5 0.5 -9999 -9999 0 0 -9999
