data/entities/Measures_ponds_retain/CaseDifferenceDuration_fraction.asc
ncols         98 
nrows         130 
xllcorner     530385.4375 
yllcorner     504074.10385949 
cellsize      100 
NODATA_value -9999 
[rows 33 to 65 of 130, columns 0 to 74 of 98]
-9999 -9999 0.97674 1 1 1 0.61765 0.91304 0.92 0.95238 0.5 0.98824 1 0.98824 0.97727 0.97701 0.98824 1 0.93182 0.89286 0.42105 0.92 0.90476 0.375 -9999 -9999 0 -9999 0 -9999 0.6 0.375 0.42105 -9999 -9999 -9999 -9999 -9999 -9999 -9999 0.91304 0.67568 0.67568 0.92 0.92 1 -9999 -9999 -9999 -9999 -9999 -9999 -9999 0 -9999 -9999 -9999 -9999 0.5 0.90476 0.95455 0.95455 0.90476 0.6 0 -9999 0 0 0 -9999 -9999 -9999 -9999 0.66667 -9999
-9999 -9999 0.98824 1 1 1 0.95122 0.86957 1 1 0.98837 0.98876 0.97753 0.97727 0.97701 0.98824 1 1 0.5119 0.95455 1 0.86207 0.6 -9999 -9999 -9999 -9999 -9999 -9999 0.42105 0.33333 0 0.375 -9999 -9999 -9999 -9999 -9999 -9999 -9999 -9999 0.95122 0.95122 0.95122 0.95122 0.91304 0.66667 0 0 -9999 -9999 -9999 -9999 0.5 -9999 -9999 -9999 -9999 -9999 0.5 0.95 0.90476 0.95652 0.84211 0.6 0.5 0.5 0.5 0 -9999 -9999 -9999 0 1 0
-9999 -9999 0.98824 1 1 0.52381 0.925 0.95238 1 0.98824 0.97701 0.98876 0.98876 0.97727 0.98837 1 0.95455 0.82143 0.71795 0.92683 0.82143 0.33333 0.66667 -9999 -9999 -9999 -9999 -9999 -9999 -9999 -9999 -9999 -9999 -9999 -9999 -9999 -9999 -9999 0.6 0.77778 -9999 0.93023 0.82143 0.89286 0.74359 0.92 0.95238 0.86957 0.95 0.90476 -9999 -9999 -9999 -9999 -9999 -9999 -9999 -9999 -9999 0.44444 0.5 0.33333 0.78947 0.90476 0.90476 0.375 1 0.66667 -9999 -9999 -9999 0 0 0.33333 0
-9999 0.98837 0.98824 0.98824 1 0.5119 0.95349 1 0.97674 0.97701 0.98864 0.98876 0.98876 0.97701 1 1 0.52381 0.61765 0.61765 0.95349 0.89286 0.91304 0.92 0.71795 0.92 0.91304 0.89286 -9999 -9999 -9999 -9999 -9999 -9999 -9999 -9999 0.32857 -9999 0.375 0.91304 0.95238 0.90476 -9999 0 0.90476 0.95 0.95455 0.93182 0.95238 0.89286 0.90476 0.375 0 -9999 -9999 -9999 -9999 -9999 -9999 -9999 1 0.55556 0.5 0 0.66667 0.6 0.5 0.5 0.33333 -9999 -9999 -9999 -9999 1 0.33333 0.33333
-9999 0.97674 0.98824 0.98824 1 1 0.98824 0.97701 0.97727 0.98864 0.98876 0.98876 0.98876 0.97701 0.97674 1 1 0.98824 0.97674 1 0.98824 0.5119 0.95349 0.61765 0.95455 0.95349 0.93182 0.91304 0.95238 0.89286 0.8 0.375 0.6 0.6 0.5 0.66667 0.33333 0.91304 0.95122 1 0.92 -9999 -9999 0.91304 0.93182 0.61765 0.95349 0.95122 0.95 0.71795 0.91304 1 -9999 -9999 -9999 -9999 -9999 -9999 0 0.90476 0.84211 0.375 0.66667 0 -9999 -9999 -9999 -9999 -9999 -9999 0.33333 0.5 0.75 0.66667 0.5
-9999 0.97674 0.98824 0.98824 1 0.97701 0.97727 0.98864 0.98876 0.98876 0.88119 0.88119 0.98876 0.97701 1 1 0.98824 0.98824 1 0.5119 0.78947 0.91304 0.92 0.95238 0.71795 0.86207 0.91304 0.82143 0.95122 0.52381 0.5119 0.95 0.725 0.91304 0.90476 0.89286 0.90476 0.91304 0.71795 0.95238 0.95238 0.95238 -9999 -9999 -9999 0.33333 0.92 0.95238 0.95122 0.95455 0.925 0.6 -9999 -9999 -9999 -9999 0.4 -9999 0.84211 0.86207 0.92 0.91667 0.90476 0.66667 -9999 -9999 -9999 -9999 -9999 -9999 0.6 0.55556 0.5 0.6 1
-9999 0.98837 0.98824 1 1 0.98824 0.97727 0.97753 0.88119 0.88119 0.88119 0.9902 0.98876 0.96591 0.98824 0.98824 0.97701 0.98864 0.98824 0.95238 0.95122 0.33333 0.6 0 0.66667 0.5 0.95 0.91304 0.925 1 0.52381 0.95122 0.92 0.90476 0.33333 -9999 0 0.8 0.92 0.92 0.90476 0.3125 0.33333 0 -9999 -9999 -9999 0.86207 0.91304 0.90476 0.6 0 0.4 0.33333 0.4 0.6 0.90476 0.85714 0.95238 0.93182 0.975 0.91304 0.78947 1 -9999 -9999 -9999 -9999 -9999 -9999 -9999 0.75 0.5 0.84211 0.84211
-9999 0.52381 -9999 0.55556 0.91304 0.86957 0.925 0.5119 1 1 0.98824 0.97727 0.98824 0.98824 0.97727 0.97701 0.98837 0.98876 1 0.5 0.67568 0.91304 0.33333 -9999 -9999 0.33333 0.86957 0.5 0.92 0.5 0.93182 0.71795 0.92 0.90476 0.375 0 0.6 0.90476 0.82143 0.91304 0.375 -9999 -9999 0 0.86957 0.85185 -9999 -9999 0.55556 0 0 -9999 -9999 -9999 0.6 0.95652 0.97561 0.95455 0.95455 0.95455 0.925 0.95833 0.66667 0 -9999 -9999 -9999 -9999 -9999 -9999 -9999 0.84211 0.5625 0.95 0.90909
-9999 0.5119 1 0.95122 0.925 0.93182 0.95122 0.95238 0.925 0.93023 0.71795 0.90476 0.92 0.5119 0.97701 0.96591 1 0.67568 1 0.98824 0.98864 0.98824 0.95349 0.91304 0.8 0.78947 -9999 0.5 0.92 0.95238 0.71795 0.90476 0.6 0.33333 0.375 0.86957 0.90476 0.92 0.95122 0.67568 0.90476 0.375 0.33333 0 -9999 0.5 0.91304 -9999 -9999 0.28788 0.27273 0.53333 0.4 0.4 1 0.975 0.64706 0.74138 0.93182 0.95238 0.94872 0.75676 0.95238 0.8 0.78947 0.66667 -9999 -9999 -9999 -9999 -9999 -9999 0.55556 0.5 0.78947
-9999 0.98824 1 0.80952 1 1 0.52381 0.95238 0.95238 0.82143 0.47368 0 0.33333 0.71795 0.98864 0.98876 0.97727 0.97727 0.96591 0.98876 0.88119 0.88119 0.97753 0.97727 0.52381 0.71795 0.82143 0.89286 0.95122 0.5119 0.91304 -9999 -9999 -9999 -9999 -9999 0.33333 0.90476 0.93023 0.71795 0.95238 0.95238 0.66667 0.6 0.33333 0.375 0.375 0.86957 -9999 -9999 0.98507 0.84211 0.4 0.6 1 0.97561 0.64706 0.97561 0.79487 0.82143 0.75676 0.75676 0.75676 0.75676 0.92857 0.85714 0 -9999 -9999 -9999 -9999 0.29762 0.84 0.95 0.5
-9999 0.80952 0.89286 0.95122 0.95349 0.95455 0.93023 0.925 0.71795 0 0 -9999 0.78947 0.91304 0.67568 1 0.97674 0.98864 0.98876 0.98876 0.9902 0.9902 0.88119 0.88119 0.97674 1 0.95349 0.61765 0.5119 1 0.92 0 -9999 -9999 -9999 -9999 -9999 -9999 0.375 0.33333 0.6 -9999 0.33333 0.42105 0.5 -9999 -9999 -9999 0.375 -9999 0.6 0.6 -9999 0.6 0.90476 0.975 0.95238 0.86207 0.90476 0.90476 0.95455 0.86207 0.75676 0.71795 0.95238 0.75676 0.6 -9999 0.4 0.4 -9999 1 0.5 0.5814 0.84211
-9999 1 0.80952 0.95455 0.95238 0.71795 0.86207 0.91304 0 -9999 0.3125 0.52381 0.52381 0.725 0.78947 0.93023 1 0.98864 0.97727 0.98824 1 1 0.98824 0.98837 0.98824 0.52381 1 0.5119 0.93182 0.5119 0.95238 0.65789 0.61765 0.90476 -9999 -9999 -9999 -9999 0 0.375 0.5 0.92 0.91304 0.92 0.73684 -9999 -9999 -9999 -9999 -9999 0 0.4 -9999 0.6 1 0.97561 0.95238 0.95833 0.375 -9999 0.5 0.85714 0.75676 0.75676 0.95238 0.74359 0.85714 0.90476 0.78947 0.78947 0.78947 0.84211 0 0 0.5
-9999 0.97674 1 1 1 0.5119 0.93023 0.85714 0.33333 0.8 0.95122 0.97701 0.98864 0.97701 0.97727 0.97701 0.97727 0.97753 0.98837 0.80952 0.5119 0.71795 0.92 0.72414 0.91304 0.47368 -9999 0.78947 0.67568 0.95238 0.93182 0.95238 0.71795 0.95238 -9999 -9999 -9999 0 0.90476 0.91304 0.86957 0.91667 0.95652 0.92 0.92 0 0 -9999 -9999 -9999 -9999 -9999 -9999 0.6 0.90476 0.97561 0.95238 0.86207 1 0.375 0.55556 0.84211 0.95652 0.86207 0.75676 0.75676 0.75676 0.95833 0.95455 1 0.95455 0.53333 0.4 -9999 -9999
-9999 0.97727 0.98824 0.98837 0.97727 0.87129 0.98864 0.97674 0.97727 1 0.93182 1 0.80952 1 0.97727 0.98864 0.97753 0.98876 1 0.92 -9999 -9999 -9999 -9999 0 0.33333 0.5 0.90476 0.89286 0.93182 0.93023 0.95122 0.86207 0.5 -9999 -9999 -9999 0.66667 0.92 0.91304 0.3125 -9999 0 0.90476 0.925 0.92 0.5 -9999 -9999 -9999 -9999 -9999 -9999 0.4 0.78947 0.75676 0.95238 0.75676 0.75676 0.92 0.78947 0.4 0.4 0.90476 0.86207 0.75676 0.75676 0.86207 0.95833 0.91667 0.91667 0.84211 0.4 0.4 -9999
-9999 0.97701 0.98864 0.97727 0.98864 0.88119 0.98876 0.98876 0.98876 1 0.71795 -9999 0.82143 0.52381 0.97701 0.97727 0.97727 0.97701 0.5119 0.92 -9999 0 0.5 0.61765 0.89286 0.90476 0.375 0.78947 0.92 0.74359 0.95238 0.95349 0.72414 0.91304 -9999 -9999 -9999 0.5 0.73684 0.92 0.6 -9999 -9999 0 0.91667 0.33333 -9999 -9999 -9999 0.13636 -9999 -9999 -9999 -9999 0.6 0.91304 0.95833 0.95455 0.89286 0.74359 0.95652 0.78947 0.5 0.95455 0.85714 0.75676 0.75676 0.75676 0.82143 0.95652 0.91304 0.6 0.4 0.4 -9999
-9999 0.98824 1 0.96591 0.98864 0.98876 0.98876 0.98876 0.98876 0.98837 0.69048 0.95455 0.95349 0.52381 0.98837 0.97674 0.98824 1 1 1 0.97727 0.98824 0.98824 0.98824 0.52381 0.73684 0.78947 0.78947 0.92 0.925 0.95349 0.93182 0.5119 0.86207 0.42105 0.66667 0.33333 0.90476 0.93023 0.91304 -9999 -9999 -9999 -9999 -9999 -9999 -9999 -9999 -9999 -9999 -9999 -9999 -9999 -9999 0.4 0.84211 0.90476 0.53333 0.92 0.97561 0.94872 0.96552 0.95833 0.85714 0.86207 0.90323 0.96552 0.85714 0.95652 0.84211 0.4 0.4 0.4 0.4 -9999
-9999 0.80952 1 1 0.98824 0.98876 0.98864 0.98864 0.98876 0.98876 0.97727 0.97701 1 0.925 0.91304 0.95122 0.5119 0.52381 1 0.98824 0.98864 0.97701 0.98837 0.97701 1 0.72414 0.95122 0.90909 0.92 0.95349 0.93182 0.95349 0.95122 0.86207 0.91304 0.8 0.90476 0.78947 0.375 -9999 -9999 -9999 -9999 -9999 -9999 -9999 -9999 -9999 -9999 -9999 -9999 -9999 -9999 -9999 -9999 0.4 -9999 0.6 0.95652 0.97561 0.97561 0.97561 0.74359 0.75676 0.75676 0.75676 0.75676 0.86207 0.91304 0.6 0.4 0.4 0.4 -9999 -9999
-9999 0.5119 0.93182 0.725 0.74359 0.86207 0.82143 0.95455 0.98824 0.97701 0.97727 0.97727 1 0.86207 0.33333 0.92 0.95349 1 0.80952 0.95349 0.725 0.93182 1 0.97674 0.98824 1 0.82143 0 0.90909 0.95122 0.93182 0.95122 0.95238 0.71795 0.82143 0.91304 0.90476 0.375 0 -9999 -9999 -9999 -9999 -9999 -9999 -9999 -9999 -9999 -9999 -9999 -9999 -9999 -9999 -9999 -9999 -9999 -9999 0.4 0.625 0.95455 0.89286 0.97561 0.95122 0.925 0.74359 0.78378 0.75676 0.96552 0.90476 0.4 0.4 0.4 0.4 0.4 0.4
-9999 0.93182 0.97701 0.93182 0.91304 -9999 0.375 0.73684 1 0.98824 0.98824 0.96591 1 0.93182 0.93182 0.5119 1 0.98824 0.93182 0.91304 0 0.91304 0.95455 0.97727 0.97701 0.98824 1 0.925 0.95122 0.80952 0.95349 0.89286 0.90476 0.91304 0.91304 0.92 0.6 -9999 -9999 -9999 -9999 -9999 -9999 -9999 -9999 -9999 -9999 -9999 0.6 0.91304 0.33333 -9999 -9999 0.4 -9999 -9999 -9999 -9999 0.375 1 0.89286 0.97561 0.95238 0.95122 0.925 0.79487 0.75676 0.95833 0.78947 0.4 0.4 0.4 0.4 0.4 0.4
-9999 0.95238 0.95122 0.92 0.8 0 0.91304 0.93023 0.98824 1 0.5119 0.95238 0.74359 0.93023 0.52381 1 0.5119 1 0.725 0.86957 0.375 0.92 0.5119 0.98837 0.97727 0.97727 0.97701 0.98824 1 0.5119 0.925 0.92 0 0 0.33333 0.95238 -9999 -9999 -9999 -9999 -9999 -9999 0.33333 0.75 0.375 0.8 0.91304 0.725 0.52381 1 0.71795 0.3125 -9999 0.4 -9999 -9999 -9999 0.4 0.90476 0.975 0.95122 0.95238 0.95238 0.95238 0.95122 0.94872 0.86207 0.95455 0.5 0.4 0.4 0.4 0.4 0.4 0.4
-9999 -9999 0 0.78947 0.90476 0.92 0.90244 0.52381 1 1 1 1 0.92683 0.89286 0.82143 0.90476 0.33333 -9999 0 0.7619 0.71795 0.93182 1 0.98876 0.98876 0.98876 0.88119 0.98864 0.98824 0.61765 0.93182 0.93023 0.52381 0.92 0.42105 -9999 0.75 0.91304 0.93182 0.86957 0.92 0.93182 0.71795 0.92 0.90476 0.92 0.925 1 0.52381 1 0.80952 0.91304 0 0.6 0.4 0.4 -9999 -9999 0.92 0.97561 0.95238 0.95349 0.95349 0.95238 0.95122 0.94872 0.85714 1 0.53333 0.4 0.4 0.4 0.4 0.4 0.4
-9999 -9999 0.4375 0.92 0.92683 1 1 1 0.98824 1 0.98824 0.97727 0.61765 0.90476 -9999 -9999 -9999 -9999 0.66667 0.82143 1 0.5119 1 0.98824 0.97727 0.98864 0.97727 0.97727 0.98837 0.98824 1 1 0.5119 0.93182 0.71795 0.95122 0.925 0.80952 0.97727 0.97701 0.98824 0.98824 1 1 0.52381 0.95122 0.71795 0.92 0.5119 1 0.61765 0.89286 0.90476 0.75 0.53333 0.6 0.55556 -9999 0.78378 0.97619 0.95349 0.95349 0.95349 0.95238 0.97561 0.94872 0.85714 0.90476 0.55556 0.4 0.4 0.4 0.4 0.4 0.4
-9999 0.91304 0.71795 0.925 0.95349 0.95349 0.95238 0.93182 0.90909 0.95122 1 1 0.93182 0.90476 -9999 0.6 0.85714 0.98837 0.98824 0.98824 1 0.61765 1 0.98824 0.97701 0.98864 0.98876 0.97727 1 1 0.52381 1 0.97727 1 0.92 0.42105 0.90476 0.95122 0.98837 0.97727 0.97727 0.98864 0.97674 1 0.98824 1 1 1 1 0.98824 0.80952 0.95122 0.95122 0.67568 0.5 0.78947 0.91304 -9999 -9999 0.95349 0.95349 0.95349 0.95349 0.95238 0.95238 0.94872 0.85714 0.90476 0.625 0.4 0.4 0.4 0.4 0.4 0.4
-9999 1 0.93182 1 1 1 1 0.98824 0.98876 1 1 0.98837 0.98824 0.52381 1 1 0.97701 0.88119 0.98876 0.98876 0.98876 0.97674 1 1 0.97727 0.98876 0.88119 0.98864 0.52381 0.375 0.92 0.80952 0.97727 0.95349 0.42857 -9999 -9999 0.7619 1 0.97701 0.97727 0.98876 0.98824 0.5119 0.5 0.925 1 0.97727 0.97701 0.98837 1 0.91304 0.5 0.92 0.33333 0 0.95833 0.86207 -9999 0.95349 0.95238 0.95238 0.95238 0.95238 0.95238 0.95122 0.85714 0.90476 0.6 0.4 0.4 0.4 0.4 0.4 0.4
-9999 0.87129 0.88119 0.87129 0.98876 0.88119 0.98876 0.98864 0.97727 0.97701 0.98837 0.97727 0.97701 0.97701 0.98876 0.97753 0.98876 0.98876 0.98876 0.88119 0.88119 1 0.92683 0.89286 0.97727 0.98876 0.88119 0.98864 0.98824 1 0.5119 0.5119 0.97674 0.92857 0.5 -9999 -9999 0.91304 1 0.97701 0.97701 0.98837 0.98824 0.5119 0.5119 0.95455 0.98824 0.97701 1 0.95455 0.90476 -9999 -9999 -9999 -9999 0.375 0.86207 0.86207 -9999 0.95238 0.95238 0.95238 0.95238 0.95238 0.95238 0.925 0.95833 1 0.6 0.4 0.4 0.4 0.4 0.4 0.4
-9999 0.88119 0.87129 0.88119 0.88119 0.9902 0.87129 0.97701 1 1 0.52381 0.5119 1 1 0.98824 0.98837 0.97701 0.97727 0.97727 0.98864 0.98876 1 0.725 0.90476 0.97674 0.98864 0.98864 0.97727 0.97727 0.98864 1 0.95122 0.5 0.8 0.8 0 0 0.92 1 0.98837 0.98824 0.98837 1 0.95122 0.82143 0.67568 0.61765 1 0.5119 0.95122 0.8 -9999 -9999 -9999 -9999 0.91304 0.91304 0.86207 -9999 -9999 0.95238 0.95238 0.95238 0.95238 0.95238 0.925 0.95833 1 0.375 0.4 0.4 0.4 0.4 0.4 0.4
-9999 0.98876 0.97727 0.97727 0.98864 0.98876 0.97701 1 0.5119 0.95122 0.75676 0.91304 0.82143 0.95122 0.5119 0.5119 0.93023 0.86207 0.92857 1 0.97701 0.97674 1 0.98837 0.98837 0.98837 0.98824 1 0.97674 0.97727 1 0.71795 0.8 0.8 0.86957 0.67568 0.47368 0.89286 0.52381 0.5119 0.92683 0.95455 0.88 0.90476 0.4375 0.8 0.82143 0.95238 0.52381 1 0.5119 0.6 -9999 -9999 -9999 -9999 0.625 0.86364 0.95122 -9999 0.95238 0.95238 0.95238 0.95238 0.95238 0.95 0.95833 1 0.375 0.4 0.4 0.4 0.4 0.4 0.4
-9999 0.97727 0.98824 1 0.93023 0.92 0.82143 0.725 0.93023 0.95122 0.74359 0.91304 0.89286 0.95122 0.5119 0.72414 0.95122 0.92 0.91667 0.91304 0.85714 0.91304 0.74359 1 1 1 1 0.61765 0.95122 0.52381 0.82143 0.91304 0.925 0.91304 0.88 0.925 0.725 0.92 0.92 0 -9999 -9999 -9999 0.6 0.5 0.82143 0.93023 1 1 0.98837 1 0.8 -9999 -9999 -9999 -9999 -9999 0.78947 0.95122 -9999 0.95238 0.95238 0.95238 0.95238 0.95238 0.95122 0.92 0.90476 0.625 0.4 0.4 0.4 0.4 0.4 0.4
-9999 0.97674 0.98824 0.5119 0.71795 0.4375 0.92 0.74359 0.95349 0.93182 0.95455 0.52381 0.5119 1 1 0.98824 1 0.98824 0.725 0.78947 -9999 -9999 0.7619 0.93023 0.5119 0.95122 0.5119 0.4375 -9999 -9999 -9999 -9999 -9999 0.66667 0.66667 -9999 0.6 -9999 -9999 -9999 -9999 -9999 0 0.7619 0.95238 0.93182 0.52381 0.98824 1 1 0.93023 0.33333 -9999 -9999 -9999 -9999 0 0.84211 0.86207 -9999 -9999 0.95238 0.95238 0.95238 0.95238 0.95122 0.92 0.90476 0.33333 0.6 0.4 0.4 0.4 0.4 0.4
-9999 0.98824 1 0.5119 0.95238 0.93023 0.95349 0.93182 0.5119 0.5119 0.52381 0.52381 1 0.98824 0.97727 0.97674 1 0.93182 0.75676 0.85714 0.93023 0.91304 0.92 0.93023 0.71795 0.91304 -9999 -9999 -9999 -9999 -9999 -9999 0.91667 0.91304 0.5 0.33333 0.4375 0.5 0.42105 -9999 -9999 -9999 0.5 0.90476 0.71795 0.90909 0.82143 0.93182 1 0.95349 0.90476 -9999 -9999 -9999 -9999 0 0.5 0.91667 0.71795 0.71795 -9999 0.95238 0.95238 0.95238 0.95238 0.95122 0.92 1 0.625 0.6 0.4 0.4 0.4 0.4 0.4
-9999 0.98824 0.93182 0.95122 0.93023 0.93182 0.5119 0.52381 0.80952 1 1 1 0.98824 0.97701 0.98876 0.97674 0.5119 0.71795 0.82143 0.95238 0.98837 0.93182 0.82143 0.5 0.91667 0.92 0.95122 0.85714 0.95455 0.85185 0.42105 0.84211 0.88 0.91304 0.88 0.93103 0.73684 0.95122 0.70732 -9999 -9999 -9999 0 0 -9999 -9999 0.33333 0.92 0.71795 0.725 0.91304 -9999 -9999 -9999 -9999 0.91667 1 0.95349 0.74359 0.93182 -9999 0.95238 0.95238 0.95238 0.95238 0.97561 0.92 1 0.625 0.375 0.6 0.6 0.4 0.4 0.4
-9999 0.98837 1 0.5119 0.93182 0.5119 1 1 1 1 1 0.98824 1 1 0.98837 0.69048 0.75676 0.8 0.84211 0.73684 1 0.95349 0.92 0.46667 0.85714 0.95349 1 0.5119 0.75676 0.91304 0.91667 0.91304 0 0.84211 0.86364 0.91667 0.90476 0.86207 0.86207 -9999 0.6 0.95455 0.90476 0 -9999 -9999 0.33333 0.91667 0.92 0.91304 0.7619 0 -9999 -9999 0.66667 0.75676 1 1 1 1 -9999 -9999 0.95238 0.95238 0.95238 0.95122 0.95833 0.84211 0.625 0.6 0.6 0.4 0.4 0.4 0.4
-9999 0.98837 0.98824 1 1 0.52381 1 0.98824 0.98824 1 0.5119 0.92 0.92 0.92 0.85185 0.90476 0.4375 -9999 0.625 0.85714 0.80952 1 0.5119 1 0.52381 1 0.97701 1 0.925 0.90476 0.86364 0.75676 0.98824 0.95122 0.95652 0 0 0.91667 1 0.85714 0.84211 0.5 0.4375 0 -9999 0.6 0.91667 0.90698 0.82143 0.42105 0.90476 0.90476 0.90476 0.6 0.90476 0.90698 0.98824 0.98824 0.98837 0.98824 1 -9999 0.95238 0.95238 0.95238 0.95 0.95652 0.5625 0.6 0.4 0.4 0.4 0.4 0.4 0.4
